1111110111101011
1011011111111111
1111111011110111
1110111111111110
1111000011111111
1011110111110111
1111111011111011
1111111101111101
1111001111101111
1011101110110111
1111111111110011
1011110011111110
1110101111111101
1111100111111011
1111111101101110
1111101111101101
1111111010101101
1111100101111111
1111101010101111
1111011111101110
1111101101110111
1011101011111101
1111001110110111
1111101001111111
1110101110110111
1011101111100111
1111110101101111
1111101010111101
0111111111111111
1111111101100111
1110101101101111
1111011111111101
1110110101111111
1111110111101110
1011101110101011
1110110111101111
1111011010111111
1011111111100101
1010111111110111
1111111111111010
1010101111111111
1011111100111110
1110000111111111
1111101111110110
1011101110111100
1110111011111111
1111011100110110
1011111100101111
1111011001111110
1011111110101110
1111111111011111
1111111110101100
1111110110111111
1111101100101011
1010111101111111
1110111111111001
1111111011111100
1111000111110111
1101111111111111
1111100111100111
1110101111111011
1011101100111011
1110111100111111
1110111110111011
1111010111111110
1111111111101001