1111011110111110
1111111010110101
1101111110110101
1111111011111011
1111111111101111
1111110110111011
1110011111111111
1101011011111110
1101011111111011
1110110111111001
1011111111111111
1111101111111111
1111111101111111
1111010111111011
0111111111111111
1111011111110011
1101011111110111
1111110110111101
1111110111110101
1101110111111010
1110111111110111
1111111111110110
1101111111111100
1110111011111110
1111011110111001
1111110110111110
1111111111011111
1101011110111101
1101110011110111
1110111111111000
1111111110111010
1100111111111111
1110111010111111
1110110111111110
1101011010111111