0110101101011111
1110101011101111
1111111011110111
1101111100111111
1110111111111101
1111111101111101
1111101100011111
1011101011111111
1100101110111111
0111111011111101
1011001111111111
0011101111110110
1001111111111110
1111101110011110
1101011110101111
1111111101111110
1011111111101110
0100111101111111
0111101111111101
1101001111111110
0110111111111110
0001101111111111
1111110111111111
1110111110011111
1110101111001111
1110111110110111
1111111010111100
1011111111110101
1101111111111101
1011101111101111
1111011110011111
0110101011111111
0111011111111111
1111011101010111
1011011111011111
1101101111110111
1111111000011111
1101101011111111
1011111101101111
1110111010111111
1111111111011101
1011111111011110
1011101111010111
1100111111100111
1111111111101101
1111101011011111
1111101111000111
1011111011001111
0111111111010111
0111111110111111
1110011111111111
1011011110111110
0111111111001111
0101111111110110
1101111111011111
0001111101111111
1010111111111110
0011101101011111
1111111111000110
0110111101101111
1101001111101111
0010111011011111
1111101110110111
0101111011111111
1011011110110111
1111101101101111
1111011111111101
0111111111110101
1111011100100111
1111111111111011
1001111110110111
1110101111110111
1111101011111101
1011111111100111
1101111111101110
1110101110111110
1111001111110110
1101111001101111
0000111111111111
1111001111011110
1001111011111111
1110111111001110
1111101011111110
1111101110111101
1111011111001111