1011111101011011
1011011111111111
0111101110111110
1111011111011111
1110111111111111
1111110100011111
1011110111111011
1111111111111101
1111111001111011
1111111001011111
0111110111111111
1111101010111111
1111011101111111
1011111110011110
1111111101101111
0111011011111111
1011110101111111
1011111001111111
1011111011111011
1011111111101110
1111111011001111
1111011110111111
1111101111101110
0111111101111111
1111001011111111
0111001111111110
0111111111101110
1011101111111111
1111110110011011
1111111011111110
1111111111110111
1111111110001111
1111111111101011
1111110110111110
1111111101011110
0111011111101111
0011111111111111
0111111010111111
1011111111111010
1111000111111010
0111111111011011
1111101101111110
1101111111111111
1111111100111110
1111111100011011
1111101101011011
1111110011111011
1111110111101111