0111111111111011
1111101011101111
1001111111011111
0110111011111111
1001101111111111
1111000011111111
1110111101111110
1011110111111010
0110110111111111
1101110111101100
1111011001111011
1111111011101011
1011001111111111
0111101111111110
1100100111101111
0111011101111110
0101111111011111
1111101111111101
1110111111111100
1110011111101111
1110010011111111
1111011111101101
1110101111111110
1101010011111110
1111010111111011
1101101111101110
0111110011101111
1011011111101010
1111101101111111
0111011111001111
1111111111110111
1111111101111001
1111101111001111
0011011111111110
1101111101111100
1111010111001111
0100101111111111
1110111111011111
0111111111111100
1001111111111010
1101111001111111
1111101111111011
1101101011111111
1111110011111011
1101101111011110
1111011011111101
1111111111011101
0101110111111101
1001011111111011
1100111111111010
0011111111011110
1110111011111010
1111111011011111
1001110111101110
1011110111101011
0011111011111111
1110111101101111
1111100011111110
1111111111011011
1101011101111110
1111010111011110
1100110111111001
1001110011111111
0101011011111110
1100111101111111
1111111110111111
0111111101101110
0111010111011111
1110111011111001
0101111101101111
1011111111111101
1101110111101011
0011101111111111
1110011111111101
1011010111011111
1111001011111110
1110110111101110
1111110101111111
0111001111111111
1010101111111111
1101011111011110
0110111111101110
1101011111101111
1011111101111111
1111111101101011
0111100111011111
1111011001111110
1110011111111010
1110111011101110
0001111111111111
1111111111001110
1111011011101110
1000011011111111
1010111011101111
1111111011101101