0011111111110111
1111111110000111
0111110101101111
1011110101110111
1110111111111111
1111111111111100
1111111110010110
0111111101001111
1011101111011111
1111110100111111
1111100101111110
0011111101111111
1001111111010111
0011111111101111
1011111111111110
1111110101111101
0101111111011111
1111101111111101
1011111110001111
0111111110101111
1111110111011111
1011111111111101
1111101101011110
0111101101110111
1101111100011111
1101101111101111
1101111110101111
0011101111111111
1111101101101111
0111111111111110
1111111111111011
1111111011111111
1111101110111111
1101111111111101
0101110111111111
1111101111100111
1111011111111111
1101110110111111
0011111110011111
1111111111110101
1101101111110111
1111111111001101
1101111111111110
1101101111011111
1101111101010111
1011111110010111
0101111110110111
1011110111100111