1111011111110110
0011111110111111
0111111111111011
1111111111111101
1011110111011111
1011101111011110
1111110111110110
0110111111011110
1111111101111111
1010111111101111
1010011111111111
1111111111010110
1010111111110111
1111010110111111
1111111011111111
1010110111111111
1111101111001111
1111011110110111
1011010111111111
0011110111110111
1101111111111111
1111110110100111
1111110111000111
1011100111101111
1111110111111011
0010111111011111
1111111110010111
1111111111011011
1111011111111011
1011111111010111
1111111110111110
1110111110111111
1011110110111111
0110010111111110
1110101111011111
1111111111111010
1110000111111111
1011111111100111
1111101110111111
0111011111011111
1011011111001111
1111101111110111
0111111111101111
1111011111001110