1011111011011110
0110110111011111
0110011011110110
1111110011101111
1001011011101111
1111110111110001
1110110110011111
1101110111110101
1011111100110111
1011101110110111
1100111101110111
1111111111111100
0001011111111111
1010110111111011
1000111101111111
1111101011110110
1011111111100011
1111101111010111
1011111011100111
1111110111101001
1111101000111111
0111101111111111
1100011011111111
1111111011101011
1111111110100111
1001011101110111
1110110111110111
0011111101110101
0111110111011101
1111101110011111
0101111111011111
1111101111111101
1011111110110101
0111111110101111
1100111110111111
1101010011111111
1110101111111111
1110111011001111
1111111100011110
1011011111111110
1110111111010110
1001111111111101
1101101111101111
1110110110111101
0001111111110110
0110111101011101
1110111110011110
1010111111110111
1011101101111111
1111111011111101
1111010110111111
0111110111111011
1110111110110110
1011101111101111
1111111110011101
1111011110110111
0010111111111110
0110111111110011
0011111011111011
1111101110101111
0111111101011110
1010111011111111
0011111011101111
1011111001110111
1101101011111111
0101111111101111
1110010111111111
1111111010111110
1110111010111111
1111011001110111
0111111001111110
1110111111101001
1101110111101111
0010111111111001
1111101010110111
0011111100111111
0001110111111110
0110111110011111
0011111101111001
1111111010101111
1000111111001111
1001111110111111
0101010111111111
1011111011110110
1111011111011111
1101101101111110
0111111111010111
1100111011111110
0011111101011111
1011111000111111
1111111100010111
0011111111100101
0110111100111111
1111111110010110
1111111001011111
0111111100111110
1111111111101110
1110011101111110
1101111101011110
1111111111011011
1111011111111011
1011111111010110
0100111111110111
1111111101101111
0001111101111111
0011110111011111
1100111111000111
1110110111011110
0111110111110111
1101111111111011
1111101011111011
1111101001111110
0110111110111101
1111101110110110
0111111001111011
0101111011111111
1011011001111111
1011111101011110
0111111010011111
1101011111110110
1111011111111101
1100110011111111
1111001011111111
1110110111101111
1111110101111111
1111111111111010
0110111111101111
0110110011111111
1101111011110111
0111111111100011
1111010111110111
1011011111100111
1110011001111111
1101111011011110
1111011001111110
1111001111110111
1111111111010101
1011110111101111
1101110110111111
1111110011110110
1110111110101101
1111100111111111
1111001110111111
1010111101111110
1100111111110101
0111110110111111
1110011111100111
1111110011011111
1111111110111011
1111111101110001
1011111101110011
1111011100111110
1111101111101011