0111111111111011
0101111111111111
0111111011111110
1011011101111111
0111101111011111
1100111100111111
0111011111111101
1110111101111100
1100111111110110
1111101100011111
1101101110111111
0110101101111111
1100011011111111
1101111011011011
1101001111111001
0111001110111111
1110011011111011
0110101111111110
0110111111011111
1100101101110111
1011111001111111
1111111011110101
1111111011110110
1101101111011011
1001111111111101
1111111111010111
1110011101110111
1011111111011111
0110011110111111
1111111110011110
1111110111111111
1111011011011111
1101101101111011
1010111110111110
0111111111111100
1010011110111111
1101011101110001
0011111111111111
0110111100111110
0111011001111111
1000111101111110
1111101101110011
1111111110110111
1111011111101011
1110111111110101
1101111001111111
1111111010111111
1110101111111011
1011111111110111
1111111111011101
1100011101111101
1011011110111101
0111111100011111
1111011101011111
1010111111111101
1110111001111011
1110111111101111
1100111111011111
1101111101011110
0111111111110110
0111111101111101
1111111101101111
1101101111110011
1001111111101111
0111111110111101
1111111111101100
1111101111101110
1110111001111101
1101011111011111
1011101111111111
1111111111111010
1111101111110101
1111111101110110
1111111111001111
0111111111101101
1010111100111111
1101011111101111
1110111101011111
1100011110111101
1111001111110111
0111011111101111
1111011111111110
1101101111100111
1011111111111011
1111111100111101
1000111011111111
1111011011101111
1100111011110011
1111111110111011
1111101011111111
1110011100111111
1011111011101111
1110101110111101
1101001101111111
1101011011111101
1111101111101011