1110100111110111
1110011110111111
1111110011101111
1110111111111101
1111111101111101
1111101111111100
1101101111110101
1111011111101111
1110101111010111
1101110111110111
1110100111101111
0101101111010111
1111011111010111
1110111111110011
1111111011001111
1101101011011111
0111111011111111
1111011011111001
0111101111111101
1100111111010111
1111101111100101
0111011101110111
1111111011111110
1111111111110110
1110111011111111
0111011101011111
1111110110111111
0111111110111011
1111110111111101
1100101111110111
0111011111111110
1111101111111011
1101111111111110
1111111110011111
1111110011111011
0110111111111111
1111111101010111
1110011111110111
1101101110101101
0101111111001101
1111011010111011
1100110111111111
1110011111011110
0111111111101011
1101111111000101
1111110111100111
1111111111101110
1110011101111111
1111111111011011
1111111010100011
1011111111111111
1101111111111011
1111101001111111
1101111101111111
1111110111011111
1110111110111110
1110110111111011
1111101101011111
1111001111111111
1111011111110011
0101111111000111
1101110011111111
1110111110101111
1111101111011110
1111110101111111
1111111100111111
1111111111111010
0101101111101111
1101111011110111
1101100111101111
0101111110111111
1101111010111111
0111110111110011
0101111111100101
1111111011010111
0111101111001111
0111111110110111
1110111111100111