1101011111110111
0110111111111110
0011111111110111
1110110111111111
1011011111101111
1111111111111010
1011110111111011
1111111111111101
1101111111110011
1101011111101111
1110111011111111
0011111111111011
1001111111111111
1111111011101011
1111011011111111
1111111111011111
1110011111111110
1010111111111110
1010111111111011
1111110111110111
1111011111101011
0011110111101111
1110111111110011
1111101111111111
0101011111111111
1100111111111111
1111111110111111
1111111101111111
1011111111101110
0101111111101111
1101111111111110
1111010111111111