1011011111111111
1110111001110111
1111111111111110
1100111111110111
1101011010101111
0111111001111101
1110011110111001
0011111111101111
1011101111111001
0111111110101111
1100111110111111
1111111100011111
1111111000111111
0111011110111111
1111101111001111
1111101111100111
0111111110111011
1110011011111111
1101110011110111
1111101110101111
0111111101011111
1101111110001111
1111111111110101
1001111011101111
0101110101110111
0110111111111111
0111010011111111
1111011110101101
1101101111111111
1111111011111011
1011110111101011
1011111110011111
1111011110011011
1111110110101111
1001110111111011
1100111101111111
1011111101001111
1111001111111111
1101011111110111
1111011111110011
0001111110111111
1110111110101111
0111011111110111
1011111100111111
1001111010111111
1111101011111101
0011110110111111
1111101101011101
1101110111100111
0101111111111101
0111101111111011
1111100111111111
1010111111111011
1101110111110011
1001110001111111
0111111010111101
1111011101110111
1111110110111011
0111011111101011
1101011111111011
0111011101111111
1111111111010111
1101111001100111
1110111101100111
1110110111111111
1101010010111111
1010101101111111
1010111110111111
1111011010111101
1101111100100111
1011111111011101
1011101001101111
0111101011111111
1110101101111101
1111110111111101
1010111011111111
1111111101111011
0101111111101111
1011111111110111
1110111010111111
1111101010110111
0011101101111111
1111111101101101
0111110111101111
1111011101011111
1011111111001011
1011111110111011
1111010011110111
0101110111111011
1111101111011001
1111111001011111
1011110101101111
0111110100111111
1111110111011111
0101111100110111
1111111111100011
0101111011111111
1101111111011101
1111011101111101
1100011111011111
0101011111111111
1111111111001101
1111101110111101
1111101110110011
1110101100110111