0101111111111111
1111101011101111
0011111111110111
1101110110111101
1111111111111110
1111111010011111
1101111101001111
0111111011111101
1111101010111111
1111111001101111
1111110100111111
1011111001111111
1001110101111111
1110101111111111
1111111100011111
1011111111101111
1111111000111111
0111111111000111
1101101111101111
1111111101011101
1111101100111101
1110111110011111
1110111111110111
0111110110110111
1011111101010111
0111110110101111
1111111010100111
1111110101110111
1101111110001111
1100111111111111
1111110110100111
1110111010111111
0111111111001101
1111110011111111
0110110111101111
1011111010111111
0011111011111111
1111101101100111
1111101001111101
1101111011111111
0111101111101111
1111111101110101
1111110110101101
1011111111111101
1111110111011111
1001111101110111
0111111110111101
1111111011011101
0111111101111111
1101111111101101
1111111111111011
1010111100111111
1101110111100111
1110111011101111
1111011111111111
1111100111111111
1111111111100101
1101101101111101
1110111111001101
0110110110111111
1101111110110111
1111111110010101
0111110111111101