0110111111111010
1111101101101011
1011011111111111
1111001011111011
1011110011111101
1001101111111110
1110111111111101
1011111111101100
0111101111111110
1110011011111011
1011110101111111
1111111111001010
1011111011011010
1111111111110110
1111001011101111
0111101111110001
1110011011111110
1101100111111110
0111011011111011
1110101111111010
1111010111111110
0110101111110111
0111111001111111
1011101111101101
1110011111110111
0110010111111011
1101100111110011
0111110101101111
1101111111111001
1111101011111000
1001110111101110
1011110111101011
0101111111110111
1010111111111111
1001110111111011
1101111011111111
0111110111110111
1111110111111010
0110110111101011
1110101001111111
1011111101011110
1111011111111101
1110110101111111
1011110011100111
1111100111100011
1100011111101111
0111111111101101
1111111101110111
1111010111110111
0111111011011010
1111111011101110
0110011111101111
1101101111100111
1101100111110101
0111101111100111
1111011111100111
1111101111101010
1111001111101110
1111111101111101
1110111101111110
1111101011110111
1110100011111011
1111111001101111
0111011111101011
1101011111111011
1110011111101110
1111011111010111
1011100111111111
0110111101111111
1110101111101111
0110111011111011
0101111111101010
1011101101111111
0100111111101011
1110111111101010
1101011111111110
0011111111111111
1110111011011011
1111110111111100
0110111111011011
1111111111101001
1011111001011111
1111111111011100
0111111111000011
1011111111110011
1110011111011111
1111111011000101
0100111111101110
0111100011111011
0111111011101111
1011111011110101
1110111011111010
0101101111111011
0111111101001111
1111011101111111
1101111111011111
1110110111100011
0111111111010101
1011101111110101
1111111110111111
1111101101111010
1101111101111111
1111110111011111
1111101001111110
1111111011010011
1110110011111110
1101110111101011
1111001011111110
1011111111111001
1011111111001111
1111000111111111
0111110011111110
0110111011110111
1111111101101010
1110100111111110
1110110011110111
0101011111111111
0101100111111111
1001111111110111
1101010111111111
1111101111011111
1110101011111110