0111110111011111
1110100111110111
1111011101110111
0011111111001111
0011111111110111
1011011101111111
1110111001110111
1101111110111111
1111111101110011
0110110101111111
1111101110111011
1111111010111001
1101111111110111
1011110111011111
1111101111010111
1001111111111111
1111101010111111
0110111111111001
1111111001101111
1111111110100111
1111111101100101
1011111010101111
1111101101110110
0111111110101101
0111011101111111
1111101111111101
1111111011110101
1110111111110010
1011010110111111
0011111111101101
1111111001010111
1110111101011100
1110111111010111
1101101111101111
0100111101111111
1111110010110111
0111111111111110
0111111011111011
1110011001011111
1010111011011011
1010111111110111
1101111011111011
1110111101111001
1011001110101111
1111111011111110
0111100101110111
0011101111011011
1111101111001111
1101111111111100
0011100111111111
1111011110110111
1111110110111110
0110111101111101
0101111101111001
1011111111011101
0100111011011111
1111111011000111
1111110111111101
0110011111111111
0110100111111111
1111010001111111
1100101011111111
1110110111111110
1111111111010011
0111111111110001
1111111110101011
1011111111110011
1111100111100110
1110111011011001
1111110111111011
1111101011011111
1100101101111111
1111111110110001
1011111011110111
1100111111111011
1111011111011110
0111101101101111
1101110111111111
0111111111010111
1101101101111110
0111111011101111
1111100111011111
0111011011011111
1111111101101110
0110111111110111
0010111111111011
1110111111101111
1100111101011110
0011111011111111
1111010111011111
1111011101111110
1111111111011010
1111011111111011
0101111111001111
1011111111111110
0101111001011111
1110111101110101
1111000110111111
1011111110111001
1111101101111011
1111110111011110
1110111110111111
0111111010110111
1111101001111111
1111011011001111
1111111111101100
1101011101001111
1110110011111111
1111011011110111
1111011111111101
1111010110101111
1101111111101101
1110101111011111
1111111110001101
1111111100111111
1111111001111101
1010101111111111
1011010111101111
1111000101111111
1101111101001011
1111111010010111
1111101110111110
0011111110011011
1011111111100111
0011001111101111
0111111110011101
1011111010011111
1101101111111010
0101011111111111
1111011111100111
0010110111111111
1111101111101011