1011111011011110
1111011111111001
1111100101110111
0101111111111110
0111111011111110
1111110011111111
1011011111110101
1011111111111100
1111111001110111
1111011111011111
1110111101111101
1101110111111111
0011111111011111
1111111111110011
1101111111110111
0011111111111011
1111111111101111
0111110111111111
1111010111111101
1110011101111111
0110111111110111
0111111111111001
1111011011111011
1101111111011111
1101011111111010
1111011101110101
1001111111111110
0110101111111111
0110111111011110
1011110101111111
1111101111111101
1011111011111011
0101011111111011
1111111101111110
1111111110111111
1110110111011111
1101111101111111
1111110111111010
1011011111111110
1111111011011101
1001111111111101
1111111111010111
1010011111111111
1011111111011010
1111111111011000
0111111101111111
0111111011111011
0111011011111101
1111110111110101
1010111111111001
1011111011111101
1011101111111111
0111111111011100
1011110111111101
1011110111111110
1111000111111111
1111010111110111
1110101111110111
1110111011111111
1011110111011011
1110100111111110
0101111111111101
1010111111011101
1110011111111010
1111110111111100
1000111111111011
1111110101111001
0110011111111111
1110010111111111
1111010101111011
1110101111111011
1111101111011111
1111010111111110
1110111111011100
0111101111110111
1011011011111111