1111100111110111
1111110011101111
1110111111111110
1111101111111100
0111111101100111
1111111101111100
0111110101111110
1111101011110111
1110101111010111
0111101101111110
1101111011011011
1111110111001111
0111110111100111
1111011111010111
1110011111101111
1111111011001111
1111110101101111
0111101111111101
1111111011111110
1111110011010111
1101111111111101
0101110111111111
1111011011111111
1101011111111111
0111111111110011
1100111011101111
1101100111111111
1110110111111101
1110101101111101
1110111111110101
0101101111100111
1111101111111010
1101111111111110
1101101111011111
1111111111011101
1111111111010011
1111111111101101
1101110101111111
1111110111111011
1110100111011111
0111111111010111
0111000111011111
1101111011110011
0101101101111011
0111111111001111
1111011101111111
1110010111011111
1011111111111111
1100101111111111
1111111110111111
1101110111011111
0110101111101111
0110110111110111
1111101011111011
0111111001111011
1111111111100011
0101111011111111
1111101101101110
0111111111110101
1111011111111101
1110110101111111
1111100101111101
0110001111111111
1111110111110101
1111111001111101
0111111111101110
1101111001110111
1111011111011011
1110111111111011
1101111111001011
1111111111111001
1110111001111111
0110011111011111
1111111101101010
1111111101011111
1111011111111110
0111100111101111
0111111011011111
1110101011111111
1111111111100110
1111111001100111