1111101011101111
0011111111110111
0110111011111111
1111111111111110
1011101111111011
1101111110111111
1100111101110111
1111111111110011
0111111101100111
1000111101111111
0111101110101111
1111101011110111
1011011011110111
1111101111111101
1110011111101111
1111111100011111
1111111111010111
0011111110111011
1111111100101111
1011111111011111
0111111110011011
1111110111111111
1111101101111111
1100111101111101
0001111101101111
1110111111011111
1110111111101011
1101011111111111
0111111111111101
0011101110111111
0001111101111011
0011111011101111
1010111011111111
0111101111101011
1110011111110111
0101101011011111
1111111101101101
1110001111111111
1101111111100111
1100111011111101
1111111011111011
1101111111111001
0010111111111011
1101111101011111
1110111101101111
1111111011100101
1111011101111111
1110111110111111
1011111111111101
1001111101110111
0111011110101111
1111001110011111
1111011111111101
1111001011111111
0111001111111111
1011011011101111
1111111111001111
0111011111011111
1111001111110111
1011111110101111
0111111010111111
0101111111011011
1111111001111111
1110111111111001
1101111111110101
1000111111110111