0100111111111111
1111100111110111
0011111101110111
0111111100101111
1000101111111111
1101111101110111
1110111101111110
1111111111110011
1111111111111101
1101101110111110
1101111111101010
0111110111111110
0111101111111111
1111110110111010
1101111101101111
1011110101111111
0101111111101011
1011100111111111
1011111111101111
0011110011111111
1101101111101111
1111110010110111
1101100110111111
1111111101111010
1011111110111111
1110111111110111
1010101101111111
1011110111111110
1111111111110110
0111110110110111
1110111011111111
1110101100111111
1110110110111111
1111111111011111
1100100111111111
0111110011110111
1101101011111110
1111101101111110
1111111010111110
0111111010101111
0111111011101110
0011111011111110
0110111110111111
1010111111111110
1101111110101111
0101111011111111
0111111101111110
1110101101101111
1111111111100111
1011110011110111
1110111111111011
0110111111101110
1111100111111110
1111011111111111
1101110110111110
1011111101111110
1011111111111011
1111111001111111
0111110101110111
1101111010111111
1101111101111011
1001111111110111
1111110111101111
1111101111101010