0101111101111110
0011111110111111
1001111111011111
1110011110111111
1001101111111111
1010101111111011
1101111100111111
1111000011111111
1011101001111111
1101101110111111
0111110101111111
0110110111111111
1101111111110111
1001111101111111
1111101100111011
1101111011101111
0111111111111001
1111011011111011
0111101111111110
0110101111111111
1111100100011111
1111101110011110
1111100111010111
1011111011111011
1110011111101110
0111111111011111
1111101111111101
1111110011011011
1111111011110110
1111111111110001
1111111010111011
1110101111111110
1101101011011111
1010011111111111
0111111011111111
0011111101111101
1110001111111011
1111011010111111
1111110111111110
0111011110111110
1011111011111100
1111111111000101
1111111110110101
1101111011111011
1111010110111111
1110111101111010
1111111101111000
1101111111111100
0011011111111110
1110111011111110
1111111110011100
1111111111101011
1110111010111101
1011111111011000
0110111111111100
1111110000111111
1110110110111111
1101011111111111
0111110110101111
1110110111111101
1111111011000111
0111111110100111
1101111110001111
1100111001111111
0110011111111111
1011110111111111
0111111111100101
1110110111011011
1111111000011111
0101111111101111
1011111111110111
1011111101101111
0111111100111101
1110111111010011
1110111111011101
1111101010110111
1010111111011111
1111111010101110
1110011111011111
1010111111111101
1110111010101111
1011111100111011
1011111000111111
1110111110010111
1110010111110011
1101111101111001
1111001011110111
1111110111100111
1011111100011111
1111111101101110
1101111101011111
1100111111011111
1111011111111010
1110111101101111
1111010111011111
1101110010111111
1101111111011110
1111011101111111
1101100101111111
1111110011111101
1111111011011110
1111011110001110
1101110101111101
0111011111111011
1001111111101111
1101111010011111
1110111110111110
1111111011011101
1110111111101100
1111101111101111
1111100110111011
1111011111111101
1111110010001111
1111110001111011
1111011110111011
1100110011111111
1111110101001101
1110101111011111
1111101011011011
0111011111110111
0110111111101110
1111100101011011
1111101111110110
1111111110111001
1111111101110111
1111111010010111
1111101011110011
1111111001011011
0111111100111011
1100111111101111
1110100111111111
1111011011010111
1110111100111101
1111001111011111
1111001110111111
1111010111101111
1111101110011011
1110011111100111
1111011011101111
1011101110111111
1101111010111110
0111101100111111
1001111011111101
1011111101111100
1111101011111110
1100111010111111
0111110111111101
1111111101011001
1111111011101101