0011101101111111
1011111011011111
1111011101110111
0011111111110111
1111101111000111
1111111111111110
1111111001110111
0011101111101111
1110111111111111
1111111111111101
1111101101100111
0111011101101111
1011001011111111
1111111110111111
1111101101011111
1111011011110111
0111011111100111
0111111011010111
1111110111111111
1111111111111011
1011011011101111
0111011111001111
1111111101001111
1111001111110111
1011101101101111
1011011111001111
0111111101011111
0011101111011111
1101111111111111
0111101111001111
1011101111010111
0111101111110111