1111110010110011
1111100110111111
1101111111010111
0011111111110111
1101110101111111
1001101111111111
1111111111111110
1011101111111011
1110111111111111
1011111010111111
1011111100110111
1001111101111111
1111111111101111
1111111111011011
1111100011111111
1011111111010111
1111110101111101
1101111110110011
1101111011111111
0111110101110011
1111101011111011
0011110111111011
0111111011111111
1111111101011101
1111110100110011
1111110110111101
1101110110110111
1111110111110101
1111101101111111
1111111011111101
1111101111110101
1111111111111001
0011110110111111
1101111111111101
1111011111111111
0111101110011111
0111101111011101
1101100111111111
0111110111010111
1011101011011111
1111110010010111
0111111101011111
1011100111110111
1101110111110011
0011111110011111
1011110101111011
1111111001111111
1011111110111101
1001110110011111
1011100111011111
1101111101111011
1111101110110011
0111111110110111