0101111101111111
1110101111101011
1011011101111111
1110101011101111
0110111011111111
1111110011101111
0100011110111111
1001101111111111
1111101111110001
1111101111110010
1111111111111100
0001011111111111
0110110111111110
0101011111110111
1111101111010110
1100111111101011
0111101111111111
1001011110111111
0011111111110001
1111001111011011
0111111010111011
1111110111110110
0111111101011010
1011101111111001
1110011111101110
1111011111010110
1110111101111111
1101011110101111
1011111011111010
1101111100111001
1110111111110011
1111101110011101
1011111000110111
1111111100011111
1101001110110111
1010011111111111
1100001111111111
1011111111011010
0111111011111010
1011101110101011
1101110110110111
1010111111110111
1011011110011111
1010111011111101
1111010110111111
1011111010111011
1100111111111101
1010111110111111
0100110111111111
1111101100111111
1010101111101110
1111011110110110
1110111010111101
1111110110111110
1111011011111111
0010111111111110
1110110110111111
1011001111111011
1011101011011110
0110111110111011
1111110111111101
1111011111101011
1011110111111111
1111111011110011
1111101101111110
1111101110010111
1110010111111111
1101111111111110
1011101111101101
1111000111011111
0101111110110111
0111110011011110
1111111101010111
1111001111111110
0110111110011111
1011101110011111
0111111110011110
1110111110101011
1111111010110101
1111110111111011
1011111111110010
1110101011011110
1011111001110101
0011111111011111
1011111000111110
0011011110111011
1111101011111001
1110111011111011
1111111001011110
1111111000110110
1110111010110110
1011111011101001
1011101011101111
0111111111110110
1101111111011111
1111111101101111
1011101011011011
0011111101111111
1111011110011011
0111111111010101
1001111110111001
0111011111111010
1101101111110011
1101111011111111
1011101111110101
1110110111011110
1111101010011010
1011111010111101
0111111000111101
1000111111101111
1111101001111111
1111111110010001
1111101110110110
0111111100111001
1111111011011101
1101011100111011
1111011111110011
1011111101011110
1111001110011111
1100011111110111
1111111110101110
1111011111111101
1110111011101101
1111111111100111
0011111010111111
1111011100111010
1110110111101110
1111111010101011
1011101011010111
1111110101111111
0101011110111011
0110111111011101
1111111111001111
1001111110110111
1111111010010111
1110101111110111
1101101110111011
0110011111011110
1110101111011101
1111001101110111
1110101110111110
1111100111111110
0111111110110001
1111111011101110
1111111110101101
1110011111111011
1111110011110111
1110001111011111
0111111010111110
1010111111111011
0011011111110111
0111111111101111
1110111110010101
1011111101110011
0111011110011111
1101111111110101
0110111110110111
1111111000111010
0101111110111001
1101001111111011