0111111111111011
0111111111111110
1110110111111111
1101110011111111
1101110101111111
1111101101111111
1011110111111110
1111111111111101
1111000111111111
1111111111110111
0010001111111111
0111110111111111
1111111111101111
1111011011111111
1111111111011111
1111011111111110
0010111101111111
1111011111111011
1101100111111011
1011111111111011
0001111111111111
1010111101111110
1111111001111111
1011111011111111
1111111110111111
1100111111111111
1111111101111011
1101101011111111
1101111111111110
1111101011111110
1110101011111111
0111111011111111