0011111011111101
0101111111111111
1101111111011001
1111110110111001
1011111110011001
0111010111111011
1011011111101111
1110011111011111
1011111011001111
1111111011111011
1100111011111111
0111111011101111
1111111111111100
1101111111101011
0111110111111110
1001111111111111
1111011111111010
1110011111111110
1101111110101101
1110111111011011
1010111111111110
1100111110111101
1111011111101110
0111111111011111
1111111111001001
1111101111111111
1111111101111111
1011111111101110
1101010011111111
0011011111111101
1110111110111110
1111110111011111
1111011110111111
0110111111111110
1111111110101110
1110110111111111
1111111110001101
1101011111011111
1101111011001111
0111111111101101
1111111111110111
1010111110111111
1110111110001111
0010111111111111
1111111111011110
1111110010111111
1110011111111011
0111010111111101
0111111110111011
1011011111111001
1101111110001111
1111011111101011
1011110111111111
1110111111111001
1111011111011101
1101111111001101
1101111111111110
1111111010111110
0111010111101111
1101011011111101
1111111011101101