0101111101111111
0010111111110111
1101111111100111
0111111111010111
1101111101110111
1111111101110011
1111111111111101
1101111111001111
0110111100111111
0111101101111111
0010111111111011
1111111011101011
0011111011111111
1101111111011110
1110101111100111
1111101100101111
0110111111011111
1110101111010011
0101111011101111
1100101111111111
1001111111101111
1111111110111110
1111111011001110
1101111111111011
1101111010011111
1011111101110111
1010111110100111
0111111111111110
1011111111011111
0111101111011011
1111110111111111
1111111111111010
1011101111111111
1111111111110110
1111101111001111
1110111011111111
1110101110111111
1110111110001111
1100111111101110
1111111101101011
1011111100101111
0011111110110111
1111011111111111
0111111111110011
1111111010100111
0111101011111111
0110101111111011
1101101100111111
0111111011011111
1001111011111110
1111111001111111
1111111110111011
1110101101111111
1111101011111110
1100111110011111
1010111101101110
1011111011101111
0100111110110111
0111101111110111