0101111101111110
0100111111111111
1111101110100111
0111101111011110
1111111110000111
1101111110111111
1110111111111101
1111001111101110
1100111111110111
1111111101111100
0111101101111111
1010111011100111
1111111011101011
1111101010111110
1111011010110011
1111011011100111
1111111111001011
1110111101111111
1111111010111010
1111111100011111
1011111111011011
1111111101010011
0101111111111011
1111111100101111
1111111101100111
1000011111111111
1011011101111011
1111110111111111
0111011110111110
0111011101110111
1111111011111101
1111101100111111
1111111110011101
1100111111011011
1100011111111010
0111111111111101
0011111111111111
0111101011111110
1110111011011010
0111111111011010
0110011111111111
1111011111011101
1111101111111011
1111111111110101
0110101111110111
1110011011011011
1010111111101011
1110111111010011
1101111111011001
1110001111111111
0111101110111110
1011111111110011
1111101011011111
1111011111011110
1011111011001111
0111111111010111
1101101111111111
1100111011111111
1111011110101111
1101111111111000
1010111010111111
1111001101111101
1111111101101110
0111111101110110
1101111111011110
1101011101111111
0110111110111111
0111111011011011
1011111111111110
0111011011111111
1110111110111110
1011111111111101
1011111101110111
0111111110110011
1111111111100010
1111011011110110
1111011111111100
1111111110101110
1010011110110111
1110101111011110
1101011011011011
1011011011101111
1011101111111111
1110011111100011
1101111011110111
1110101110111111
0111111100111011
1111111101011110
1111111110100011
1110111011101110
1011111010011111
1101111111101111
1111001110111111
1001111011111111
1111111001111111
1111001101101111
0101011111111110
1111111111001100
1111011011101110
1001011111011111
1110111111001111
0111111111101111
1110111011010111
1110101011111111
1101111101010111