1111011111111001
1001111111011111
1111011110011101
0111111110011111
1111001111011101
1111111111111110
1001111110111111
1101110111111111
1111001111101101
1110111111111111
1111011110101111
1111011101100101
1011101011111111
1011111111101101
1101001110111111
0101011111011111
0111110111111111
0111101111111111
1111111111011011
1011111110011111
1111100101111111
1111110101111101
0011011111110011
1111111111110001
1111010101111111
1101101011011111
1111110111011111
1111111001010111
0111111011111111
0111111101111111
1111101110101101
1111111100111111
1111111001110011
1111111101001111
1111101101110101
1111111011111101
1101111011110111
1111000111111111
1111111010010111
1101111111110011
1111101111001111
1111010111110111
1101011111101111
1011111101111111
1101111101111101
1111111111101011
1111011011111111
1111100110110111
1111111011101111
1111101101101101
1111110010111111
1111001110010111
0111111111111101
1011011111001111
1101011111110101
1101011101010111
1011100111110111
1101011111011101
0111111110100111
1101111110110111
1111101111111011
1111111111001101
1011101110111111
1111111110111011
0101111111101111
1111111110010101
1011110011110011
1111101111010101
1111110111101111
1101001101111111
1011101111010111