0101111111111111
1101111111101001
1111111111111110
0111011111111101
1011110111111011
1011101011111111
1011001111111111
0111111111111001
1101110111001111
1111111111001011
1110011111101101
0111101001111101
1001111111111101
1111111101011101
0111100110111111
1111111111110111
1111111010111101
1111001111001111
1101011111111111
1110010111011011
0111000111111111
0011101110111111
1111101111111011
0111001111011111
1110101101111111
1110111111011101
1110011011111101
1111110101101011
1011011011111111
0110111111111111
1111110011111111
1011100111101111
1110001111111111
1111101011011111
1101101111111111
1111111011111011
1011011110111111
1111101111101101
1101111110101101
1111011101111111
0011111101111111
1011011111101001
1010111111111111
1111001010111111
1111000110111111
0111011111111011
1110111110111111
1101111101111111
1111101101011111
1111111111011001
0111111010011111
1101111111011101
1111100111111101
1011010111011111
1110110111101111
1111111100111111
1001111011001111
1111111110001111
0011110110111111
1111101111011101
1111001011111101
1011111110101111
0111010110111111
1110110101111001
1111010111101111
1100110111111101
1011101111111101
1111011011101111
0011111111011101
1111111110111011
0111111111101111
1101111010111111
0111011110011111
1011111101111101
1111101110111101
0011011111011111
1111010110011111