0110111111111010
1111101011101111
0010111110111110
1110011110111111
0111011111111101
1111101111110001
0011011011111111
1111001111101110
1101111111001111
1110101111111101
0011011111111011
1101101110111111
1111011010110111
1111101100111011
1111011110111101
0111111011111101
1111101000111111
0111101111111111
1110101010111111
1111111001101111
1111111110100111
1101011111111011
1111011011111011
1111001011011111
0011111111101111
1111101101001111
0101111111011110
1111111011110101
1110111111111100
1100111110111111
1111111011001111
0101111111101011
1101101111101110
0110111101111110
0111011111010111
0011111110111010
0111111011111011
0101111111111010
1011111111011111
1110111100101111
0011111111110011
1001011111101110
1110001111111011
1111011011011110
1111110111111111
1110111111110111
0111111101011101
1111111111110110
1100111111011011
1100011111111111
1110011011111111
1111101101111101
1111011111010011
1111011111011101
1101101111110111
1111101111111010
1011111111101011
0110111100111101
1111101001111011
1111111110011111
1101101111011111
0111111001111110
1101101111101011
0101111110110111
1101011111111101
1110011111011110
1001111101101111
1100111111111010
1011111011110111
0111111111101010
1011111010111110
1111011111100101
1111111110110011
1101111111111001
0111011011011111
1111111001011111
0000111111111110
1101111101011111
1111001111110011
1111111101011011
1111001111111101
1111101111100011
1110111111101110
1111101111101101
0010111101111111
1111011101111111
1110111111011010
0111111111010101
1111111111000111
1100111101111111
0001011110111110
1101111011111111
0111111101101111
1011111111111101
0111011110101111
0111111110111100
1110111111101101
1110011111111101
1111011111111100
1101111111011101
1111111110101110
1111001011111110
1110101101011110
1111111001111101
1011101111111111
0111111111010011
1110101011011011
1111111101110111
1111101011111101
1110111100111001
1001111101111011
1111101111010011
1111111101101011
1111111011101110
0101111111111101
0101111111110011
1111001110111111
0110111010111111
1111111111001110
1111011011101111
1110111111001111
1111111100111110
1101111111110101
1111101110111101
1010111011101111