1111110011101111
0101011110111111
1111111011110111
1110111111111111
1101101111110101
1111111111110011
1101101110111111
1111011110111101
1111110110111011
1111011001111011
1101101101110111
1111111111001011
1111110100100111
1111111011001110
1111111010111011
1111111111010111
1101011001111101
0111111111111010
1101110110011111
1101111111111100
1111111111101010
1111101100111110
0101110111111111
1111110110111110
1111110000111111
1101011011111011
1111011111110101
0111110110101111
0111111111111101
1111110111111100
0111011011111011
1101110011011111
1111111111110100
1111110111011011
1111111111011101
1111110110001111
1111111111101101
1111111010101111
0111111110011111
1101111111111010
1111010010111111
1101110111111110
1111011111011111
1101010100111111
0111111111110110
1011111111111111
0101011111111011
1111101110110111
1111101111101111
0111111101111111
1101110100110111
1111111001111100
1111000111111111
1111011101101011
1111111111111001
1111111001011011
1111001111110111
1111011111111110
1101111111101111
0111111011011111
1101101101111101
1101110111111101
1111011011101111
1111110011011110
1111010110110111
1111101011111111
1101111010111111
1101111101111011
1111101111011111
1101001111111011