0101111111111111
1110111111111111
1001101111111101
1001111101111111
0111110111111111
0111101111111111
1101111011101111
1011001111111111
1101110100111111
1101111101101111
0011011111101101
1111101111111110
0111111110101111
1111111000111111
1111110100111101
1111111100101111
1011111111011111
0011111111111100
1111101101111111
1111111011111101
1111111111110111
1111111110011101
0111111011001111
1011010111111110
1111110110111110
1111011011111111
0111011111111110
1011111110111100
1111110101011111
1111011101101101
1101111111111110
1011011111101110
1111011111011111
1011111010111111
1111010101111101
1101001110111111
1111111101101110
1001010111111111
1101011101111111
0111011110111101
1001110110111101
1111101111101111
1111011111111100
0111111010011111
0111111101111111
1111111110101110
1001011110111101
1111110010011111
1111111111111011
1101011111101111
1111111110001111
1111100111111111
1011111101111110
1011111011101111
1111101111011111
1111110111101111