1111110110001111
0011111110111111
0011101101111111
0111111111111011
1111001111111110
1100111111100111
1111011111110111
1111110111101011
0011111111110111
1110111110101011
0111111110011111
1001011111111011
1011111111001011
1011111011110111
1110111111111110
1101110111111111
1101111110111111
1111110100011111
1111111111111101
1101111111001111
1111101011110111
1111111011011111
0111111100111110
0111101101111110
1111110110111011
0101111011110111
1111111101011011
1111111011101011
1111011011111011
1111111101101111
1011111010101110
0101101111010111
1001111011111011
1111110111110111
1011101111110110
0111110010111111
1110011111101111
0111111110101111
0111110100111111
1110101111111111
1010111110001111
0111110111001111
1011011111111110
0011110101111111
1111011110111111
1111111111100011
1010011111111111
1111101111101111
0011101011111111
1110110111111111
1111110101111110
1011110111111110
1111111101110111
1110111011111111
1011111010111010
1011111111100111
1111101110111111
0001111111101111
1110111101011111
1111111111011110
1101011101111011
1100011111111111
1111100111111111
1111010101011111
0101111101011111
1111010111101111
1111111110110111
1111011111101011
0111011111111111
1011110101111011
0011110111101111
1111101111111011
0111110110111110
1111011011101110
1101111111111110
1111110011111011
1111001101111111
1111111111100110
1011011011111111
1111111111010011