0111111011111110
1110111111111111
1111101010011101
1111101011110111
1111011110110011
1111111011010101
1111111110100111
1111011011111011
0111101111111110
0111111010111011
1111011111101110
1111111010011001
0111111111011110
0111111111111010
1111111100101111
0111111011010111
0111111110011011
1111111110011110
1111110111111111
1111111101001110
1111101111111001
1111111111110110
1111011110101011
1111111111101010
1111101011001011
0111111111111100
1111101110101110
0111011111111110
1111111011110011
1101111111111111
1111101001111011
0111101110111111
1111111110111100
1111111001011111
0111111111001111
1111101111101101
0111111101111101
1011111111111111
1111101001111101
1111101111000011
1111101110110111
1111101101011110
1111011011001111
1111001111111111
1111011011110111
1111011111111101
1111111101101001
1111011110010111
0111101101011011
1111011111011010
0111111011101011
1111111001111110
1111011101101011
1111111101110111
1111111110001111
1111101010111011
1111011100011011
1111111100111101
1111011111100111
0111101011101111
0111111110110111
1111111101011000
1111111011101101