0011101011111011
1111101011101111
1011011111111111
0011110011111011
0111111100101111
1110011101101111
1111101111110011
1111111111111101
1111110110111011
1111111011101011
1111110100111110
1110111110100111
0111110111100111
1011110101111110
1110101111111111
0111111111111110
1111111101100110
0111011111100111
1111111100101110
1111011010111111
1011111111110110
1010111110111111
1010110111111110
1011101111101111
1111101100111111
1111101111100110
1111111111011111
1111110111110011
1111011111101011
1111110010101110
0111111110100111
0011110111101111
1110111111110110
1111111011110011
1101111111111111
1011111101101111
1111010111111111
0111101111110111
0110111111111111
1011110111100111
1110110110110111
1110111011100111
1111111110101011
1111110110110110
0111101110111111
0111001111111011
1011110101110111
1010111011110111
1011111010111110
1111111010110111
1110111110110011
0111111101110111
1111101101100111
1111100011111111
1111100101111111
0111011011111111
1111111100110111
1110110111111011
0111011110101111
1111011101110011
1111011110111011
1110110111101111
1111001011111111
1111111111111010
0011110110111111
1111001101110111
1011110111101110
0111110010101111
1110110011110111
1110111011101110
1111011111111110
1111001110111111
1111111001111111
1010111101111110
1110011011101111
1011111101110011
1111101111101011
1010111011101111