1111101101101011
0101111111111110
1111111101101101
1010111011011111
1101111011111110
1111011111011111
1110111101111110
1110111111111101
1101101111111111
1011110111111011
1011101011111111
1111011101101111
1101111111001111
1011110011111110
1101111111111000
1110111011111011
1111111001011111
1110111101011011
1001111111111111
1111111111101110
0011110111111101
1111100011111111
1111011111111011
1110111001101111
1111110111111001
0111011011111111
0111111111011111
1111101111111101
1110011111101111
1111111110111111
1110110111011111
1111111011001111
1110101111111111
1011011111111110
1111111011011101
0111111101111110
0111111011111011
1111011111111101
0011111101111101
1011111111111001
1111110101111111
1101110111111010
1011111011111100
1111111001111100
1110111111111010
0110110011111111
1111111111110111
1101011111101111
1101111101111100
0101110111111111
1111011001111111
1111111111011110
1011110111101111
0010111011111111
0111101111111011
1101111101101011
1111110111111100
1011111101111110
1100111111111111
0111111111101111
1011111001101011
1111101111011111
0010110111111111
1111001101111111
1111010111111111
1111111111101001
1010111101101111
1101110111101111