1111100110111111
0101111111111111
0111111011111110
1101111111010111
1111100111110111
1101101110111101
1001101111111111
1111110111110001
1110111111111110
1101110111110101
1111111101111101
1111101111110011
1100111111110111
0111110101111110
1011110011111111
1011111111101100
1111111001101111
1101110100111111
0011111111101111
0111110111100110
1011111001111111
0111111111011111
1111110101101111
0011110111111011
0011111111111101
1111111110011110
1110111110011111
1111111011111101
1011110111111101
1011110111111110
0111111000111111
0011100111111111
1111110111111100
1111111110110111
1001111100111111
1111101101111110
0111111111100100
1011111111101011
1101111111111110
1110111111010011
0110111111111111
1111110001111111
0111101110111111
1110111010101111
1111111011111011
0111111011101111
1011111111110001
1110110111100111
1101111101011111
1100111111011111
1111111101011011
1111100101111111
0011111101111111
1010111111111111
1111101101111011
1101111111111011
1111101001111111
1111110111011111
0111111110111100
1110110011111111
1111101111101111
1111111011100110
0011111011110111
0111110111101011
1011111111100101
1111111111111010
1111101111110101
1111111111001111
1111111101110111
1011111111100110
1110110111101101
1111111101101011
1101111011011111
1001111110011111
1111011111111111
1101111111101111
1101101100111111
1100110111111101
1011101111111101
0111110110111111
1111111110111011
1101111010111111
1111101011111110
1111111011010111
1111101111011111
0111110111111101
1110100111111001