0100111111111111
1101101101101111
1111100111110110
1111011110111110
1111110111101010
1111110001111111
1011011101111110
1100110101111111
1111111010101110
1111111000101111
1111010111100011
1001101111111111
0111111111101011
1111111011110111
1111111011111011
1110111101111110
1011101101110111
1111111111111101
1111101110111011
1101011111101011
1001111101111111
0111110111111111
1011101011101110
0111101111111111
1110111111101111
0110111111110111
0111111101110111
0101111110111011
1111101010111110
0101111111110111
1101010011101111
1111100111101111
1101010101101111
0111111110101111
1100101111111111
0011011111101110
1111001111111111
1101011111110111
1111011111110010
0110111111111110
1111111101100111
0011011101101111
0011111111110011
1111011110100111
1110111111111011
1011111110111111
1110111101110111
1111111101110110
1111010101110111
1111111110110110
0001011011111111
1111010111110110
0111111000111111
1101101010111111
1111101100111111
1110101110111111
1111011001111111
1111111111011111
1110100011111110
1111111110100011
0101011111101111
1110110010111110
1111011011111110
1101101111100111
1101110110111111
1110011011111111
1011011111100011
0001111011101111
1001111111100111
1010111011111111
1011110111111111
1011101111110010
1001111111101011
1111101101111110
1111111101111011
1111111100111110
1011111111101010
1101111111111110
1101011010111111
1111011100111111
0101111001111111
1111101111101011
1110011111110111