0101111101111111
1011110110101111
1011011101111111
1011010110111011
1111111111111110
1110111111111111
1011111100110111
1111111111111101
1111000111111011
1111100101101111
1111011010110111
1111101111010111
1101011110001111
0111101111111111
1111111011101011
1011001111111111
1011100111100111
1101101101110111
1111111111001011
1001111110001111
1111111011001111
1111001110101011
1111111000111111
1001011111101111
1101111100011111
1011111111011011
1101011101011111
1101110111111011
1111001111100111
1111001100111111
0101110111111111
1111011100110111
0111011101011111
1001101111011111
0111111111110011
1111010111011011
1011101001101111
1111111010100111
1001111111111011
1011101011011111
1111110101011111
1111111011110011
1011111001110111
1111111101111011
0001011111110111
1011011011111111
1111110110001111
1011011110110011
1111001010011111
1111110011111111
1111101100110111
1101110101111111
1111100110101111
0011111111011111
0111111011101111
0111111110111111
1011111100011111
1111011010011011
1011110111101011
0011111011111111
1101101100101111
1001111111010111
1111101010101111
1011011110101011
1111111111000111
1101111011111111
1111000101110111
1101110111011111
1111101101011111
1111100110111011
1101111111010011
1101111111100011
1111101011011011
1111011110100111
1111111010010111
1011110110110011
1011010110011111
1111111110100011
0111011111101111
1011111010011111
1111010111101111
1101101111111011
1101111110110111
1001110111111111
1011101110111111
1101010111111111
1101001101111111
1011111110010111