1101011111111101
0101111101111111
1110111001110111
1101110111111110
1101101101111111
1111011111101111
0111110111111110
1111111111101110
0111101111111111
0100111111110111
1111011101111111
1111111101101111
1110110111110111
0101110111100111
1011111111111111
1111101111111101
1100111101111111
1101111011111111
1111111101110101
1111111101111110
1111111110111111
0110110011101111
1111011011110111
0111111011110101
0111011111110111
1111111111111011
0111110001111111
1111111111110110
0111111001110111
1111111111011111
0101111111111100
1111011011111110
1111110111111101
0110011111111111
1101110101110111
0111110011110111
0100111111101111
1111101011111111
1110101101111111
1101111111110101
1101000111110111
1111111011101101