0011111110111111
1011111011011111
0111110111011110
0111101101011111
1110001111111111
1110011110111110
1110101011011111
1110100111011111
1111110011011101
1111111111111100
1010101011111111
1111111111101111
0011001111011111
0111111100111111
1110011101111111
1011110110111101
1011111001111111
1111010011111111
0111010111011111
1111111100011111
1111101001111111
1010100111111111
1010110110111111
1010011111111111
1110110110111101
1011111101011111
0111111101111110
1111011101111101
1111011001011111
1011010111011110
1111111110011110
1111110101111111
1010110111111101
1111100011011111
1111111111111011
1011111110111110
1011111011111101
0111111101011101
1111111111110111
1110111110011101
1110111001111111
1110111011111110
1111101110111111
1111101101011101
1110111101011110
0111010111111101
1110100011111111
0111000111111111
1111011110011111
1011101111111101
0011011011111110
1111101101111110
1011110110011111
1110111011111101
1101111111111111
1011100111011111
1110101101111111
1111111010111111
0111101101111101
1011100011111111
0111100111011101
0110111111111111
1010111111011111