1111011111110110
0111110101011111
1110111111111101
0110110101111111
1111110011101101
1011101101011111
1010010111010111
1110110111110110
0110101111111111
1011110101111111
1011111001111110
1111111011110101
0111110011111100
1011001111011110
1110111011001111
1011111111101111
1110111000111111
0111101011011110
0111010101111111
1010001111110111
1111100011001111
0111011110111111
1011011110011111
1111110101110101
1011110111111110
1111010101110111
1110111011111110
0111111011001111
1111011011111111
1010011110111111
1111110110111111
0011111111111111
1011101011011111
1111101110101111
1111111110110111
0110011111111111
1111011101010111
0111100111111111
1101111111111111
0111001111011111
1111111010111110
1111001101111111
1111111111011101
0110111100011111
1111110001111111
1111011101011110
1110111010101111
0111111011101101
0110111011101111
1111111001011111
0110111111001111
1111111111101110
1111000111010111
1111101111101101
0111111111110111
1111111101101111
0111101111101111
0111111000111101
1111101001111111
1011111111111101
1111101101011110
1111011101111100
0111010111111110
1111111111100111
1110110111101111
1110101111011111
1111111111111011
1111101111110100
1011111100111111
1111101110111110
1111111110001111
1110101101110110
1110100111111110
1010111101111111
1110001110111111
1111111100111110
1010101110111111
1111101110111101
1111111011010111
1111011100111111