0110111111111011
1111110111101011
1111101001101111
1110101011101111
1011110100101111
1111110011101111
0111111100101111
1111111111111110
1111111101111101
1111101110111011
1011110011111111
0110101101111111
1101111111101011
1001111111111111
0111110111111111
1101011110110111
1111111110100111
1110111011101011
1011111101111011
1100110111110111
1110111111110001
1110011111101111
0101111011101111
1110111011110111
1101111111110001
0101101110111111
0101101111111101
1010011111111111
0111111011111011
0111011111100111
1111111011111101
1010111110111111
1110111110110111
1111011011111111
1010101111101111
1111111111011111
0111111111110011
0011111111111111
0111101011111111
1111111000110111
1111110111110011
1110101110101111
1111111011110011
1101011111100111
1011111111110111
1111010111111111
0111011110101011
1111110001111111
1111111010101111
1011111010111111
0110111011101111
1111110111100111
1111011101111111
1110110111111001
1111111110111101
1101110111111001
0110101111101111
1101111101111111
1011111111111101
1111111111100011
1111001111111111
1110110101111111
1101110011111111
1101111111101101
1110110111101111
1101111011110111
1011101011111011
0111111111101101
1101110110111111
1111100111111111
1010111111111011
0111111001101111
1111101111110111
1011101110111111
0101011111111111
0111101100111111
1111101111101011