1111100110111110
1111101101101011
0011111110111110
1111011111110111
0011111111110110
1101111111101001
0111011111111100
1101111110111111
0110110111111111
1111100101101111
0111110111111110
1111111110100110
0111111111111001
1100111101101111
1111110111110110
1000111111111111
0111110111100111
0111100101111111
1111111101111110
1111111111110001
0111111110101110
1011111111101110
0101111111101011
1110101111111110
1001111111111100
1010111111101111
0111101111111101
1010011111111110
0111111111111010
0110111111111110
0001111111110111
0110011110111111
1111110110100011
0111100110111111
1110111111110111
1111010110111111
1111111011111111
0010011111111111
1101111111110011
1111111111101010
1111111111011111
1101011111111111
1110101111101101
1001111111111011
1111101110101111
1011110111111111
1110101101111111
1110001111111111
1010111111111100
0110111111101011
1101110111111111
0011111100101111
1101101111111000
1100101111111001
0110111100111111
0010111111111011
1111001111111100
1111011111111011
1111011101111111
0111111101111101
1111110111111000
1111111110111101
0011011110111111
0111101111101111
0011011111111101
1110011111111100
1100111111101101
0111010111111111
1110111110101111
1111100101111101
1011111111111001
0011111110101011
1011101111111111
0111111111100011
0111111111101101
1111111101110111
1111000111111110
1111110111101101
0111111100111011
1111101111101001
0101111111111101
1110010111101111
0011111111110101
1001111101101101
1111101111110111
1101111101111011
1110111110111011