0111111111111011
1101101101101111
0111011101101101
0110111011111111
1011011111111111
0111011101111100
1100111111111011
0101001111111111
1101111011111101
1000111101111111
1101011111101011
1110111011111010
1001111101111110
1011101111101011
1110111101101111
0101011101011111
0011101111111101
0011111101111111
1011111101111011
1101101111111110
0111101111101111
1111111110111111
1111101101111011
1111101011111010
0110001111111110
1111111111101100
0110111101111111
1011101101101101
1111111101011101
0101111011111111
1011111011011011
1011111101011111
1110101111101111
1101111111011101
1111110111111111
1011111011111101
0111111111101110
1111111101111010
1100111111111110
1010101111111111
1111111101001111
1011101111111110
1111001111101011
0110111111101101
1111111111110111
1111111111111001
1101011101101111
0101011111111101
1110111111011111
1111011011111111
1100001111111101
0010111111111110
1101111011011111
1111111111011110
1111111011101111
0101111111111100
1101011111111110
0000111111111111
0001111111111110
0111001101111101
1111111001111111
1101101111111011
0101111111101111
1110101101111111
1100101011111111
0111101011111101
1001101111101101
1111101111011111
1110011101111100