1111100110111111
1110100111110111
1111110011110101
1111111111111110
0111111111100111
0110110111111111
1110101111010111
1111010011011111
1111011101110101
1111111011001101
1110010011111111
1110110111010101
0111101011110111
0111101111111101
0111010101111111
1110111101001111
1111001010111101
1111111110110101
1111010101110111
1111011110110111
1110100011111111
1111111010100111
1111110101011111
1101111111111111
1110111011111101
1110101101111111
1111111110011111
0111110011011111
0111001011111111
1111101011011111
1111011110101101
0111011011011111
1111010111111101
0111111110111111
1110111011011111
1011111111111111
1111111101001101
0111111101101111
1110111110111111
0111110111110111
1111101001111111
0111101101110111
1110011011110111
1110111111101101
1111101111101111
0111111011110101
1110110101111111
1111100111111101
1111010111010111
1110110111101111
1110101111110101
1111111100111111
1111111001111101
1111111111111011
1110111101110111
0111111111011101
1111000111111111
1110111001111111
1111110101101101
1110001111110111
0111111001110111
1111101101011101
0111011111101111
1110111011101111
1111111111100101
0111011111110101
1111010111101111
1111011011101111
0111110111111101
0110111111110101
1111011111001111