0100111111111111
1000101111111111
1111111011110111
1111111011111011
1111111111110011
1111111111111101
1100111111110111
1111111111101111
1111111011011111
1110011111111111
1111011111111010
1101111111011111
1011001011111111
1011011010111111
1011101111110111
1100111110111111
1111111101111111
1111111111010111
1011111111011111
1111110111111111
1110111110011111
1011101111111110
1111111011111110
1111101110111111
0111101111111011
1011011111110111
1111011110011110
0011111111111111
1000111111111011
1001111011111111
0111011111111111
1111111110111011
1101111111111110
1111101111011111
0111111110110110
0111101111110110
0101101111110111
0101111110110111