1111011101110111
1111011110111110
1110111111111101
0111110101111110
1111101100111010
0111101111111111
1111100100111101
1111111100111001
1111101110011110
0111011101111111
0111111111011111
1111110100011101
0111110011111101
1110111100011111
1110101111111111
1111111000111111
1111111101011100
1111100011110111
0110111111111110
1111100010111111
0111111001111010
0111011110111111
1111110101110101
1110010100111111
1110111111110111
1111111101111000
1111111111110110
0111110101111011
1111111010111101
1111111110011100
0111111011111001
1110011011111111
0111011011111011
1111111110110111
0111011111111110
1111111001110101
1111110101011110
1101111111111111
1111110011111011
1111110110111000
0111010111111011
1110011101011111
1111101011011110
1111100111011111
0110111100111111
1111111111101111
1111100111111011
1111111111011011
1111011101111110
1111100101111110
0111111100111010
1011111111111111
1111101101111001
1111111011111000
1110110111011111
1111101001111111
1111101011111011
0111111110111101
1111110011111110
1111111011011101
1111001111111111
1111011111111101
0111111111110101
1111011110111011
1110111111111011
1111101111110101
1110111001111111
1110111101011110
1111101101011101
0111111011110111
1111011011010111
0111110110111111
1111010101111011