0111110111011111
1011111011011111
0011111111110111
1111001011111011
1111111010011110
1110111111111110
0110011111111101
1101111110111111
1111111101110010
0110110111111111
1011110011111111
1111011010110111
1101111111110111
1111101011110110
1111101111010111
1111111111010001
0111101111111111
1101011011111110
0111111111111001
1011101111011111
0111111101011011
1111101111111101
1111111011110101
1111011111010111
1111010011111111
1111111000111110
1111111001010111
1001111111111101
0111111011111111
1011010111111101
0110011110111111
1111111100110101
1011111011111101
1111111110110110
1101111111111100
1110111011111111
1111111010111101
1111111110011101
1111011100110111
0110111101111101
1011111111011101
1011111101010111
1111011111110100
1111110110111111
1110110111111101
1111011110011111
1111110111110011
0111011111111110
1110111111110101
1101110011011111
1100111111111111
1111111000011111
1111110111011011
1111111111010010
0011111100111111
1111000111011110
1111011111111001
1110001111111111
0111111110011110
1011011111110101
0111111100011111
1010111111111101
1101101111111111
0011111101011111
1111111011111010
1111111111101111
1111010111111100
0111111101110111
0110111111110111
1011011110111111
1010111111010111
1101011101111111
1011111111111110
1110110111011111
1101111111111011
1101111101111110
1111011110110101
1111101101011111
1111110011111110
1011001111110111
1111011101111101
1111001011111110
1111110101111111
0110111111011101
1111011111011011
1110111111111011
1110111101110111
1111101110111111
1111110111011100
1111111101011110
1110100111111111
1111100011111011
0101111111111101
0111010111111101
1111001111110010
1111101001110111
0001111111111111
0011111110011111
0111011110110111
1111111111111000
0101011111111111
1001011111011111
1111111101110001
1111111110111011
1101011011111101