0011111110111110
0111111011111110
1011011111111111
0111011111110011
1110111111111110
1111111011110111
1110111111111101
0101011111110111
0110110111111111
0111101111111111
0101111110111011
1111101010111110
0111110110111011
1101101011111011
1111111101111111
1111011110111111
1100001111111111
1111111111010111
0011111111111100
1111111110011110
1010111111110111
1010111110111111
1001101111110111
1101101110011111
1111111010111101
1101101111011001
0010111111111111
1111011011111111
0011110111110111
1101001111110011
0111111110111010
1101001111011111
1111110111111101
1011111011111111
0111011111111110
1101111110111010
1111111111110100
1100101011111111
1111010111111111
1111110011111010
0101111110110111
1001111110111110
1101110111111111
1001101110111101
1111101011111000
1111111111101111
1100111111011111
0101111111110110
1110111111011011
1011101111110110
1101101111111110
1011101111110101
1011110110111111
1111110111011111
1111101110110111
1110110111111011
1111111011011100
1110101011111011
1111011111111101
1111101111011110
0110111110110011
1111101011011011
0111111111011101
1111111110111001
0111110011111111
0100111110111111
1101111011011111
1111110010111111
0101111111111100
1111100111111111
0001111111111111
0111111010111111
1011111111111011
0101111111011010
1100101111111011
1101111010111111