0011111110111111
1011001111111101
0010111111110111
1111011101110111
1111111101110011
1110111101111110
1001110111111101
1011011111011101
1111011101101111
1011111111000111
1001101111111101
1011110111011111
0111101101111111
1110011110011110
1111111111010001
1111111101100101
0010111111101111
1111110111110111
1111101110011111
1011111110110111
0111111111011111
1111011111010111
1111101111111110
0110111111100011
1111011111101101
1110111111001011
1100111110111111
1110101111111111
0110111101111111
1011101111011101
1111111101100110
0111011110101110
1001011111111111
1011011110011111
1111111011111111
1111101111111001
1100111101111101
1110111110110111
1010010111111111
1111011110110111
1010011111110111
1001111111111011
1111101110101111
0111111110100111
1110111111110101
1101111111111110
0011111111100111
1110110111111110
0111101111110111
0101110111111101
1101011100111111
1110010111011101
1111111110101011
1011011111110100
0111110111101110
1111110111111011
1111001111011101
1010111111111101
1111111110110011
1101001111110111
1111101111101101
1010111111010111
0011101111111101
1111011111111011
0110111111110010
1110111111011010
0111111100111010
1010111111111110
1111111110111101
1111111111000110
1101101111110011
0101011101111111
1011111111100100
1111111111100010
1010110110111111
1111011101111100
1011111111010100
1110111110101111
1110110111101111
1011111111111001
1111110101111111
1110111101110111
1011111101111111
1010111111100111
1111101111010011
1111111101101010
1011111110101111
1111111101011111
1011110111101111
0110010111111101
0100111111111101
0111101111111011
1111100111111111
1101111111101111
1101101100111111
1011111111111010
0111111111101000
1111111111001101
1011101110111111
1111011111100111
1001111111110111
1111011100111110
0111110111111100
1110010110011111