1111100110111111
1111011111110111
1111110111101011
1011110110101111
0011111111110110
1011011111111111
1111001110111100
0111111111100111
1111011111101111
1111110111010110
1111110011101101
1011110111011111
0111110111111111
1001111111111111
1101110111101101
1110111011101011
0110101111111111
0110111111011111
1111111011110101
1111010011111110
1111111101111111
0110111110101111
1101111111110001
0111111011111111
1111111110100101
1111100011110111
0101111111111011
1110110111111111
1111100011011111
0011111110010111
1010111111110111
1011110111110011
1101110111010111
1011111111110101
1011111111101001
1101111110100111
0111111111111101
1011100111110111
1110101111010110
1011111011111111
1110111111110100
1101110011011111
1111101111111011
1101101111110111
1100111111111111
1111010011111011
1101111111111110
1111111010111111
1111111111011101
1111011011111100
1010111111011111
1111110111000111
1011101110011111
1010111111111101
1101111011111101
1111010110111011
1010111110111011
1111111110110011
1110111110111101
0111101110011110
1101111110101101
1110011111111110
1111111011011110
0111101111010111
1110111011011111
1111110111111001
1110111111000111
1111111011111001
1110111110111110
1101010110111101
1111101110110111
1111101111101111
0011101111111110
1111110111101110
1111100111111100
1011111111001110
0111001111111111
1110001011111111
1111111111111010
1101111011110111
1011101110111101
1111000111111111
1010111110101111
1011111110101110
1111110011110110
1011110110110111
1111001111011110
0011111111101011
1110111111111001
0101011111111111
1111101011111110
0111111110110110
1111010110011110
1011111110101101