1101101110111101
1010111111111101
1110111111111110
1111101111011001
1111111111101111
0111111110111111
0101111111110111
1011111110011110
1101111111011111
0111101111111110
1010101111011111
1001111111111110
1110111011011111
1011111110110110
1011111110110101
1111111011110110
1111101110011101
1111111101111111
1101111111111011
1111101110111001
1111101011111011
1001111111111101
0111111011111111
1010111111011011
0111111111111010
1011111011011011
0011111111111101
1011111111111001
1111110111111111
1011111011110011
1011101111110100
1111111011111101
1110111110110111
1111101110110100
1110111111010101
1110101110111111
1111111111010100
1111011111111111
1011111111011100
1111111110011000
1011111111111010
0111111111011011
1011111011111110
1110111111111001
1011111110111100
1101111110110111
1001101110111111
1100111111111111
1111111110110000
1111101111111010
1111111110010101
1110101111111011
1111111010111111
1101111111110101
1111101110110011
0111101111110111
0110111111111111
1111111111010011