0111111111111011
1111100110111111
1111100111001111
0101111111111110
1101110110110011
1111110011101111
0101011110111111
1111111001001111
0111111100101111
1111111101111101
1111101111110011
1101101111110101
1110101111111101
1110001111101111
0111110111111111
1111101000111110
1111111001101110
0111111111011110
1110111101111111
1111111011110101
1110111011110110
1111001101111011
1111111111010111
0110111111111110
1101111011100111
1101111010101111
1111111101100111
1111110111111110
1111111110110100
0111111000111111
1111111010110011
1111001111001111
1111111111101011
1111011110110111
1111011011111111
1111101111100111
0110111111111101
0101111110110101
1110100011111111
1101100111111111
1111110111111101
1110111111110101
1111111011111100
1110110111011011
1100111111111111
0110001111011111
1110101111111010
1111111110011111
1111010111111111
0111111001111110
0111101111110111
1111101010110111
1110011111110111
1101101110101101
1111101111011011
0111101110111111
1111111110110001
1110100111011111
1101111011111110
1101111011110011
1101111111111001
1110111011111011
1111111101011011
0111111111001111
1110111111101110
1101111111011111
1111111010101101
1111111011011110
1011111111111111
1111101010101111
1111111100110111
0111101111101111
1110111110111111
1101111101111111
1111101011111011
1111001100101111
1111111111101100
0111011110101111
1111111011011101
1110111111101101
0101111011111111
1101111110101110
1111011111111101
1111011110111011
0111011111110111
0111111111011101
0111111111101101
1111101011111101
1111101111011101
0111111001110111
0111111011110110
1111011111111110
1111110100111011
1101111110110110
1111111110111010
1111110011011111
1111111111001101
1101001110101111
0111111110110110
1111111111100110
1110111111100111