1010011101111111
0101111111111110
1111011111110111
0111011111101101
1001011011111111
1011011101111110
1111111101101101
1101110101111110
1111110011101111
1111011101011111
1011111011110111
1110111111111101
1101111011111100
1111111101111100
0111110101111111
1011110011111111
1111111001011111
0110111111110111
1101111011101110
1110011111111110
0111111111110110
1101111111011110
1001111111111110
1110110111110110
1101111101101110
1011011111111101
1011111001111111
0111111111011111
1101110101111101
1111101111111111
0111110011111100
1110110111011110
1111111110111111
1100110111011111
1011111101110110
1110110011111110
1111011111111100
1011111111011111
1111111111100111
1110011011011111
1110110101111110
1010111111110111
1111111111111011
1001110101110111
1011111011111101
1100111001110110
1100011111011111
1101111011001111
0110111111101111
1011110111111110
1101011111101111
0100110111111111
1111110111101101
1110111101011111
0101111011111101
1111011001111111
1011110111101111
1110111011101111
0111011011101110
1100110011110111
0101111101110111
0011111111111111
1110110101110111
1111110101001111
1010111011111111
1111111111001110
1111011011101101
1111111111110101
1111110101011110
0101011111111111
1011111101101110
0111111001111111
1111010111111111
1111111111011101
1111111011101100