0111110111011111
1111011111110110
0101111111111111
1111110011101111
1111111011110111
1011101111111011
1111111101111101
1101111101110111
1111101111110011
1100111111110110
1111111111111100
1110101111111101
0110110111111111
1011110111011110
1111101101010111
1101111011101111
0111101111111110
1111011011111010
1111110111001111
1111100111101111
0111111101011011
0011111111101110
1111110111110111
1111111101111110
1101010011111111
1110101111111110
1101010111111011
1110111111010111
0010011111101111
1011111111011010
1111111101010011
0011111111110011
1100110101111011
1011011111101011
0011111111011011
1110111011111111
1011101111101110
0111111011001111
1100111101011011
1110011101111011
1101011011111011
1101111111011010
1011111111011101
1001110111101111
1011111111010011
0111111111111101
0110111101011111
1011111011111111
0111011111111110
1010111111101011
1110011111110111
1010111111011111
0010101111111111
1001011111111011
1110101101011011
0111111111101010
1101110111111110
1111011111011111
0110111111101011
1101101111111111
1001111111110101
1011010111111011
1001010111111111
1011110111101011
1111111101101111
1111111011011110
1111100101111111
0111011111111011
0111101111101111
1111011011101011
1111110101011011
1111111110111111
0111100111111011
1110010101111111
1111101011111011
0111101101110111
0011110101111111
1111001111111111
1011111101011111
0011110111111010
1101111111011101
1111111111100111
1110110111101111
0111110011111110
1111111111111001
1100111111101111
1110100111111111
1101011101111011
0011111101111011
0011111111101011
1101011111101010
1111010111101111
1111111001111111
1011110101111011
1111111111001110
1111111111001101
1110111111001111
1111101011111110
1011011111111010
1010011111111011