0111111011111110
0010111110111111
1011111001011110
0101111111111110
1001111111011110
1010111011011111
1011011111111111
1110011110111111
0101011110111111
0111111011011101
0101111111011101
1110111111111101
1101111111110111
1010110011111111
1111011110111101
1011110101011111
1111110110111010
0101111110111011
1111011011111010
1011110111011010
1011111101111010
1001110101111111
1101111110111101
1011111110110111
1101111110111110
1111101111111111
1111010011111110
1111111100111010
1001111111111101
1111111101011101
1111111101010011
0011111111110011
0011111111111101
1101110101111011
1101110111111010
1011111110111110
1100111111111110
0111011111111001
1110111111110111
1111111010110011
1011111111110100
0101110111111111
0011111111111110
0111111011111001
1111011111110100
1110111111011110
0111111101011110
1111110101110111
1111110111111101
0111011111111110
1111111110011111
1110111010111111
1111110011111011
0111111001111111
1111011011111101
1101111111011000
0111111111110000
1111110110110110
0111010111111011
0011111010111011
1011110100111111
1100110111111111
1111111001111001
1011111100111011
1111011111011111
1011110111110110
0011111111011111
1011111001110101
1111111111101111
0111111100111111
1101111101011110
0010111101111111
1111011101111111
1011111111010111
0111111110111110
1111110001011110
0101111101011011
1111111011111000
1101111011111111
0111110111110110
1011111101110110
0111111110110011
0111111110111101
0111111011110101
0110010011111111
0011111011110111
1111011111110010
1111011110111011
1011111111111001
1001110110111111
1110111111111011
1111111110111001
1110111001111110
1111110010111110
1111110100111011
0110111011011111
1111110011110111
1111111100111101
1111111011010110
1101010111111111
1011110010111111
0011110111111111