0111111111110001
1111011111110111
0011111111110111
1111011110011101
0111101111011111
1011011111101111
0111111110011111
0111101110111110
1111110111111011
0111011111111101
1111111010011111
1110111111111111
1111111011111011
1011111010111111
1111111111111100
1111111001011111
0111101101111110
1111111101011011
0111111101110111
1111011111111011
0111111101111101
0111001110111111
1111001101011111
1111100101111111
1111101110011111
1111001010111111
1111101101110111
1111101111111101
0011011110111111
1011111111101110
1111011010101101
1011111111111101
1011011111111110
0111111110111101
1111111011011101
1111111111010111
1111101111101111
1111100011110111
1011111111011111
1111011101111101
1111111111100111
1111111101101001
1011111111110110
1111011011011111
1011110011110111
1111111110001101
0111001101111111
1111111100111111
0111101010111111
1011110111111110
0111111111101101
1011111101111111
0111000011111111
1111011001111111
1111111111011110
0111011111101111
1111011011111110
1111110101001111
0111111101011111
0011010111111111
0011111111101011
1111010111101111
1111110111111101
1111111110110111
0111011111111110
0111110110111111
1111111101110001
1111111110111011
0111100111111110
1101111111111111
1011111011101111
0111111001111110
1111001101111110
1011011011111111