0110111111111011
0101111111111111
0011111111001111
0111101101011111
0111111100101111
0011101111101111
1110111101111101
1110111101111110
1011011111011101
0011111101101111
1001111101111111
1111011111001101
1011101111011111
0110101111111111
0110111110101111
1111111100011111
1011111101111001
0011111111101101
1111011110111111
0111101111111101
0110111111111110
1111110111111111
0111111101011100
1101011101011111
1111101101001101
1110111101001111
1100111111111110
1111111011111111
1111111101111000
1111111111110111
1101111101111100
1111101100111111
1111111111101011
0110111111111101
0011101110111111
1110101110101111
0111011111111110
1110101101111111
1011011101101111
0111101101101111
1101101101111110
0011111111011110
1011011111101101
1111111111101110
1111111111011011
1110011111111111
0111111101001111
1111011101111110
1010111111111111
0111011111111011
1101101111111101
0011111101011101
1111111110111110
0111111110111101
1111001111111111
1011111110011101
1011111101011110
1101111111011100
0111101110111011
1011111100111111
0111111101101101
1011101110111101
1011011111111001
1101111111101111
1011111111111010
1100111101111011
1001011111011111
1110111110111011
1101111110011111
1100111111011101