1111011111110110
0111110111011111
0101111111111111
1111110110111001
1101111111010111
1001111111011111
1011011111111111
1111010011111010
1011101111111011
1111110110011110
1111110100011111
1110111101111100
0111110010111011
1100111111110111
1101111111110110
1111101110111011
1011111101101100
1101111111101011
1001111101111110
1011111011100111
1111111011101010
1111110100111110
1111111100101100
1011110011101011
1110110101111101
1111110111110111
1011111001111110
1111111111110010
1110011111101110
1111111011110100
1111101111111101
1011111100111100
1101111110111100
1111111111001011
1111110011011011
1011111001111101
1111111011001111
1001100111111110
0111011010111011
1111111101011101
1111111111010110
0111010101111111
0011111110111011
1110111100101111
1111111110110100
1111101101111111
1111110110011011
1011110111111101
1110111101111010
1101111111110011
1001101111110111
1110111011111111
1011111111110101
1011110111011011
1011101111101110
1101011010110111
0111010010111110
1111101111100110
1110110110111111
1110111111101011
1111111010100111
0111111110111010
0111111101011110
1101111100111101
1101111001111111
1111111001110101
1101110011011111
1110111111110110
1001111100111111
0111100111111111
1111101111111010
1100111100111110
1111011011011010
1011111001101011
1111111111101001
1011111001011111
0110111111111111
1101111100101111
1110111101101101
1111111100101011
0111111110011111
1101111111100111
1111011101011111
1111110101111011
1001111101101111
1101111111111010
1011110111001111
1111010000111111
1011111011110110
1011111010111110
1011111000111111
1110111110111101
0111011011011110
1011111100011111
0111011111011010
1111101111100011
0011111011111111
1011110101101111
1111010111011111
1111011101111110
0111111101111100
0111111111110111
1011111110011110
1111110011111101
1110111111011011
0111111000111110
1010111111111111
1111110110101111
1011110110111110
1101110011101111
1110110111111011
1100011110111111
1111111011011101
1111001111111111
1111011111111101
1101111111011101
1111110111101110
1111011110010111
1111011110111010
1111011100100111
1101111100111011
0111110001111111
1111111101110110
1001111110110111
1111111110001110
1110101111110111
1011111111001101
1111011010101111
1110111111010101
1101111111101110
1110101110111111
1100111111101111
0011111110111100
1101110110111111
1110010111101111
1011111111111010
1001111011111111
1111111100110011
0111110011111010
1111111111111000
1110111111001111
0111111111101111
0011111111011101
1111101011111111
1101111010111110
1101110111011011
1111110001101111
1101111111110101
1110011100111111
1111111011010111
1111101111011111
1101010111111111
0111110111111101
1110011101110011
1011110010111111
1011111110101101
1110111111100111