1101111100101111
0101111111111111
1111110110110111
0111110101011111
1111110011111111
0111001011111111
1110001111111111
1111111010101111
1111111111111110
1111100101011111
1111110110011111
1110111111111101
1101101111111111
1111011111101111
1100111111110111
0111111110111111
1011101011101111
1101011011111111
0011111011111111
0111111101111101
1110111110100111
0011111101111111
1111110110101111
1111001010111111
0111011101111111
1111111011110101
1110111101111111
0111100101111111
1001111110110101
1001111011110111
1111011000111111
0111010111011111
1111001001111111
1011110110111111
1011111001101111
1101111101011101
1010111111101111
1101011110111111
1111111110100101
1111111011100111
1011011110110111
1111101101101111
1101011111110111
1011111111011111
1110110111111111
1110101111011111
1010111111110111
1111111111111011
0111011111110111
1011111011111101
0011001111111101
1111010110111111
1001111000111111
1101110111010111
1111111101110111
1111111010010111
1111101111001111
1111111110001111
1110011110110111
0111101001111111
1110101110111111
0110111011110111
1111101101011101
1011111110101111
1011011100111111
1011110111101111
0111000111111111
1111011110010101
1101111010111101
1111110111111101
1111101111110111
1001110111111111
0111111111101111
1111101001011111
1111001110111101
1011000101111111
1110111010111111
1001111011101111
1111111001011101
1101111110011111
1011101111101101