0101111101111111
1101111111010110
0111111011111110
1111110100111001
0111110101111111
1111110111010111
1101111111101010
1111011001111011
1111011111110001
1110111011110101
1111111111110010
1110111101111111
1111101111111111
1111111011110110
1111011111101101
1111011111100011
1111111011101001
0111111111111010
1111011001011111
1111011010111110
1100111111111110
0111110111111011
1111011010111101
1110110110111110
1111111011000111
1111111110110111
0111011111111111
1111111011110011
1111110101011110
1111010111111110
1110111111101001
1111111111011101
0111110011011111
1101011100111111
0110111111111111
1101011111110011
1111111110101010
1101111111100111
1111010000111111
1101110111111111
0111110110111100
1111111001111010
1101111111111000
0111111100111111
1101111101011111
1110011111111111
1111111111011011
1110111111101110
0111111111110111
1110110011111101
1111111101101111
1111111011011110
1011111111111111
1111110111111000
1110111111000111
1111110001011111
1101111011111111
1110110111011110
1101011110111110
1111011011110111
1111011111111100
1101011111110110
0111111101111110
1110111011101101
1111011101111101
1111011110111011
0111111010111001
1111110010011111
1111110111110101
1101011111011110
1111010011111101
1111111110111000
1111111101110111
1101011111101110
1111011010101111
0101111110111111
1111011001111110
1111111011101110
1111111110101100
1111111111100101
1101011111110101
1111111111001110
0111111111101111
1101111101111010
1111111100111110
1110111110111011
1111110111101111
1101111110011111