1101011111011011
1111111011110111
1101111100111110
1110110111010110
1111111111111101
0000011111111111
1100111111110110
0111110101111111
1011110111011110
1101011001111111
1100110100111111
1110110100111011
0111111111011111
1110010011111111
0001001111111111
1110010111111011
1111111010111011
1110101111111110
1111011110111111
1010011111111110
1001011101111111
1101110110110111
1110111110011111
1011111110111110
1111101101111111
1101111011111011
0110110111111011
1111111110010011
1011010111111110
1110110110111110
1111010111011011
1111011011111110
1101011111111110
1011011111110111
1111111011011011
0110011001111111
1011111011111111
0101110110111110
1110110101011111
1001111100111111
1101101110110011
0111101111110110
0001110111111111
1010111111011111
0111101110111111
1001010111011111
1100111111111011
1011110111110110
1101111011111110
1100111011111111
1111111001111011
1110111011111011
1111111111101111
0111111100111111
1111001111110011
1101001111110111
1110011101111110
1110111111011011
0001111101111111
1011101111110110
1100101111111111
0111110111110111
1111010101111111
1100110111011110
1111110011111110
1010110110111111
0111111101111110
1101110001111111
1111001011111111
0111011111110111
1111111111111010
1101111100111011
0110110011111111
1111111101110111
1110101111110111
1111111101011110
1111110010111111
1111100111111111
1011111111111011
1011111101111110
0111011101111011
1101111010111111
1111101011111110
0010110111111111
1111101111011111
0110111101111011
1101001111111011