0101111101111111
1001111111011111
1011101101111011
1111111111111101
1101111111001111
1010110111011111
1110101011110111
0111111011110011
1111010011011111
1011001111111111
1110111110100111
0011101100111111
1111011111101110
1111101110011111
1011111001111111
0111111111011111
1101111110110011
1110111101111111
1111011111010111
1111001110110111
1001101010111111
0011110011111111
1111110101101111
0011110111111011
1101111011100111
1111001111111011
0001101111111111
0011111111110011
0110111011111011
1011011110011111
1111111010011011
1111111011111110
1011010010110111
1011111010111011
1111010110111110
1001110111110111
1111111111110110
1010111110111110
1111101111001111
1111111010110011
0111101110110111
1111111111101011
0010111111111110
1111111111011110
1111101111100111
1111011101111011
1101011111111111
1101111111011011
1011111110011011
0010101110111111
0110111110111011
1111111011000111
1011011011100111
0111011111111111
1010111011111111
1001110101111011
1100111111111111
1101111111111110
1110101111111011
1110110111111110
1110110011111011
0001110111111111
1111110110001111
0001111011110111
1111110001111111
1111011101011111
1010111111110011
1010110111110111
1111111001111011
1111111110010111
1011101011101111
1110011111111111
0111111110111110
1101110110111011
1011010011111011
1111101100101111
1111110110101110
1101111010111011
1111010101111111
1111110111111010
1101101101011111
0011110101111111
0101111010110111
1111011011001111
0111111101111110
1001110110101111
1011110011100111
1101110011111111
1110110111101111
1011111111001111
1110110111010011
1001111110110111
1111111101110111
1111101110111110
0111111100111011
1101111011011111
1011111011010111
1111010010100111
1111101010111011
0111101111111010
1111100111111111
1010111111111010
1011111101111110
1111001111011111
1011101111110011
1110110011011111
1111001000111111
1011011110101111
0111110110111111
1111111110111010
1011110110011111
0111111111101111
0110110111110011
1011011111111010
0011110111111110
0101111011111011