0111110111011111
1011111101011011
1111100110111111
1111011101110111
1001111111011111
1111100111110110
0111101111011111
1111110011110101
1110011110111110
1111111110011011
1000101111111111
0111011111111101
1101011111011011
1011101111111011
1101111110111111
1110111111111101
1111011101101110
1111101100011111
1011101011111111
1111111101111100
1101111111001111
0111110111111110
1111010011011111
0111011011101111
1011001111111111
0111111111111001
1100011111111011
1111111110100111
1111110111001111
1101110111110111
0110111111011111
0011111111101110
1111101101110110
1110101110011111
1110111101111111
0111110011111101
1110101111111110
1111001001111111
1001011111101111
1111111111010111
0111101111111100
1010111111011011
1111111100101111
0101111111111011
0001101111111111
0111110001101111
1110001111111011
0111011100111111
1011111110111110
1111111101001111
1111111011111110
1111101111111001
1111110011100111
1101111111111101
0101110111111111
0100101111111111
1111111111101011
0010111111111111
0101101111111110
0101011111101111
1011011111110110
1111110001111101
1111100111110101
1101100111111110
0111111101011111
1001111111100111
0110011111111111
0011111011101111
1011110111111111
1111110010101111
1110111111110110
1101101111110110
1111101010011111
0111111110001111
1110111010111111
1110110111111110
0111010111101111
1100110111101111
1111111111011101
1011011011111111
1111100011111101
1111110110110111
1111101111011011
1110011111011111
1011111111110011
0111101110111111
1111011101011110
1111110111111011
0100111111101110
1111100111011110
1111111011111011
1010111011110111
1111011110101110
1110111110110011
1111111001011111
1111001111111101
1011011110111111
0111111111110111
0011111101111110
1111010011101111
1010111110011111
1110110110101111
1111111110111101
1101111011111111
1111011000111111
1101111101111111
1011111111111101
1111101110110111
1111101111101111
1111010110101111
1111011101111101
0111001111111111
1011111111001111
1111111111111010
1011111100111111
1111000111111111
1110101111110111
1111101110111110
1110010111110111
1111011110001111
1111001111110111
1011111110101111
1110111011101111
1110110011110111
0111101111111011
1011111010011111
0111111010111111
1111010111101110
1011111010110111
1111111100111110
1100010111111111
0111101101111101
1110101011111111
0011011111011111
1110111111100111