1111011111110110
0011111111110111
1011011111111111
1011101101111011
1011101111111010
1111111101110011
1101111101110111
1111111101111100
1111011111101111
0011111101101111
0110101101111111
0111110111111111
1001111111111111
0110101111111110
1011111101100111
1011100111111111
0111111111111010
1011111111110110
1110111111110111
1111111011111111
1100111111111101
1011111101110101
1101111101111101
1111111111101011
1111111111011111
0101101111111111
0110111111111101
1101011111111111
1111110111111101
0111011111111111
0101111111110100
1111110111111011
0011111111111011
1111111111101110
1110111111101111
1111011111111010
1110011111111111
1010111111111110
1100111101111110
1100101111111111
1111111110111111
1101111111111011
0101111101101111
0111101101110111
1111001111111111
1111101111101111
1111011111111100
1010101111111111
1111101111110110
0111111111101101
1111111111111001
1111111111100101
1010111111111011
0110111101111011