1011110110101111
0011111111110111
0110111011111111
1011110111111011
1111111111111101
1111011111101111
1101111111110111
1111110101010111
1011110111011111
1111110100111111
1011011010111111
1101111101101111
0110111111011110
1111101111111111
1100111110111111
1111010111111011
1111110101101111
0111111011111010
1110110111111111
1111011011011111
1011111011110011
1110111101111011
1110111011111110
1101110110101111
0011111111111110
1111111111101011
1111110110111110
0111111101011111
1111111110110111
0111011111111111
1110111111110110
1101111111111110
1111111110011111
1110111010111111
1011111111011110
1101011110111011
0011111100111111
1010111111011111
1111011011110010
1111110011111111
1010111111110011
1100111111111011
1011111100111011
0011111110101111
0011111111011111
1011111010111110
0110111100111111
0011111111111011
1110111111101111
0110111111110111
1111111111011011
0011111011111111
1110011111111111
0111111111001111
1111011101111111
1101110110111011
0000111101111111
1111110111111010
1011111101110111
1111111011100111
1011111100111110
0101110111101111
1001111010111111
1111010111110111
1011111111100111
0101111110111111
0101110101111111
1011110111101110
1111111001111111
1111111110111010
1110111011010111
1011111011101111
1011011111111011