1111011111110110
0101111111111111
0111111111111011
1100111111110110
0111110111111110
0111101111111111
1111011011111011
1110110111110111
1111110101110011
1111111111110010
1101111110110011
1110111111111100
1111101111111110
1111111101111110
0111111110101110
1111011111101100
1110111011110110
1111011110111111
1111111111010110
0110111111111110
1111111111000101
1111111011111101
1100111011111011
1100111101110011
1111111101111001
1111111110110110
1111111010110011
1111111111101010
1110111111011111
1100011111111110
1111011101111011
0111111111111101
1110011011111110
0111111101011111
0110011111111111
1110111111110101
1110101101111111
1101011111100111
1111011001110111
0111111001111111
1111010111111111
1111111101010111
1111111101101101
1101011101111101
1111111010101110
1111111110110001
1101101111111111
1101111111111001
1111111011011111
1110111111101111
1111111111011011
1111110010111011
1110110111111001
1011111111111111
1111110111111000
1111111101110101
1101110111011111
1100110111111010
1111111111100011
1111001111111111
1111101111101111
1101111110101110
1100011111110111
1101111111011101
1101111111101100
1111111100111111
0110110011111111
1110111110111001
1110111001111111
1101110110111010
1110100111111111
0111011111101111
1111110110110101
1111111110101101
1110110010111110
1110011111111011
0111111010111111
1101110111110011
1111110110011101
1111101111110111
0110110110111111
1101110111111101
1111011011101111
1101111010111111
1111111110010101
1101111111110101
1101110011111010
1111101111011111
1111110111101111