1111111011110111
1110111101111101
1110111101111110
1111111111111100
1110101111111101
1111101110111010
0111111011111101
1111111011101011
0111001110111111
1111011111101110
0111011101111110
0111111111011111
0110111110101111
1111001111111010
0111111011111010
1111110111111111
1111101101111111
1111111111110110
1111111110010011
1111111101010101
1111001111111001
1111011111110101
1110111111011110
0111111110111010
1111111101111011
1110111011111101
1101111111111111
1111111010111111
0111111001111110
0111111110111001
1111111111101101
1111111110110001
0110101110111110
1111011111011111
1111111110001011
0110111001101111
0111101110111101
1111111001011111
1111111101101110
0111111100111111
1110011111111111
1111111100001111
1011111111111111
0111011011111111
1111101011111011
1111111111100011
1111101111101111
1111111110101110
1111001011111111
0111001111111110
0111011111110111
1110111111111011
1111101011111101
0111101111111010
1111101111110111
1111111111001110
1111101111011111
1110101011111110
0111111110110111
1110111111100111