0011111110111111
1111100110111111
1111101001101111
1110110111101011
1111111110011011
1001101111111111
1111111111111110
1101111101110111
1100111111110111
0111110101111111
1010110111011111
1111101011110111
0101111010111111
1010111111101101
0111101100101111
1111101100111011
1010111111100011
1111110110111011
1101110100111111
1111110111001111
0001111111111011
0011111111101111
0111111101011011
1111111011110101
1000111111111101
1110111111010111
1111110101101111
0101110111110111
1110111101100111
0011111111110011
0110111001111011
0011111111011011
0111110111111011
1100100111111011
0010111111111111
0111111011111001
0101111011111101
0101101101111111
0101111011110011
1011111111011101
1111111011011011
0111110111010111
1110110111110011
1111110111111101
1111111110110111
1111101101111101
1010111011111111
0101101111100111
0111111011100011
0111100111111111
1110101101111111
0111111110001111
1110111010111111
1001111011101111
0100111101111011
0111111111110001
1111111110101011
1111110011111111
1011111110111011
0111111101010111
1011110111110111
1011111010111111
0101111011100111
0110111100111111
1011111011101001
1111111001011111
0110111111001111
1011101011101111
1101111111011111
0111111101111101
1111100101111111
1110111101110101
1111111110111101
1101111010111011
1000111111101111
1000110110111111
1101111110101111
0101111001111011
0111111010011111
1101100111110111
1101111111100011
1110111110101111
1101111111101101
1011111111001111
1010101111111111
1101111100111011
1111101111110101
1110101111110111
1111101011111101
1011111101111111
0111111100111011
1110111101011111
1111111101101011
1111101010111011
1110111011101111
1111011111111111
1101111001101111
0111101111111011
1101110111110011
0111111001101111
1110111111111001
1111111111001101
1011110110011111
1111101111011111