1111100110111111
0111111111111011
0110110111011111
0111100111101101
1111110011111111
1110101011101111
0111101111011111
0111101110111111
1110110110011111
1110111101111100
1111111110110010
1111101111001011
1111101110111011
0111111001111101
0111110111111110
1111100111111010
1111110111100110
1110100111111011
0111111011111100
0111111111110111
1111110100111111
1111111101101111
1111100101111111
1110111011101010
1110110111110111
1011111111111111
1111110111111001
1110111101110101
1111111100011111
0110111110111101
1110101001111111
1111111011011101
0110111101111110
1111101111100100
1111111110101111
1111100111111100
1110110111101111
1111111100110100
1111110101110100
0111111111011101
1111101111111001
1110111111001001
1111111110111000
1111101011010111
1111101110111110
1111111101010101
1111101100111111
1110111111010101
1111110110111110
1110100111111110
1111111111011110
1111011111111111
1111111011011011
0111101011111111
1111101101111101
1111111111000011
1110111111110110
1111110101011111
0111110110111111
1110110111011011
1111111101111011
1111101110010111
1101111111111111
1111111110010101
1111111010111111
1110111110111010
1111100111100111
0110110111111101
0111111100111101
0111111001111110
1111111111101000
1111111011100010
1110111111100111