0011111110111111
1011110110101111
1110101011101111
1110100110111111
1111111111111110
0011101111101111
1111001111101101
1101111100111111
1111111101111101
1011110011111111
0110110111111111
1011111111101101
1001111111111111
1101111011101111
1111100010111101
1011011111111101
0111011101111111
1101111110111101
0111111110101111
1111100111101101
0101101110111111
0111111011111111
0111101111111101
1111000111101111
1111011010111111
1011110111111101
1111111111110111
0011011111111111
0110111111111101
1111111111011111
1101011111111111
1011001111101111
1111101111111011
1100111111111111
1110111011111101
1111110011111011
0010101101111111
0111011111101101
1010011111101111
0110101110111111
1011111010111111
1110111110111101
0110111100111111
1111111101101111
1110011011101011
0110101111101111
1010101100111111
1011000111111111
1010111011101011
1111010110101111
1110110111101111
1111001011111111
0111110111101011
1111110101111111
1011010111101111
1110000111111111
1111111111111001
1101100111101111
1111111110101101
1111111001111111
1111111110111011
0111110111111101
0011110111111111