0101111101111111
1111100111001111
1111011111110111
1011011111111111
1101011011011111
1110111111111110
0111111111100111
0111110111111110
1111010011011111
0111111011111101
0111101111111111
1001111111111110
1101111101101111
0001111111111011
1111110111110111
1111110101111101
0101111111011110
1001110101111111
1111111011110101
1011111011111010
1011111111101110
1110101111111111
1101111111110001
0011110011111111
1011111111011111
0010111111111101
1110110111111111
1011110111111100
1110111111110111
1111111111110110
1111010111001111
0111111111111100
0111111111110011
1011110001111111
1000111111111011
1111100101101110
1111101101111100
1111101111111011
1111111101111011
1110111111011101
1001111101111101
1111111111011100
0101111011111010
1111011111111001
1101011111111101
0001111011110111
0111010011111111
1111111101101101
1111010111011101
0111110111101111
0101010111111111
0111111111101010
1101101111111111
1111100111011110
1101110111011101
0110011011111011
1111101101100111
1111111111011011
1011110101101111
1111101111101101
1111110111111001
1101010111101011
1100111101111111
1111111011111001
1111111110111111
1001111111101111
1111110111111010
1111111111100011
1111001111111111
0110011111101101
1111100111111101
1101110001111111
1011111111111000
1011101111111111
1100011111011111
1111010011111101
1100011111101111
1111111001111110
1111101111011101
1101111111101110
1111110111101101
0110011101101111
1111011001111111
1111111111010101
1111111011101111
1111111101011111
0010111011111111
0101111111111101
1111011111111110
1000111011111111
1111110011011110
1111111111001101
1110111111001111
1010111101111101
1111101011111111
1111111011010111
0111011111011101
0011111001110111