1111010111011101
1011111111110011
1111111110000111
1011101101111011
1110100111100111
1110111111111110
1111111101110011
1011101101110111
1111111110110011
1111011111101111
1111111011111010
1110010111110011
1111110111010111
1111011110111101
1111011111111010
1011011110111111
1110111011101011
1111011101111111
1011111111010111
1111110100111111
1111110011110011
1111111101101111
1011011111111101
1111110111110110
1011111111111110
1010111111111111
1111110110101110
1111101111111101
1111111011110110
1110111111001011
1011100111111111
1111110111111010
1111111011011101
1011111110100111
1111111110100101
0111111111111111
1111110010001111
1111110111001101
1110110101111111
1111110001111011
1111111010101011
1111111110011110
1110011111011011
1011111111100101
1110111110110101
1111110011101011
1111110101111110
1111111110110100
1110110110101101
1110111111000101
1110111101111011
1111111010010111
1111111111111001
1111101110111111
1111111111101010
1111111000111100
1110111101010101
1111110111100011
1111011011111111
1011010111111111
1111100001111111
1111110110110101
1111101011100111
1111111011011011
1111110001111101
1111110111001011
1110011111011101
1111110110011101
1011111011111111
1011111110111101
1111111111001110
1111010111110101
1101111111111111
1111110110100111
1110101111111011
1110111100111111
1110111010111111
1111101111011111
1110101011111111
1111111111100110
1110110011111011