0111111111111011
0111101101011111
0111101110111111
1111110110011111
0011111111011111
1111100111011111
1111111111111101
1111111011111010
1110111001111011
1111011001111011
1110111111101111
1111110100111111
1110111111011011
1110011001111110
1010111011111011
1111111111001011
1110101111111111
1110111100111011
1111011110111111
1011111111011011
1111001111111111
0111111111111110
1111111110101110
1110111110011111
1011111111001111
1011101111111111
1111011111011011
1011111110111111
1111111111110111
1011111101111111
1111111001011011
1111100111111110
1111111111011110
1111111011101111
1111011101111010
0111111011011111
0111011111111111
1011110111111111
0111110110111111
1111101111111011
1111110011011111
1111101101111110
1101111111111111
1111101001011111
1111101011111110
1110111010111111
1111111000111011
0111101111001111
0111111001111111
1111010111111111
1111110111101111
0110111111111111
1011011011111111
1010011111111010