0101111111111111
1111100110111111
0111111111111011
0110110111011111
1111100111001111
1111110111101011
0111101111011111
1101011011011111
0111011111111100
1111001111101101
1110111111111110
1111111011110111
1111110110011111
1110110111010111
1110101111111101
1101111111110111
1111110100111111
1111111111110010
1111011111010110
1110111111001011
0111101111111101
1101001111111111
1111111110011110
1111011010111110
1111101111001101
1111111011111101
1101101101111011
1110111101111001
1111010110111111
1110101111001111
1101111111111101
1111010111001111
1111001111001111
1111001111111001
1100011111111111
1110011110011111
1111100101111011
0111110111010111
1111111110110111
1111101101111100
0110100111111111
0111100111111110
1111011111101001
1101111111111110
1100101111011111
1110111010111111
1111011111111000
1111110011111111
0111111110011111
1111101111011010
1110101111011011
1111111011111011
1101011111101011
1110110111100111
1111111111101110
1111001111111100
1111011101111111
1111111101101111
0111111111010101
1011111111111111
1110111111000111
1111111110111101
1101110111011111
0111110111110110
1110111111101101
1101111110101111
0111111111110100
1110110101111111
1110111110101111
0111001111111111
1111011111011011
0111011111110110
0111111111011100
1111000111111111
1111010111110110
1111110111011101
1110111111010101
0111011111011111
1111111101011111
1100110110111111
1111001110111110
0111111011011111
1101101111001111
1111101111110111
0111111111101111
1111111110111011
1111101011111111
0111101100111111
1101011010111111
1101111110011111
1111101111101011