1011101111011001
1111001111111110
1101111111010111
1111110001111111
1111111011011000
1111110111111011
1111101011110101
1111101011011111
0111001111111011
0111111111101011
1111011111011110
1110111111111111
0111111111010111
1111101111111100
1111100111011111
1111110011011101
1101111111110110
1001111111111111
1111001111111101
1101111111011110
1101011111111011
1111011101111111
1111110111110111
1011101111110111
1111111111001011
0101011011111111
1111111101111110
0011011111110011
1111111110111111
1111101011111011
1011111111101111
1111111111100010
1111111001010111
1111111101011101
1111101111101111
1011111101011111
0111111111111110
0111111011111011
0111111101111111
0101111111111011
1111111101101001
1101111111100011
1111001011111111
0101101111011111
1011001111011111
1101011111011111
1111101101111111
1111111101001111
1101111011110111
0111110011111111
1101111111111101
1111111001011011
1111101111010011
1111100111111110
1111110111101101
1011111111011000
1111111011101111
1011111111010011
0111111111111101
1111011111110100
1111111111100101
1011111011111111
1101111001111111
1101101111111010
1011110111111111
1111110011011110
1101101011111110
1111011111100110
1011011111010101
0101111111101111
1101111101111011
1011011111111010
1111010111111111
1111011011111101
1111011111001111