1111101101101011
1111011101110110
1111011111010101
1111101111110001
1110111111111111
1111111101111101
1111101111111100
1111011111101111
0111111101100111
1101101110111111
1111101111010111
1111011110111101
1101001101011111
1111101101110111
0111111111011111
1011111111101110
1101101111101110
1011111111110110
1111110111111111
1111111011111111
1111101111001111
1101111111110011
1001101111110111
1111111111101010
0011111111111110
0101101111111110
0111111101110010
0101101101111111
0011101111110111
1001101111011111
1101111110100111
1101011111111110
1111011110011110
0011111110101101
1111101101111110
0101111111101110
1011111101101111
1001111111001111
1111111111101001
1111011111111001
1011011111110101
1111001111011101
1001111110111111
1111011111111010
1111111111011011
1101111111011110
1001001111111111
0111111110111110
0011111101111111
1001111111010111
1111101110110101
1111111100001111
0111011111111011
1101111100110111
0111101111101111
1001111101110111
1101001111110101
1111011111110011
1101111111101101
0111001111111111
1011001101011111
1011111100111110
1111101111110110
1011111111100111
0101111101110110
1111111111100101
0011111111110101
1101011101010111
1111001110111111
1011111111111011
1101111110110110
0101011111111111
1111111110111011
1101111101111011
1101111110011111
1101001111111011
1101111100101110