1111110001111111
1101110110111101
1111101011110101
1100110111111110
1111110111111011
1110110110011111
1111111010011111
1101111001110011
1111110110011110
1110111111111101
1101111011111101
1101101111111111
1100111111110111
1111111111101111
0111110111111111
0111101100011111
1101111111011111
1111100101111111
1011111111111111
1111110111110111
1111110101111101
1111101101110111
1101111110111100
1111101111111110
1111111101111110
1111111010111010
1110101111111111
1111111011010011
0110111101111111
0111111011111111
0111101111111101
0111111111111110
1111110110111100
1101110011111110
1110111101110111
1111111111111001
1110111001111111
1111101111011101
1111111110011101
0111111100111011
0111111101110011
0101111100111111
1111011111111111
1111110010111110
0101111111110011
0100111110111011
0110111111011011
1111111110110111
1110110011011111
1111110101011111
1111111011110010
1111110011011110
1100111110111010
1111111111110100
1110111010111111