0110110111011111
0111011111111101
1110111111111110
1111011111011111
1100111011111101
1101101111111111
0111111110111111
1101111011101111
1101111110101101
1111111010101100
1011111111111111
0100111111011111
1111010101101111
0111011101111110
1101111110111110
1110010011111111
1110111110111111
1111110111011110
1101110111011111
1101111101111111
0111111011111111
1111111100101111
1111101111011110
1111110101111110
1111111111111011
1111111111001111
1111111111110111
1111101100111110
1101011111111111
0100111111111101
1111100111111111
1111010111101110
1111111100111101
1111110111111101
1111101101111101
1111111001111111
1111001101101111
0111111111101111
1111101011111111
1110101101111111
1100110111101111
1111001101111110
1101111110011111
1111011011111100