1110100111001111
0010111110111111
1001111111011111
1111110011101111
1111111010011111
1110111111111101
1101101110111111
1011110011111111
0111101110101111
0011111110111101
1011101111011111
1111110100111110
1101100011111111
0110101111111111
0110111111011111
1101111110111110
1011101011111101
1011100111111111
1011111111101111
1111110101101110
1101111100011111
1101101111101111
0111111111111110
0011101011111111
1111110111001101
1101111000111111
1111101101111111
1011111011111100
1100111111111110
1101111011001111
1010111110111110
1111111111110111
1010110111111111
1001111001111111
1111111100011101
0100110111111111
1111111010111101
0101111011011111
1111110111111100
1011111110111100
1111110101011111
1101110011011111
1001111100111111
0101111111101111
1101101111011110
0001110111111111
1110110001111111
1101110101111111
1111101011011111
1101110111111110
1111111001011111
1100111101011111
1011111110011111
1111111011011110
1111101010101111
1101101111111101
1100101111111111
1101111101111110
1100110111011111
1101111011011101
0111111101111111
1101111111011100
1100110011111111
1101111101101101
0011111010111111
1110110111101110
1111111111111011
1111111001111110
1110101110111110
1111100111111110
1100111111101111
0111100111011111
1110111011101111
1111011111111111
1001111011111110
0110110110111111
1111100110101101
1111111111001110
1011101110111111
0011111111011101
0111101011101111
1110111100111110
1111101110111100
1111101011111110
1111111011101101