0101111111111111
1111101001101111
1001101111111110
1110111111111110
1101101111110101
1111110111010110
1111101011110110
0111110111111111
1011111001100111
0111111011111100
0111101111111110
1110111110100111
1000111111111111
1101110111110111
1011110101111111
1011111001111110
1110111101111111
1100111110111111
1110111011110111
1011100111111111
1101111101110101
0111101111111101
1110110111111111
1111111101001111
1011111110111111
1101101010111111
1110111010111101
1010101111101111
0011111001111111
1111110110111111
0111101011111111
1111101110101111
1111110101110111
1111111011000111
1111101101111101
1111111001110101
1101101111110110
1111101101111110
1100101011111111
0111111001111110
1111110001111110
1110111010101111
0111111111010111
1101111011111100
1111111001011111
1111111111101110
1111100011111111
1101111111011110
1011111111010110
1111101110110101
1100101111111101
1100111111000111
1011111111111101
0110111110111101
1001111101110111
1101111101011101
0111111111110101
1101110001111111
1101111110000111
1111111100111111
1110101111110101
1111111111111011
1010111111001111
0111111111011101
1001111011100111
1110111110001111
1111111101011110
1111111111010100
0111111011110111
1101111011011111
1011101101101111
1011111011010111
1001101011101111
1111011111111111
1111111110101101
1101101111100111
0111111010111111
1101111010111101
1101110111111101
1001101011110111
0111111111101111
1111101111011111
1111111011010110
1111110111101111
1110101110111101