1111101101101011
1111110010110011
0101011110111111
1101101110111111
1111110111010111
1101111011101111
1111111011101010
1101110111101101
1111011011111010
1011011111111101
1101111101101111
1111100111101111
0010111111101111
1011111111101110
1110111101011101
1001111111110011
1010011111111111
1010111101011111
1111100011110111
0111111111111110
1111100010111111
1001110011111101
0101111110101111
1100111111110011
1001110011111110
0111110110110111
1111001011101111
1011110011111011
1000110011111111
1001110111011111
1001001111111110
0111111111111101
1101100111111110
1111111111110101
1101110011011111
1101111111001101
0111111101101011
1101101011111111
1111101111111010
1110101111111011
1111001101111111
0110011111100111
1011110011101101
1000111111001111
1101111011111100
1111110011011100
1101110111011100
1110011101111111
1011100110111111
1111101111101101
1110111111101110
1111010111011111
1011111110011111
1110111111011011
1111011110011011
1111011110001110
1110111011011111
1101110110101110
1111101010101111
0110011111111011
1001111111101101
0111101111101111
1011011111011011
1101111010111011
1110111110111111
1001110110111110
1011110011001111
1101011110111110
1011001111110110
1101011111110111
1111011111111100
1111100111110011
1110001011111111
1111111100111111
1101011111011110
1111110010100111
0110110011111111
1101111011110111
1111011101101011
1111111101110111
1011111011100011
1111110111101100
1111001110111110
0111111010111111
1011101010111011
0111111110101011
0111110111110011
1100010111111111
1000111111110111
0101101111110111
1100011011111101
0011101111111011
1101111111010111
1011001011110111
0011011110110111
1111111101111100
1010111101101101
1101011111111011
1111110111001110
1101110111110110
0111111111011111
1111011111010111
1011101011111101
0111110110111011
1111111011110110
1111011111101101
1111010011111110
1101010011111111
1111001110101011
0101111111101011
0111101011110111
1010100111111111
1001011111101111
0110111101111111
1110101111101111
1111011010111111
1101011101011111
1001100111111111
1111111101111010
1111010110111111
1111111010111101
1101111101111101
1111111110011101
0101110111111111
0111101101111011
1110111111101011
0011111011111011
1010111111011101
1011010111111010
1110111111011110
1110110111111100
1111111011000111
1111101101111101
1011001111101111
0011110111101111
0111111011100011
0111100111111111
1111110111011011
1110101101111111
1111111010111110
1011111111011110
1110100111110110
1011011011111110
1111111111010011
0111011111100011
1110111011100111
1111110110110110
1001011011111111
1011111111111100
1111011101011110
1011110111110111
1110010111110011
1111111111011010
1110011111111110
0111101011111011
1111001011110011
0011011011110111
1111011101011101
1000111011111011
1111000111111101
1111011011101011
1100101111111111
1011111101101011
1111101110110111
1110100111111101
0010110111111011
1111110011101011
0111001111111111
1111110101111111
1111010011111101
1000110111111010
1111111111111001
1110110111101101
1011111110101111
0011111110110011
0011010111111111
1111010111101111
1111111001111111
1101111110110111
1011101110111110
1111101111011111
1001111111110110
1011110111011101
1110011111001111
1101111110011111
1111111111100110
0101111011111011