1111011111110111
1011110110101111
1011011111111111
1111110011101111
1101101110111101
1111101111110011
1101111111001111
1011101011111111
1111011111101111
1011110011111110
1111101111010111
1111101010111110
1001111111111110
1110110111110110
1010111011111011
1101111110111100
1111111111001011
1111010011111111
1111111101111111
1111111010111011
1110101111111111
1011100111111111
1101101111011011
1111011110111111
1111111110100101
0111111111111111
1110110110111101
1010111111110111
1111111110110100
1111101111001111
1101101110011111
1011101111101110
1110111111011111
1001101111011111
1100011111111111
1110011011111110
1001111111111011
1110110111111100
1111101110101111
1101001111011111
1010111011111110
1111111011110001
1111111011111100
1101101111110111
1111110110100111
1111111111011101
1110110110110111
1110111011100110
1100111110101111
1111110111111011
1100111110110101
1101110111111111
1110111110110011
1111111010110111
1111100011111111
1010110111101110
1111110011111101
1101111011111111
1110111110111110
1011111111111101
1111110111011111
1111101110110111
1110111111101101
1110111111100011
1101111110101110
1111011111111101
1111101111011110
1111001011111111
1101111111101100
1111111111111010
1111111110111001
1111111110001111
1011111011010111
1110110010111111
1011110110110111
1110111111111001
1001111111110111
1101111110101011