1101101101101111
1111110111101011
0111101111011111
1111111111111110
1110111111111111
1111111111110011
0111011101111111
1101101101110111
0111001111101111
1111001111110101
0101110111011111
1111111101100111
0111011111100111
1101110111111011
1111111011111111
1101111101111101
1101001111111101
0101011111101111
0111111111111101
0111110111010111
1111101111111011
1111111111011101
0111101111110111
1111111111101101
1111011111011111
1111111111011011
0101111111001111
1011111111111111
1101001111101111
1111111110111111
1111101101011111
1111110101111111
0101101111101111
1111000111111111
1101011101101111
1101110111100111
1111010111101111
1101110111111101
1101010111111111
1101001101111111