1111101101101011
0101111111111110
0111111011111110
1111111111110011
0111110101111111
1111111010111001
0111111110110101
1111101100111010
1101111010110111
1111110111110111
1111111011110110
1110111011110111
1101101111101110
0101111111111011
1111111100101110
1110110111111111
1101110111111010
1100111011111011
1110111011111110
1111111010111100
1111111111011111
1111101110101111
1111110111111101
1111101101111101
0111101111101011
1101101011111111
0111111111100100
1111111111101001
1111110101101011
0110111111111111
1111111101101101
1101111111100111
0111111111101010
1101111011111100
1101111111111001
0101111111101101
1110111101101111
1101111110101101
1101110110111011
0111101011111011
1011111111111111
0111101111101110
1101101111111101
1101111101111111
1111101110110111
1110111111101101
1101110111101011
0111111101111110
1101110011111111
1110111110101110
1111110101111110
1110111111111010
0101101111101111
1111101111110110
1111111101110111
1111101011111101
1111101010111010
1110101110111111
1100111111101111
0101111110111111
0111111011110111
1111111011101111
1111111110101100
1111011111111111
1111110010111110
0111101111111010
1111100111111111
0111111010111111
1111111100111100
1111111001111111
0111110110111110
1100111111110100
1110111100111110
1101111110101011