1011011111111111
1111111110011010
0011110011111011
1111011011011011
0111011011110111
1011111011111001
1110111111111101
1111111101111101
1111111111110011
1111110011011101
1111110111011000
1111111111101111
0111111011111101
1111010111011111
0111111111110110
1110111111011010
0111110111011101
1111110111110111
0111011110111101
1111101111111111
1111111101111110
1110110111111010
1111011100111011
1111111111010111
1011111111011111
0011111111111100
1111111010011011
0111111111011100
1011111100111111
1111111011111110
1011111010111011
1010111110111111
1010110111111111
1110111011111111
1111111010111101
0111011111011111
1110111101011111
1111011110111001
1111011011110101
1111011111111110
1111110110111111
0011111101111011
1010111111111010
0110111111011011
0111111011011111
0111011011111011
1111111110110111
0111011101111011
0110011111111111
1111111001111111
1110010111111111
1101111111111111
1011111111110111
1110111110111011
1110111100111111
0111110111111100