1111011111110110
1111101011101111
1011110110101111
1111101110100111
0111011111111101
1110111111111111
1101111100111111
1111001111101111
1111111111111100
1111011100111101
1001111110101110
1001111101111111
0011111111101110
1111101111111101
0111101011110111
0101110111110111
1111111101100111
1101110110110111
1111011010111111
0111011110111110
1011101101111111
1111111011111110
1011110111111110
1111010110111110
0111110110110111
0011011111111110
1011111101110101
0111101110110111
1101111111111101
1111101100111111
1011111100101111
1111111111011111
1101111110100111
1101011111111111
0111111110100111
1111011100101111
1011111011111111
1101111001111111
1011111110111101
1111111001110101
0111110011110111
1111110110100111
0111111001111111
0011110111110101
1111001111111110
1111110001111111
1011011111101111
1101101111111111
1111011111100101
1111010101111101
1111111101101110
1111110111100110
0111111101110111
1011011110111111
1111110100110101
0111111111110110
0011111101111110
1101110110101110
1111111100110110
0111110100111111
0101111101101111
1101110011101111
0011110101111111
0111011110101111
0011101111111111
1111111011100111
1011001111110111
0111010111111111
1111001011111111
1111110101111110
0001111110101111
1111111111111011
0111111101101101
1111010110110101
1011111111100110
1111110111101101
1111111110101101
1111100111111111
1011110110110111
0001111111111110
0111111010111111
1001110111111111
1111011100111110