0111110111011111
0100111111111111
0101111101111111
0110111011111111
1110111101111100
1111101111111100
1011101011111111
1111101011110111
1101100111111011
1000111111111111
1101110111110111
1111111111110010
0101111111011111
1111111011110101
1110111111001011
1011100111111111
0110111101111111
1110100111110011
0110111111111110
1011111111011111
1010111111110111
0111100111111010
1111101101111111
1111111101001111
1111111111101010
1111101111100110
0111111111111100
1100111111100101
1111111011011011
1110110111111100
1110110111011011
1111111011110011
1101111111111110
1110101111111010
1101111011010111
0111111001111111
1111111111011101
1101100111111101
1111110011111111
0111111111101011
1100111111111011
1110111011111010
0101111111101101
1110111101101110
1100101111100111
1111111111011010
0001101111111101
0111111111110111
1110111011011111
1011111111111110
1100111101111111
1101111111000111
1111111110111111
1001111111101111
1001101111110101
1111101011111010
1110110111111010
1110111111100011
1110100111111101
1110110111110101
1111110111110100
1111111111111001
1111111101110111
1011111101111111
1110101011111101
1111111011101111
1111011111111111
1011111111111011
0011101111101101
1010101111111101
1111111111001110
1001110111111111
1111101111011111
1111110111101111
0011110111111111