0110111111111011
1101111111011000
0010111110111111
0111101111011111
1110001111111111
1111111110011011
1010111111111101
1011111110111011
1111011111011110
1110111111111110
1111111110110011
0111110110111101
1001101111111101
1011111111110001
1111111111101111
1111100111111011
0101110111111010
0011111110111101
0111111111110111
1101111110111101
0111011111111011
1111011111010111
1111111101111111
1011110110111110
1111110111011111
1110110111111011
0111101111111101
1110110110111101
1111001110011111
1111001111111010
0001111110111111
1111011111111101
1011111111011111
0011111111111100
1101110110110111
0111011110111111
1110111110011111
1101101110110111
1110010110111111
1110111111110111
1011110111111101
0111111111011101
1111111011111111
1111101111110110
1111000111111111
1100111111111101
1111111110110110
1010110111111111
1111010111110111
1111101110111110
1111111110011100
1111101111011101
1111011110110111
1011010111111111
1101011111111111
1011011111110111
1111110111111100
1010111111111011
1011111111111010
1101111110111011
0101110110111110
0101100111111111
1001111111110111
1101101111011111
0011110111111111
0101110111111101
1111111111010010