0111111111111011
1110101111101011
1111110111101011
1110011110111111
1111110011101111
1011101111111011
1111111101111101
1011110011111111
1101000111111111
0101111010111111
1111101100111011
1001111111111111
1101101010101111
1111100111101111
1011110101111111
0111110011111101
0101111011101111
0111111110101110
1111111000111110
1111110101101111
1010011111111111
0111001111101111
1111111100101110
1111001111111011
1101111000101111
1101100111111001
1111100010111110
0011111111101100
0111011110111111
0111100100111111
1010110111111101
1011101101111110
1011111110111111
1110111101111011
1011110111111110
1111111111110111
0111111000111111
1110101100111111
1111011011111111
1011010111111111
1111111111011111
1110110110111111
1110100011111110
1111011101111011
1111110111111100
1011111011111110
0011110111101111
0101110110111111
1100111111111111
0111100111111110
1011111111101011
1110111011111100
1010111101101111
1101011110111011
0110111111111111
0101110111111101
1110110001111111
1101110101111110
1111111011111011
0111111011101110
0101111111101101
1110100101111111
0111000101111111
1101101100101111
1101100101111111
1111000110111111
1111111110111101
1101101111111110
1101001111101111
1111101001111111
1110111110111110
1111101111101110
1111100110111011
1111010110101111
1111011111111101
1101110011111111
1011111111111001
1111111111111010
1010101111111111
0101101111101111
1111101011111101
0101111110111110
1110111011101111
1111011111111110
1110010111101111
1010111111111011
1101111010111110
0101100111111111
0101111001111111
1101001101111111