1111001111111110
1111010111011101
1101111110111111
1010111110111011
1111000111111011
1110101111111101
1111101110111011
1001101111111101
1111111111101111
1011001111111111
1011101111011111
1101111111011110
1110010111011111
1011111110011111
1011111111011001
1011011111111101
1111110111111001
1010111111111110
1111111110111101
1011101111111001
1011011111011011
1111111101111111
1111111110111110
0111111111111111
1111011111111100
1111011110111011
1111100111111101
1110001111111011
1110011111011011
1010111111111001
1010101111111111
1111111111111010
1111111011111111
1111111111110111
1110110111011100
1011111111011100
1101100111111111
1111001110111111
1011110111111111
1011011111011110
1100010111111110
1101101111011111
1001111111111001
1100111111011101