1111011111110110
0111111011111110
1111011101110111
0111011011110111
1111110011101111
0111111100101111
1110111111111111
0111111111100110
1111011101101110
1111111111111100
1111111001101111
1111110001110111
1111011111110001
1001011111111101
1001110101111111
1111101111111101
1001011111101111
1011011001111110
1111011010111111
0111100110111111
1111010100111111
1101111111110010
1101101010111110
0101101101111111
1111111111011111
1011011111110111
1101100111111111
0011111111111111
1011110001111111
1111110111111101
1111111110110111
1111011111101011
0111011111111110
1111111101111011
1011111111101010
1011111101101110
1001011111111010
1101110111101111
1111111110101011
1001011011111111
1111111111101101
1101011101111101
1111111010101110
1111110111111011
1011111011110111
1011110101110111
0111111011101111
1001111110111101
1011111111110001
1111110111100111
1001010111111111
1111100101111111
0111011110111101
1001110011111111
1101101001111110
1111010101111110
0101111101101111
1011110110111111
1111110011111110
1111111111100011
1111001111111111
1101011110111111
1101111110101111
1111101111101111
1011011100111101
0111101110111011
1001111011111001
1011101111111111
1011011011101111
1111111101110110
1101111011110111
1111010111110111
1011111111100111
0101111111100111
0111111001110111
0101111110111111
1011011110111011
1011110111101111
1101110110111110
0101111101110111
1111010111101111
1111101111110111
1111111110111010
1111111100111110
0101111001111111