1011101110101111
1111011111110111
0111101111011111
1110011110111111
1111011111011110
0010111111011111
1111100111011111
1111111111111101
1111111100010111
0111101101111111
0110111111001111
0111111110111111
1110011101111111
0110111111110111
1110111101101111
1110111111101110
1111010111011111
1110011111111110
1111011101111110
1011111110011111
0011110111011111
1111100111101111
0011111111101110
1111101110011111
1011111110110110
1111101101011111
1011110111010111
0011101111111111
0111010101111111
0110111111111110
0111111101111110
1111111110101110
1110110101111111
1011001110111111
1111110111111110
1111111111111011
1010101111111110
1011010111101111
1111111011111111
0010011111111111
1110111110110111
1011111111100111
1110111101011111
1110100111111111
1111110110111111
0111000111111111
0111110111010111
1011111101111110
1111001101101111
1111101111110111
1111110101011111
1101111111111111
1111001110101111
1110111100111111
1111011111001111