0111111111111111
1101111111011100
1111101111011110
1110001111111111
1101111111100111
1101111111101100
1111110111111111
1101011111011111
1110111111111011
1110111111111101
1111111011111111
1111011111100101
1101111111001111
1111111111111001
1101111111110110
1111101111011101
1111111111101011
1110111111011111
1101001111110111
1111111111011011
1111101111101101
1100011111111110
1101011111111010
1011111111111111
1101101111111011
1110111111110110
1101101111111101
1111001111100110
1111111110111111
1111111101111111
1101101111011111
1111111111010111
1110111111100111
1111011111001110