0111110111011111
0111111101111010
1111110111101011
0011111111110111
1111110011110101
1111101111110001
1111111101110011
1101101110111111
1110001111101111
1010111111101100
1111110110111011
0111101111111111
1011111110101011
1111111001101111
1111110100111110
1110111110100111
1111110111001111
0110111111011111
1111111111110010
1011111110110111
1111110100100111
1111111100111011
1110111011110110
0011111111101101
1000111111111101
1111111000111110
1111110101101110
1011111111011011
1111111111010111
1111110010110110
1110110111111111
1011111111110110
1011111110111110
1101110111111011
1110011010111111
1111011011100110
1111111101111000
1111011110101011
0011011111111111
0110111101111101
1010111111011101
0111111111111100
0111111111110011
1101011111111111
1111111010100111
1110111111011110
1111110001111101
1110001011110111
1010111011111110
1111101101111101
1011110111111111
1011001111101110
1011011111011111
1111111011111100
0101111111101111
1110111011111101
1110101101111111
1111111110011111
1111010111111110
1011011011111111
1111111110101010
1101101111100101
1111111101101100
0011111111111001
1111101111011010
0111111111101011
1110011111100110
1111111011111011
0011111111011111
0111111011101111
1111111110110011
1111111011011111
0111111110111111
1110111010110111
1111001111110011
1111101101100111
1101111111011111
1111011101111111
1010101011101111
0110011011111111
1110111100110111
1111110110101110
1110111101110101
1111111110111101
1101101111111110
1101111011111111
1111101101111011
1100101111111111
1011101010111111
1101111101111111
1111011111001011
1101111110101111
1111011111111101
0111010111111111
1110101111011111
1011111111001110
1111101111110100
1110111111111011
0110111101101110
1111001111101011
1111111101110110
1011111111001101
1111101110111110
1111011010101110
1011111111100111
1011111101111111
1111110111011101
1100111111101111
1111110111101100
0111111011110111
1111111101011111
0101111111111101
0111111101111001
1101110110111111
1111100111111111
1111101001110111
1011111111111010
1111110101111001
1111010111101111
1011101111110011
1101111110110111
1101101111111011
1110111100111110
1101111111110100