1111110011101111
1100111100111111
1111111010011110
1111110110011111
1011110111111011
1111011111101111
1111111111111100
1001111111111111
1100011111111011
1111011011111011
1100111101101111
1011011111111101
1100110111110110
1011110101111111
1011111110110110
1111111011110101
1101111110111110
1111101111111111
1111111100011111
1011111111101111
1111110101101111
1111111111010111
0111111111111111
1111110110110011
1110111100101111
1101110101111011
1111011010111111
1100110111111011
1011111011110011
1100111011111011
1011110111111110
1110011110110111
1111111111101011
1100011101111111
1111110000111111
1101110011110111
1110110111110011
1111110111111101
1111110101110111
1110111111110101
1101110011011111
1110111001011101
1110111010111111
1111010111111111
1011111001011111
1101011101110011
1100011111111101
1110111001100111
1111110110110110
1111111111101101
1111011101011111
1101110101111110
1100111111111010
1110110011011110
1111111011111010
1111111111101110
1111111111011011
1111110110101111
1010111111111111
1111110001011110
1111111101110101
1011111010111101
1101110111011110
1100011110111111
1111011011110111
1110110001111011
1100111001110110
1111111111111001
1011110011011111
1100111011011111
1101111001011111
1011011100111111
1111011111111110
1011111010011111
1011110110110111
1111111100111101
1100111110110111
1100110101011111
1111111110111010
1101111010111111
1011111101110011
1011011111111011
1101111110011111
1100111111011101