1111011111110111
1111110111101010
1010011111101111
0011111111011111
1011110111111010
1111111111111101
1111011101101111
0111111101100111
1111111010110110
1110111011111010
1111111001011111
0111110111111111
1111111111011011
1111111110100111
1011111110011111
1110111011011111
0010111111101111
0110011111111011
0111111111011110
1111111111110010
1111101111111111
1111110111011110
1110111110111111
1111110101101110
1111110011111110
1111111111010111
0111111011111111
0111111111111010
0011011111101111
1011011111101011
1110110111111111
1111110010011111
1111111100111111
1110111101110111
1111111111001111
0110111101101110
1011111010111011
1111111010110011
1011111101111111
0011111111111110
0111011101011111
1111011011111111
1011111110101111
1011110111101111
1111011111111110
0111111110111011
1111110011100011
1010111011111110
1101111111111111
1110111011110011
1011111111110111
1111110101101011
1111010111111111
1011110010111111
1111111001100111