1111011111110110
0101111111111110
1101111011101101
0011111111001111
0110101111011111
0110111011111111
1111010111101101
1111110011101110
1000101111111111
1101111110111111
1110111111111101
1111001111101111
1011101011111111
1111111101111100
0111111101100111
0111110101111111
1001111101111111
0111011011101111
1011011111111101
1111110111110111
1011111001111111
1101101101110111
1110011111101110
1111011111010111
1111101111111110
0101111011101111
1101011111101101
1110111111010110
1010011111111111
1011101111011101
1111111100101111
1110110111111111
0111011110111111
1001011111111111
1010111111110111
1011111011111101
1100111111111110
1011101101111111
1101111101111101
0101110111111111
1111110110111110
1111110000111111
1111101111100111
1111110001111101
0110011111111110
1101101011111111
1110101101111111
1101011111100111
1111111110011111
0111010111101111
0111111001111110
1010111111011110
1111111111011100
0111010011111110
1011011111101111
1111111010101111
1011111011110110
0111111011101101
0111111101010111
1111111010110111
1111111011011111
0110111111110111
1111001111111101
0011111011111111
1011011110111110
1110111101101111
0111101111110101
1111101111101101
1101111111011111
1111011101111111
1011111111010111
0111111110111110
0111101111010111
0011111101111111
1111010011101111
1111111101001101
1111111110111101
1100111101111111
1110111110111111
1011110110111111
1111101101011111
1011110111101101
1111010110101111
1111001011111111
1111110101111110
1011111111001110
0111111111101110
1111111111111011
1111111101110110
1110101111110111
0101011111111101
1111110101101101
1101111111101110
0111011111011110
1110111101011111
1111011011110101
1011111110101111
1111100111111111
1111111111100101
1111110101001111
1111001110111111
0001111111111111
0100011111111111
0111111001101111
1010111101111110
1101110111111100
1110011111100111
1011101110111111
0111101011101111
1101111111110101
1011111011101111
0101101111110111
1111011111001110