0111111111111011
0101111111111110
1001111011111100
1011101101111011
1110111101111101
1001110111111101
1011110011111110
1011101101011111
0111111011111100
1011110111011010
0110101111111110
1001111101011101
1111110101111101
0111111111011110
0101111111011111
1111101111111101
1011111011111011
1110111111111100
1111111101111110
1101110011011011
1101110101011011
0010111111111101
1101101101111011
1100111111111101
1111111101111001
1111111111110111
1111110011111001
0111101011111111
1010111011111111
1110110101011111
1101101011111111
1111101111111010
1110111011111101
1110101101111111
0001110111111111
1110101111011011
1100110111111110
0010111111011111
1100111011111111
1111111011111010
1111111001011111
1001110111011011
1111111111101111
1100111111011111
0011111011111110
1101110011111100
1111111110111111
1100101111111111
1111101011111011
1110111111011001
1110110011111111
0101111011111111
0111111101111111
1101111111011100
1101110001111111
1110111111111010
1110110111011101
1111011111111111
1111100111111111
1010111111111011
1111111111111000
1000110111111111