1111011111111001
1111100110111111
1111110111101011
1011011111111111
1110111111111101
1101110110011011
1101111111111001
1111111110001011
1111100111111011
1111110110111010
1111011111111010
1101010111011111
1111101110101011
1111110110101110
1110011111101111
1111101111111110
1111011111101100
1111111101111111
1010100111111111
1111010111111011
1001111111111101
1111001111111111
1111011111001011
0111111111111111
1111111011111111
1011110111111110
1010111110111110
1111111111110111
1111111111011110
1110111111101011
1101011111111110
1111011110011111
1101111111101111
1111110111111100
1011111111111011
1111010111101111
1001110111111111
1100111111111111
1011110110011111
1010110111001111
1110111110111011
1111101111011111
1111111111011101
1011111110101101
1101011110111011