1111101011101111
0111111111111011
0101111111111110
0111101111011111
1110111111111110
0110110101111111
1101111111110110
0110101111100111
1101111111101011
0111111011111101
1011111110101011
1111110001110111
1111111110100111
1011101111011111
0101111101111101
1101100111111011
1011111101100111
0110111111011111
1011111011111010
1011101011111101
1111111011110110
0101111011101111
1111111010111010
1111111011001110
1011100111111111
1101101011011111
1111111111010111
1011111111011011
0111101111111100
1111110010110111
1111111101100110
1111110111111110
1010111111110111
1110111101001111
1111101101111111
1101111011111011
1111101111111000
0111111000111111
1110111011111111
1110111110110111
1111111010111101
1111111111101010
0101101111111111
1011110011101111
0011111111111111
1111110111110011
0111111101011111
1011110001111111
1111110111111101
1001111111100111
1101101011111101
1111111111110101
1010111110111101
0111110011110111
1101111110111010
0111100111111111
1100111111111111
0111111100111101
1111111110011111
1101100111100111
1110111111011101
1010111101101111
0101111110110111
1101111100101111
1111111111101101
1111101111011011
1101110101111111
1001111101101111
1011111011110111
1110100111100111
1111111110110011
1001111110111101
1111111001111010
1101111101111001
1111111001011111
1001101111101110
0111111101110111
0111111111001110
1111111111011010
0101111111001111
1011111101011101
1011111110111001
1101101111110011
1111111011111001
0110110111110111
1111110111011111
1101110011101111
1111111110101110
1111111010101011
1110111110101111
1111111001111100
1110111111111011
1011111100111111
1101111011110111
1111101110111111
0101111111100111
1111101111011101
0111110010101111
1111011111111111
1111110100111011
1110111100111101
1111111100111100
1011101111110011
1001110111111111
1101111101111010
1111101011111110
1011110010111111