0110111111111011
0110110111011111
1111011111110111
1111001111111110
1111111111101101
0111101111011111
1101111111100111
1110011111011111
1111111011110111
0111111011101110
1011111010111110
1111111111110011
1011101110110111
0111111111100110
1111011111101111
1110101111010111
1110001111111101
1001111111111111
1111111111011011
0111101010101011
1111010111011111
1101111111011111
1110111110100111
0110101111111111
0110111110111110
1011011111111101
0011111111101111
1111110111110110
0111011011111111
1100110111110111
0111110111100111
1011101111110110
1111010011111111
1111111101111111
1101110011101111
0111111110111101
1111011110111111
0111111010011110
1110011111111100
0101111011111111
0011101111111110
1011101010101111
0011101011111111
1011111111011111
0111011111111001
1111111111111010
1111111011111101
1011110111111101
0111111111011101
1111111111001111
1111101111111001
1011101110111101
0111110011111111
1111111110110110
1010110111111111
0011011111111111
1110111011111111
1011111111100111
1101111111111101
1101101010111111
1110101110111111
1100111111101111
0010111111111111
0101111110111111
1111101111100110
1101011011111011
0111111111111100
1100011111111111
0111010111111101
1111110110111111
0011101110111111
1111100111111111
1111110111111100
1011111111111011
1010101111111100
0111011111111110
1011111110111100
1101101111111011
1111111111110101
1111110011011111
1101111111111110
1101010111111111
1110111111011101
0111101111110110