1111101101101011
0101111111111110
0111001111101011
1110100110111110
1111110100011111
1110111101111110
1111111111111100
1111101100111011
1001111101111111
1011101101011111
1111111110100111
0001111111111011
1011111101111011
1111110111110111
1111111111110010
0111111111011110
1101001110110111
1111110101101111
0111101111110011
1010011111111111
1111111111010110
1110101111101111
0101110111011111
1111110110111101
1111111101100111
1101100111001111
1101011101110111
1111111100110101
1010111111110111
1111111101111010
1111001111100111
1011111110111111
1111111011111111
1111101111111001
0011011111111110
1110000110111111
0111110111111011
1111011100110111
0010111111111111
0101101111111111
0110111111111101
0111101110011111
1101011111111110
1011111111011101
1110111111011110
1111101101111101
1101111100110011
1110111111110110
0101110110111111
1111101101111110
1100111111111111
1111101111111010
1110101101111111
0110101111110111
1111001101111111
1101110111101110
1101011110111011
1110011111110111
0111111111110001
1111111110101011
0111001110110111
1011100111101111
1101110101111110
1111011111011111
1101101101111111
0111111111101001
0111101111001101
1111100111111011
0110111111001111
1111111101101110
1011110111101011
1111011111111010
1111111111011011
0101111111110111
1101111111011110
0111111110111110
1011011101110110
0110111110111111
1111101110110101
0111111111010101
1111110110101111
1111111101001101
1101101111110011
1101001111101111
0011011111110011
1110110111011111
1111010101111111
0111111110110011
1101111110101111
0111111101111111
1110100111111101
1111011111111101
1111101111011110
1011111111001111
0111001111111110
0111111111101110
1110111111111011
1101101110111011
1111111110001111
1011111111100111
1110111111010101
1111110111101101
1111111110101101
1111111111100101
1110010111101111
1111001110111110
0011010111111111
1111010111101110
1101111110110110
0101011111111111
1111111101110001
1010111101111101
1110111100111111
1001111111110111
1101111110011111
0111110111111101
1110101110111101
0101111110111001
1111100100111111
1011001111110011