1111111010101111
0110111011111110
1011111111110011
0011011110110111
1111011111100101
0111111111100111
1111111101111100
1010111010111111
1011111111101101
1111111011010101
1111111111011011
0011111011111111
1110111111101110
1111111110100111
1111011101111111
1011111110011111
0111111110111110
1111111011011110
1111111000111101
1011111101111011
1111011111010111
1110111101111111
1110111111111100
1110011111101111
1111101111111111
1011111000110111
1110111110111110
1111111111101100
1111111111100011
1111111111010110
1111011110111011
0110011110111111
1111110111111111
1011111111110110
1011111111001111
1111111110110100
0011111110101011
0111111111101110
0111011111001111
1110111111111011
1010111011111101
1111111101110110
0111111001101011
1111111110111001
1111111110011100
1111111101101010
0111111100111011
1110111111011111
1010111110101111
0111111011110110
1111011011111111
1111111011101110
1011111011010111
1111111101011111
1011111110101110
1111011111111110
0111111111111101
1110111110101101
1111011110011111
1011111101111110
1111011111101011
1111111111111000
1111111001110101
1111111011110011
1101111111111111
0110111110110111
0011011111011111
1010111011101111