0011111110111111
0111111111111011
0101111111111111
1011011101111110
1101011101111101
1010111101111100
1001111110111111
0110101110111111
1111111111110011
0111101101111111
1111111111101111
1111111101011011
0111101111110101
0111111111110110
0111111110111110
1011011111111101
1111101111111110
1101101111111101
1110101101111011
0110111101111111
1101001111111111
0111011111010111
1011111111011111
1110001111111011
1111110111111111
1111111100111111
1011111110111110
1011101111111111
1111111011111111
1111111101110111
1110101111110111
1110111111011111
0110111111111100
0010111111110101
1001111111111011
1110011110111100
1011111111111010
1111111110110111
1110111111111001
0110011111110101
1101111110111011
1110111111110110
1100111111111111
1101111111111110
1101111101111011
1111101110111101
1111111110011111
1011011111111011
1111101111011111
1111001101111111
1111111111011101