0111110111011111
1111100110111110
0101111111111110
1111101110100110
1111110111101010
0111101111011110
1110111111111111
0111111111100111
1111100101101111
1111101011110111
1101111101101010
1111110111101001
1111111011101010
1111101010111111
1101110111101101
1111111001101110
1111110111110110
1111100111101110
1111101101110111
1111101110011110
1101111110111101
1111111111001001
0111110011111101
1111101110011101
0111110101110011
0111110111111000
1111111111010111
0111101111111101
0101111101111011
1101100110111111
1101100111001111
0101111110101111
1111101111111001
1111111101111001
1101111111110011
1111101111001110
0111101110011111
1111110011111001
1111111011011011
0111101011111111
1111110011100011
1111101011011100
1111111001110101
1101101111110111
0111110011110111
0111110110110101
1111111111110100
0111101111101010
1111111010111110
0111111001111111
0101111110110111
1111110100110111
0111111110011110
0111101100111110
1111100110101111
1111101111100011
1111100011111111
0111111101111101
1011111111111111
1101111100110111
1101101111111101
1101111011111111
1111110111011110
1111101011111011
1101101110001111
0101110111111001
1111111111101100
1111110011111110
0111111110111100
0111111011110101
1111101101101110
1101111111011101
0111101111011011
1111110101111110
1111111110001101
1111110010100111
1111101111110101
0111100111110111
0111111011101011
0111111111101101
1111111110001110
0111110111110001
1111110101101101
0111111011110110
0111111111001011
1111111101011111
1111011111111111
1101101110101110
1111111111100101
0111111010111111
0111111011011111
1101101100111111
1111111100111100
1101101111111011
1111111110111011
1111111011101101