1111110011101111
0111011111111101
1001111111111111
1101011111111011
1111110111001111
0101111111011111
1110011111101101
1111101111111111
1111111101111110
1111111011001110
0110111101111111
0111111111111110
1110110111111111
1111111101001111
1111111111110111
1111111111101011
0111011101011111
1011010111111111
1011011011001111
1111011101111011
1101011111111110
1110111111011110
1110011011111111
1110011111011101
1111011101101101
1111111011111100
0011111011111101
1110111101101101
1111110111111011
1101111011111110
1101110111111111
1101111011111101
1101111111111001
1101011101111111
0111111011011011
1011111111111110
1111011011011101
1010111111111111
1111011111011001
1111111011111001
1111111110111111
1111010101111111
1111111111101100
1011011011111011
1111011111111100
1110111111111011
1011110011011111
1111110101101101
1101111111101111
1111111001111111
1111110011011110
0101011111111111
0111111111101111
1011111101111101
1111111011101101