1111011111111001
1011111011011110
1011111111111100
1111111011110111
1110111111111111
1101101111111111
1101111111110110
1111101111010111
1111100111111011
1111010111111101
1111111111010000
1111110011111101
1111111111100001
1011011111110011
1011111011111011
1111111110111111
1111111101111111
1101111111111011
1111001111111111
0111111111111111
1011111111010101
1111011111111100
1111101111011110
1101110011111111
1011111111110110
1011111111111001
1011111111100101
1111110011101010
1111011111011011
1111101111110100
1111101111111001
1101110111010111
1101111111111100
1111101111001111
1111110111011100
1011101111101111
1111100111111110
1101111011011111
1111100111110101
1101111111101111
1111110111110011
1111010111101111
1111011111101011
1011110111111111
1111111111001110
1111011011101111
1111111011111100
1111100111011101
1111101011111111
1111110111011010
1111011011111101
1111011111000101