0100111111111111
1101110011111011
1111111010011110
1011110011111111
1101111111110111
1001111111111111
1110011111110101
0111011011101111
0110111111111001
0111110111011101
1110110111110111
0101111111011111
1111011011100111
0110110011111110
1011111110110110
1111111011110101
1111110011011011
1110010011111111
1111101111111111
1111011111101101
1100111110111110
1111111101111111
1110111111010110
1111011110111111
1010011111111111
1111011011111001
1111110110111100
1110011011011111
1110111110011110
1100110110011111
1111111010011011
0111011111111001
0011011111111111
1110111110110111
1011111111101001
1101111111111101
1110111010111100
0101110111111111
0111111011111001
1101011111111111
1100110010111111
1111110111110011
1111011111101011
1010111011111111
1011111110111101
1101111110111011
1011011111011111
1110111111011100
1010111111011110
0111010011111111
0111010111111011
1011011111110101
1010111111111100
1111111110110001
1100111111111011
1101110111111110
1011111010111111
0110111011101111
1111111110010111
0111111110111111
1010111111010111
1011111111010110
0111111111110111
1111110011111101
1010111110011111
1111110111111001
0111111011011011
1110011011110111
1111111011011101
1111111111100011
0101111011111110
1011011011111011
1111011111110011
1111111110101111
0110011011111101
0111111111101110
1111111111111010
1111011111011011
1111111111001111
0110011111011111
1111110111011100
1010111111100111
1100111011011111
1100111111101111
1111111011101110
1011111011010011
1111011111111110
1010111111111011
1011110111110100
0110110011111011
1111110011011110
1110111011010111
0010110111111111
1111110111101111
1111111111100110
0011110111111110
1011010111110111