1011111011011110
0111111111111011
1011111111111100
1111101011110101
1011111011111001
1111101111110001
1110111111111111
0111111011101110
1111100111011111
1111101011111001
1011111111110001
0111101101111111
1111101111101101
0111111111110111
0111111101111101
0011111101111110
1111111101101111
1111110111110111
1111101101111001
1011101111110111
0111111111011111
1011101111001111
1111111111001011
0111101111101110
1111111110111111
1011111111101110
1111110111011110
1111101001111111
1111101101011111
1111111101011101
1111111111011001
1011111101011110
1111111111100111
1011111111110110
1111111111111010
0111110001111111
0111111111101101
1111111101110111
1011111111001101
1111101011110011
1111111001011011
1111011111111111
0111101011111111
1111100111101011
1111110111111101
1011111001111011
1111101101111100
1011110111111111
1111110101011111
1111111111110100
1101111111111111
1111101011111110
1011111101111101
1011111011101111
1111111111101001