1111011111110111
1111110111101010
1101111111101001
1111111011110111
1111111111110011
1101101110111111
1111110011101101
1110011110111101
0111111011111101
1111101000111111
1101111011101111
1111111100100111
0111111111111000
0101111101111101
1101111101101111
1111110111110110
1111101101110111
1111111101111110
0111101111111100
1111111001101101
1101001111111110
1111110110111100
1111100010111111
1111000111101111
1110110111111111
1110001111111011
1111111100110101
1011111011111101
1111111011111110
1111101111111001
1110111011111111
1111011011111111
1111111111011111
0101101111111111
1100011111111110
0011111111111111
1011111101101101
1111100111101011
1110101101111101
1011111110111101
1101111001111111
1011110111111111
1101010111101111
0111011111111110
1100111110111011
1111111101111011
0110111111111111
1111011111111001
1111110110110111
0111010111111011
1111110001111111
0111101110111111
1000111111110110
1001111110111111
1101001111101011
1111010110111011
0111111111101001
1111110100101111
1101010110111111
1001111111110101
1111010111111101
1110111111101111
1111001111111101
0111101111110101
1111101111101101
1111011101111111
1111111010101101
1011011110101011
1101110101111101
1101101111111101
0111100111111011
0111111101101111
0101110111111001
0111111110111101
1111111111101100
1101011110111110
1011111110100110
1111100110111011
0111111111110100
1111010110101111
1111011110111010
1101110011111111
1111100101111101
1011111111111000
0111001111111111
1110111111111010
1011101111111111
1111111110111001
0101011111111101
1110101110111111
0101111110111111
1111101010111011
0111110010101111
0111101111111010
1011111010101011
1111111111100101
1101110110111110
1011011110101110
1111100011101111
1101110111111100
1101111110110111
1001111111101011
0111110101110111
0111111110101011
1101111010111111
1111101110111101