1110101111101011
0101111111111111
1111011111101111
1100111111110111
1101111111110110
1101101110111110
1111101011110111
1011111111100011
1111101010111110
1011011111111101
0011111111101111
1011111110110111
1111111011110101
1110111111110011
1111111011110110
1111111101111111
1100111110111111
0111111011111111
0110111111111110
1000011111111111
1111110111111111
1101111011111010
1110101111111001
1101111111111101
1110111010111101
1111011110110111
0010111111111111
1111101111100111
0011101111110011
1111111111011111
1010011111110111
0111111111111101
1001111111111011
1111101110101111
0111011111111111
1010111011111111
1110111111110100
0111101111101011
1110111011111100
1110011011111101
1010111111101011
1101011111110011
1101111111100111
1100111111111011
1100111011111110
1111111110111100
0011111111111010
1001101111101111
1011101111101011
1111111111101110
0110111111110111
1011101011101111
1011011110111111
0111111111110110
0111111110111110
1100101111111111
1011111010111101
1111101110110111
1101011011110111
1110111111101101
1011001111110111
1011111111100101
1110001011111111
1111101111110101
1010111111100111
1111101111101001
1010001111111111
1111011111111110
1101101111111010
1011101110111111
1111111110111011
1001111111110111
1111111011101101