1111011111110111
1111110110011110
1111111101110010
1111111111111101
1011110011111111
1011111101111010
1011111001111110
1110111101111111
1111101111111111
1111111100111011
1111111000111111
0111111111111111
1011111110111111
1110111111110111
1110111111011110
1110011011111111
1111110101110110
1111110101011110
1101111111111111
1110110111111110
1111111101010111
1111110110110111
1110011111011111
1111110111111011
1111011111011110
1111111010110111
1111111111101111
1111111111011011
1011111111010110
1111011101111111
1110110111011111
1111110011111110
1111110010111111
1010111111111010
1111111110111010
1111110011011111
1111111100111110
1111111011010110