0111110111011111
0101111101111111
1011111011011111
1001111111011111
1110100110111111
0110111011111111
0111111011011101
1110111111111110
1101111110111111
0110110101111111
1111011101101111
1101011001111111
1111111110100111
0101111111011111
0111111111011110
1111101111111101
1111101111111110
1111111000111111
1111110101101111
1111011110111111
1111111101011100
1101111001100111
1101011101011111
1111110101110101
1111101101111111
1110111111110111
1111111011111110
1011110111111110
1010111110111111
1001111001111111
1101111101111101
0011111111111110
1110111010111101
0100101111111111
1111110110111110
1111111100101101
1111101111100111
0110111101111101
1111011111110101
1011111111011101
1011110100111101
1110110111111101
0111001111110111
1011111101101101
1010111011111111
0011111011101111
1011011111011111
0111111111100100
1101111111111110
1111111110011111
1011111011100101
1011111111011110
1111111101010111
1111110011111111
1101110111011101
1111010101111101
1111111010110111
0111111110111111
1110111111101111
1111111001100101
1110011111111111
1111010111011110
0011111101111111
0101110111100111
1111111100110110
1001111111101101
0111101111101111
1101001111101111
1011111101110111
1111101110110111
1101011011110111
1101111011011101
0111111011110101
0101111011111111
1111111110101110
1111110111101110
1111110101111110
1111111111111011
1011101111111111
1111111111001111
0111100111110111
1111000111111111
1111010111110111
1011111111100110
1111110111011100
0111011111011111
1111110111101101
0111011111101111
0001111111111111
0011011011111101
1100110101011111
0111110101110111
1001111011111101
1011111101111100
0101111111100101
1110101011111111
0111110111111101
1101011011111101