1011011110111101
0110111110011111
1100111111100111
1111111111111110
0111011111111101
1111011110101101
1111011111011111
1110111111111101
1111001111101111
0111111011101111
0101011111110111
1111111110010111
1111011010110111
0101111111101101
1001111111111111
1100011011111111
0111101111111111
0110111111110111
1101011110110111
1010111010101111
1101111010110111
1011011011101101
1101111110111101
1011101111001111
1010111110110111
1111111101111111
1111101110110111
1100011110111111
1011111110011101
0111111111000111
0100111011111111
1101001111111111
1101111011011101
1111111011100111
1101111010101111
1100011111110111
1111101110101101
1111110111111111
1111111110001101
1111111111111011
0110111111101111
1110011110110111
1111101111011101
1100101111010111
0100111110111111
1011011111110111
0011111111111111
1010111010011111
1111001110111111
1101101111001111
1111111111110101
1011101110111111
1110111111001111
1010011110101111
1111101011111111
1111111011010111