0111111101111010
1111111001110111
1011101111111011
1111101111110010
1111111101110010
0001011111111111
1111101111010111
1101011011111110
0111101111111110
1111011011111010
1111011111110001
1001111111111110
1011011111111101
0110011101111111
1111011111010111
1011111011111010
1001111011110111
0111111011111111
1011111111011111
1111110111111111
0111011111111001
1111101101111000
1110011101111011
1111111111011110
0101101101111111
1011011111110111
0111111101011111
0111011111111110
1111111011110001
1101111001111110
1100111111111111
0101011111011101
1101011111111100
1111011111111000
1111111001111001
1111111001111010
1110111011111011
0011111111111011
1111111111101111
1111111011011111
1110011111111110
1101011101111111
0111111111110111
1010111111111111
1011101111110110
1110111101110101
1111111110111111
1110101111110100
1101111111111011
1111101001111111
1111101101011111
1111001111111111
1110011111111101
1111011111110010
1011111111111001
1110101111011111
1110111111111010
1111101011111100
1110111001111111
1011111101111111
1111101011110011
1111111111010101
1101011111110101
1011101111111101
0111011101111011
1110111111111001
1001111011111101
1101111111110100
0111101101111101