0011111110111110
1111101011101111
1011011101111110
0011111111110110
1111111001001111
1110011101101111
1110111101111110
0110110111111111
1101111111110111
1001111101111111
1101111011101111
1101011011111111
1010011111111101
0011111111101111
1110011111010111
1111011111101110
1100111110111101
0111111111011111
1111101111111101
1110111111111100
1111111011110101
1011111110110101
1110101111111111
1110111101011101
1111111000111110
1001111111111101
1111110101101111
1111110111001101
1001011111111111
1111110111111110
0111011100111111
1011111011111101
1111101101111111
1100111111111110
1010110111111111
1111101111001111
1111011000111101
1110111011111111
0011100111111111
1011010111111111
0110111111111101
0101101111111111
1011111111011101
1010011111110111
1111110110111111
1111011111110100
1110111111011110
1110110111111101
1101001111011111
1111011111011101
1011111110111100
0111110011110111
1111111011111100
1111111110011111
1011100011111111
1101011111111101
1111110001111111
1100110101111111
1111111101101101
1111011101011111
1011111011110110
1101111001111101
0111110111110101
0110111100111111
1111111001011110
1101111101011111
0011111011111110
1010011111001111
1010111111010111
1101011101111110
0011111101111111
0111011011111110
1001110011111111
1011011011011111
0100011101111111
0010011111111110
1001111111101111
1111010101111111
1110111110111110
0111111110111101
1111111111101100
1011011100111101
1111111110101111
1001111011011111
1111111111100111
1110110111101111
1011111111001110
1111111111111011
0110111111101110
1001111010111110
1111000111111111
1111111101110111
0010011110111111
1111010111110111
1111101110111111
1101111111101110
0101111110111111
1101111011011110
1111111111010101
0111011111101111
0101111111111100
1111011011010110
0001111111111111
0111111010111111
1111011010110110
1101111010111101
0111111001101111
1111101111110111
1111011011101111
0101011111111110
1111110011011111
1001100111011111
0110111110110111
1111101011111110
1011111011101111
1101010111111111