0110110111011111
1110110111101011
1101011111011011
1111001111101101
0110011111111101
1110111101111110
1111101111110011
1111011101101111
1101111111110111
1111110101010111
0111111111111001
1111011111110001
0101111101111101
1101111101101111
0110011101111111
1111101111111110
0111110110111011
0111111101100101
0111111110101110
1110010111111011
1110101111111111
1111111100011111
1111101110111001
1111010111111010
1111011110111111
1111110101101111
1111001101111011
1101001111111111
1111111101010011
0101111111111011
0111011111100111
0101111110011111
1111111110110101
1110111111110111
1111111011111111
1111111111110110
0111110110110111
1110010101011111
1111110110111110
0111111101110011
1111111111011110
1110110110111111
0110111101111101
0111001111110111
0110111101011111
1111110111111101
1101111110111011
1110110111011011
1100111111111111
1111011111101001
1101111111111110
1101101111011111
1110111111011101
1111000111011111
1110111111101000
1101011111111101
0110111110011111
0111011111101101
1110111110101011
0111101110111111
0111001111111011
0110111111101010
0111111111010111
1111111110111100
1111010101110011
1111111110010111
1111011101111110
1101011101111111
1101111110101101
1011111111111111
1101110111011111
1111101110110111
1110110111111010
1111101101011111
1110011101111001
0101111110111101
1111100100111011
1101111111011101
0111010111111111
1110011111011011
0111110111101011
1111001111011001
0111001101111111
1111111111001111
0111111100111011
1111111101101011
1111110111100011
0111100111011111
1111111111010101
0101111100111111
0110011111101111
1110011111111010
1101110110111111
0111100111101111
0101111101011111
0111111100101101
1111010111101111
0111011101111011
0111101111100111
0101011111111111
0101100111111111
1111001101110101
0110111101111011
0111011111011101