0111111101111010
1111101001101111
0111101101011110
1111110011101110
1011101101111011
1111111010011110
1111101111110011
0111101111100110
1111111111111101
1000111101111111
0011111101101111
1011110101011111
0111110111111111
1101111011011011
1101011110110111
1111111110100110
1001111111111110
1101110111110110
0101111111011111
1010111101111010
1110011111101111
1101010011111111
1011111111101110
1110101111111111
1111001110110111
1101101011011111
1111000111101110
1010111111101111
1011111111110110
1100111111111110
1011110111110011
1101111111110011
1111001011101111
1010110111111110
1111110011100111
1110111111011111
0110111111110011
0111111111110010
1111110110111111
1110011011111111
0111101011111110
1101001110111110
1000111111111011
0111111111011010
0111011111111111
1011111011111111
0111101111101011
1111111011110011
1111101110010111
1111101001111011
0110111001111111
1111110011111011
1011111111011110
1111111111010011
1100110111111111
1101110101111111
1111110101111011
1010110111110111
1101111111111010
1111101011011110
0111101101101111
0110111111101011
1111011111011111
0011111111011111
0111111110111111
1111110111100110
1101111101011110
1111111101011010
0101101111111011
1110111101101110
1111100011111111
0101111111110111
1111011111111011
1111011101111111
1011111110011111
1001111111010111
1111101010101111
1110111110111111
1111110111111010
1011000111111111
1011110111010111
1111111111100011
1011111110100111
0011101111111111
1111101101101110
1110110101111111
1111001011111110
1111101011011011
1111111100111111
1111111111001111
1101111011110110
1101100111011111
1111111101110111
1110111001111110
0111111011110111
1110111011101111
1101111111101111
0011111111101011
1111111110111011
0111101011101111
1101111101111011
1101111010111111
1011100101111110
1111111011010111
0101111001111111
0101111011111011
1110111111100110