1100101101101111
1111100110111111
0011111110111110
0101111111111110
0111101111011111
1001101111111111
0111111011011101
1111111010011111
1101111100111111
1111110110011111
1111101100011111
1111011111101111
1011101011111111
0011011111111011
1111110011101101
1111110110111011
1101111011101110
1111010001011111
0011111110111101
1111111001101110
0111111111111000
1111110111001111
1011111101111010
0111011101111111
1111101111111110
1101111110111110
1011111111101110
0111110111111001
1111101110111001
1110111101011101
1111011011111001
1101110101101111
1101011111111001
1111110110111101
1011111111011111
1001011101111111
1110110111111111
0111011110111111
1001011111111110
1110111110011110
1100111111111110
1111110101011100
1111111111110111
1100111111111101
1111101111001111
1111111100011101
1101111101111101
0111110101111010
1111111111101011
1111101101111101
1011110111111111
0111100111111111
1110111010111111
0111111100111101
1100101111011111
1111110011111011
1001111111111001
1011101111101101
0110111111111111
1011011011111110
1111011111111000
1111100111111001
0111111100011111
1011111111111100
1011111110111011
1111010010111111
1011111010111110
1111100111011111
1111111001111011
1111110100101111
1110111110111101
1110111001011111
0011111111111010
1111010111111101
1110011111111111
1111111111011011
0011111011111111
1101011101111110
0011111101111111
1111101100101111
1111101010101111
1010111111111111
0111011011111110
0111011111111010
0111110100111111
1110111011111001
1111010101111110
1011111001101111
1111110011111110
1111001111111111
1101011110111111
1110111111101101
0101111011111111
0101111110111101
1111011101111100
1101111111101100
1111111001111101
1110111111111010
1011111100111111
0111111100111011
1111011100111001
0101110101111111
1101111011011111
1111111110101101
0111111101111001
1101110110111111
0001111111111111
1001111011111111
1101111010111101
1111110101111001
1101101111111011
0111111111101111
1110111111001110
1111101001011111
1111111100111110
1101111101111011
0111011111011100