0011111110111111
0110111111111011
0111111101111011
1111110110111001
1011011101111111
0111110101011111
1110110111101011
1101110100111101
1111110011101111
0111100111111101
0011011111111011
0110110111111111
1101111111110111
1101111110011101
1111110111101001
0111111011110011
0111111011111101
0111110110011011
1011101111011111
1111110001110111
1101110100111110
1110110111110110
1001111101011101
1111010101101111
0101111111011111
1111111111001010
1110011111101111
1110111101111111
0011111111010110
1110111111001011
1111111000111110
1111011110111111
1110111111010111
1111100010111111
0011111111110011
1111110101110101
1111110100011011
1111111101111010
0010011111111111
1111111010110011
1011111111110101
1111111010111101
1110111111101010
0101101111111110
1010111111011101
1101111111011010
1101011111111111
0111000111111111
1110011011111110
1011011111110111
1010111110011011
0110101111011101
0111110111010111
1111111000110111
1111110101110110
0110101110111101
1111101101111101
1011111011111111
1011110111111111
1111111011110001
1111101111111011
1100111111111111
1110111110110001
1110111010111111
0111111100111100
1110111111011100
1110111111101001
0111101110011101
1111110110110111
1110100011111101
0110111110011111
0111010001111111
1111111101101101
1011011111101111
1111111000101111
0111101110111110
0001111111111101
1001111110111110
1111011111011111
0010111111011111
1101101101111110
1001111110111101
1101110101011101
1110010111110011
1111111011011111
0111111101110111
1111001111111100
1111100011111110
1111011101111110
0110111011110110
1111111110010010
1110110110101111
0111011111111010
1101111011111111
1111000111111101
0111110100111111
0011111101011101
1010111110111001
1111111100010101
1111110111111010
1111011011110111
0011101111111111
1111101111101111
1110011111111101
1110111011101101
1111111111100111
1111001011111110
1110001011111111
0111001111111110
1111111001111101
1011111100111110
1111010011111100
1011101110111101
1111010101111001
1111101011111100
1111110111011100
1111001011111101
1111101111011100
1110111110001110
1111111101011110
1110100111111110
0101111110111111
1001111100011111
1011111110101110
1111111110101101
0111111110011100
1101111111101111
1010111111111010
1101101100111111
0111111010111111
1111110100101110
1111111111111000
1111101111110111
1111011011101111
1011101110111110
0111111111101111
1101111101111011
0101100111111111
0111111110110111
1010011111111011
0110111111110101