0111101111011110
1101111110111111
1111111111111100
1011101011111111
1111101110111011
1111101011001111
1111110110111010
1111101010111110
0111111111111001
1000111111111111
0110111111011110
0100111111011111
1111101110011110
1011101111111001
1101101011111010
1111101110011101
1111111101111111
1011100111111111
1110111011001111
1011111111101111
1101101111011011
1011110010111011
0011111110111011
0111101011011111
1110111110011111
1101110111111010
1111111111110111
1010111110111111
0110110010111111
0101110111111111
0101101111111110
1001101111011111
1111111011011011
0111101011111110
1110110111111101
1110111010111110
1101101111011110
1101111111011001
0111111110011111
1111101111011010
0111101110111110
1101111011111101
0110111111001111
1111111111101110
0011111011111111
0011110111111101
0001101111111101
1111111011011110
1011111111111110
1001111011111011
1100101111111111
1111110111011111
0111111110111101
1111101110001111
1110110011111110
1110111111101101
1100110011111111
1101110011111110
1110101111011111
1001101111111011
1110111111111011
0111100011111101
0111110011111110
1110101110111110
0111101010101111
1111011111111111
1101111111101111
1010101111111101
0111110110111110
1110101011111111
1110101110111101
1111110111101111
1111111011101101