1011100101111111
1011111111110011
1111111111111110
0111111111010111
1110111111111111
1011110111110111
1101111011110011
1111111111111101
1111101011110111
0111011111011011
1111111111101111
0101101111111011
1101011011111111
1101111111011111
1111110011110011
1111001111011011
0111011011111111
0011001111111111
1001110111111011
1101101011111011
1111111110111111
1101111101111111
1011111111011011
1111100111110011
1001101011111111
1111111101110111
0111100111011111
1111001111110111
1111111101011111
1111111011011011
1101100111111111
0011100111111011
1111111001111111
1111011111010011
1111111101111011
1111110111011011
1111010111111111
1011100011111111
0111110011011111
0111101111110111