0100111111111111
1111001011111011
0111011110111011
1100111100111111
1111111111111110
0101111111010011
1111111111111101
1101101110111111
1111011010110111
0111110111111111
1111101101010111
1111011110110011
1110101101110111
1111100101101011
1111111111001011
1111011111010111
1111111010111011
1111001110110111
0111101111110011
1101101111101111
0101101101110111
1111111101010011
1101111011100111
0110011110111111
1110110111111111
1111011011011111
0111101010111111
1101110111111011
1101111011111011
0111011111001111
1110101101001111
1111101111100111
1101101011111111
1101111100011011
1100111101100111
1111111101100011
1111110011111111
1110001111111111
0110101111001111
0110111111010111
0111111111101011
0110101110111111
0111111011101111
1111111001011111
1100111111011111
0111101100011111
1111011101111111
1011111111111111
1111001110111011
1101011110011011
1110111010010111
1111110111011111
1111101100110011
0111101101001111
0111111001111011
1101011011110111
1111111110101111
0101111111000111
0111001111111111
1110111111111011
1110111001111111
1111101111010011
0101111110111111
1110111101000111
1101111110110111
1110101100011111
1100111010111111
0111111110110111
1101101101011011