1111110111101011
1100110111101110
0110111011111111
1101111011111110
1101101111111111
1110111101111110
1011110111111011
0111110111111110
0001111111111011
1011111111111110
1001111011111011
1110111111111100
1111111110111111
1001111111111101
1010111111101111
1111101111101111
0111111101111111
0010111111111101
1100110011111111
1101111111101101
1011101111111111
1101110111111011
1111111011111101
1110111111111011
1111111111110111
1100111111111101
1010110111111111
1111111111101010
1111111111011111
1111011111111111
1111100111111111
1111110111111101
1000111011111111
1111111111111000
1111111001111111
1001110111111111
0111111111101111
1111101111111010
1101111101111011
1011111101101111
1110101011111110