1111111010011111
1110111111111111
1101101111111111
1111011111101111
1111111111101110
1101111011101111
1111101111101101
1011111111111111
1111110110101111
0111110010111111
0111111111011111
1111010011111111
1111010110111101
1111111110111110
1111111101111111
1111110111011110
1101111110101111
1101111111101101
1111011010111111
1111111111111011
1111111111110111
0101111111111101
1111011111111110
1101011111111111
1101110110111111
1111100111111111
0111011111111111
1111101011111111
1101111010111111
1101111111111110
0111111010111101
0111110111111100
1111110010111101