1011111011011110
0111111111111011
0101111101111111
1001111101011111
0111101111011111
0011111101110111
1111110011101111
1011101111111011
1101111110111111
0111110101111111
1111101011110111
1011110111011110
1011001111111111
1110110100111111
0111110111011101
1110101101110111
1110011111010111
1111110111110111
1111101111111110
1110011111101101
1011100101011111
0111111110101110
1111111111110001
1110111100011111
1110110101101111
1110111111010110
1001111111111101
1111111101011101
1001111111011011
1111000111101111
1101011111010101
1011110111111100
1111010110111111
0101110111111111
1111111111101011
1110110110111110
0111111111111100
1100011111111111
1011011111110111
1111101110101111
1110110111111101
0111001111110111
1111111110110111
1110111111110100
1011011111011111
1111110101011110
1110110111011011
1111111011110011
1111101010011111
1101111111111110
1111111010111110
1111010111111110
1110111111010011
1111111011011001
1110111101010111
0110111111111111
1111111111011100
0111011111101101
1111111101101101
0111111100011111
0111110111101110
1111110101111011
1110101011011111
0111101101101111
1100111111111011
1101101111111111
0011111111011110
1111110100101111
1011010011111111
0101011111011111
1111111101011011
0011111011111111
0011110111111101
1111010111011111
1110011111111110
1111011111111011
1111011101111111
1011111111010111
0011110111011111
1010111111111111
1111110110101110
1111111110111101
1101111011111111
1111101101111011
1001111101110111
1111011011110111
1110110011111111
1111011111111100
0111111101111110
1111001110011111
1111100111111101
1111111111100111
0011011111101111
1111101011011011
0111011111110110
1111111111111010
1111101111110101
1111100111011011
1111111101110110
1111111111001111
1111101011111101
1011110011011111
1111101111010011
1011110111101111
0111011111101110
1101111111101111
0001111111111111
1111111001111111
1011011110101111
1101110111111101
1100110101011111
1001110111111111
1111011011101110
1011101110111111
1111111110111011
1101111101111011
0111011110011111
1111111011010111
1101010111111111
1111100100111111
1111111011101100