0011111110111111
1100101111101111
0001011111011111
0111101111011111
1111111111111110
1111111111111101
1110001111101111
1100011011111111
1100011111111011
1001011110111111
0001111011111111
1111011100011111
1101111101101111
1111110111001111
0011111111101111
1111101110011111
1011111001111111
1111111011001111
1110010111111011
0111110011101111
0111011110111111
1111111111110111
1010111110111111
0110110111111011
1111001001101111
1011010101111111
0010111111111111
0101101101111111
1101011011111011
1111111001101011
1101100111111111
0111101011111111
0110111101011111
1111101111111011
1111010001111111
0111100111111111
1101101011111111
0111111001111111
0101010101111111
1001011011111111
1011110100111111
1010011111101111
1111010010111111
1101010100111111
1011010011111111
1110100101111111
1100111011101011
1110111011011111
0111011111111011
1100111101111111
1111011011101011
1110110111011111
0111111101101111
1111011000111111
0100111011111111
1011111101011111
1111111110101111
0110001111111111
1111110010011111
0111001101111111
1011101111111111
1100011111011111
0101101111101111
1111000111111111
1101111111001011
1110111001111111
1110101110111111
1101111011011111
1011110111101111
1110111101101011
1101110000111111
1101010101011111
1100110110111111
1011111111111011
0100111111011011
0100011111111111
1111111110111011
1101111101111011
1011111011101111
1110101011111111
1111011111001111