0111101111011111
1110001111111110
1011111111001011
0111111111101011
1011111011111001
1110111111111101
0111111011101111
1111101111111100
1111011111101111
1011110111011111
0111111011111101
1111111011101011
1011001111111111
1111011111111010
1111100011111110
1110111111101110
1111101111101101
1010111011111010
1111111011111000
1111111110111111
1111111101111111
1111111011001111
1111110111011110
0011111111101101
1010011111111111
0111101111111101
0011101111111111
0110111011111010
1111100111111101
1110110111111111
1111011011011110
0111111111101110
1010101111111111
1111011111011011
1011110111111101
0110111111101111
0011111111011011
0111110011111111
1111111111110111
1110111111011111
0010111111111111
1111111011011010
1111110111101000
1110011011111111
1011110011101110
1111110011101100
1111001111011111
0111011111111111
1111101111111011
1111110011011111
1111010011111011
1101111111111111
0011111111111000
1010111111101011
1111111111011101
0011110111111111
1111011011111100