0111111011111110
0111101111011111
1110110011101111
1111111101111101
0111100111111101
1111101110111010
1101111111101010
0111111011111101
1101111011101110
0111110110011011
1111101010111110
1111110100111111
0100111111011111
1101111110111110
0111111110101111
0111110111111001
1110101111111110
1110111000111111
1111110101101111
0101111111111010
1111101110011100
1101110111111011
1111101101111111
1111111111110111
1101110110101111
0101110111111110
1110111010111101
1110111111101011
0111111111111100
0111101011111111
0110111111011011
1101101011111110
0101111111101111
0111110111001011
1110111011111100
1111110110111000
1111111110101010
1111111111101101
1110110101111011
1100110111111111
1111110101111010
1111101011011110
1111111011111011
1111100111011110
1101111011111100
1111110011011100
1101111111111001
1111101011011101
0101101111111011
1110111111101110
1111100011111111
1111111111011010
0110111110111111
1011111111111111
1110111011011110
1101111100001111
1110110001011111
1101110111011111
1101111101111110
1110111011011101
0111111110111101
1111101111101111
1111111111011001
0111111101111111
1110100111111101
1101111111011101
0111101110111011
1110101111011111
1110111111111010
1111111001111110
1110101011111101
1101111011011110
0101111110111111
1111011111111111
1110110010111111
0111101111111010
1111110110101011
1100111101111011
1101111010111111
1110101110111101