1111101011101110
1111110110100110
1111111001110110
1110111111111111
1111011111101111
1101101110111111
0111101110101110
0111101100101111
0111110111111110
1101111011101111
1111101000111111
1011001111111111
1111101010111110
1101110111110111
1011110101111111
1011111110110101
1111110101101110
1111011110111111
0111111011111111
1111110110111101
1111110111001100
1111110101110100
1111111101001111
1001101011111111
0101111110101111
1101111101111101
1101011111111111
0111111111110011
1011101001101111
0111111111111101
0111111110111010
0011111111111111
1111101101111100
1111110101011111
1111111011110011
1011111001110111
1011111000111101
1101111111111110
1111111110011111
1111111101100010
1101110111101111
1011011011111111
1111111111010011
1111110011111111
1101111111100111
0111110111101111
1111110111111011
1011110111001111
1111011111011111
1101101101111111
0111111111010111
1111111110110010
1101110111011101
1111111011111010
1111111010110111
1111111011011111
1111010111111101
1111101111100011
0101101111111011
1111011101111111
1011111111010111
1111101001100111
1011111111111110
1111101010101111
1111101001111101
1011101111110111
0111111101101110
1111101011111011
0101111100110111
1111101100110011
1111101110110110
1111011111111100
1101111111101101
1111001011111110
0111101110111011
0111011111110110
1111101101110101
1101111011110111
1001111010111111
1011101110111101
1111111111111001
1111001011111101
1111110101101101
1111011011110101
1111101101101101
1111111100100110
1111001111110010
1111100111111111
1111111111100101
1011111111111011
0101111111011011
1001110111111111
0111001111111010
1101111101111011
1111101111011111
1101111101010111
0101101111110111
1011111100100111
1111111011101101