1011011101111111
1110011110111111
1111011111101111
0001011111111111
0111110111111111
1101011011111111
1111011011111011
1101011111111011
1111110100111111
1111101111111111
1011111111101111
0110111101111111
0111111011111111
0110111111111110
0101111111111011
1110110111111111
0111011100111111
1011111110111110
1101111011111011
1110111101111011
1111111111110111
1010111110111111
0011111111111110
1111111111011111
1111110111111101
0111011111111110
1100111111111111
1101111111111110
1110111010111110
1110011011111101
1011011011111111
1011111100111011
1101111011111101
1110111110111100
1111111101101110
1110111111101110
1111110010111011
0110111110111111
0110011111111011
1111010101111111
1101111101111111
1011111111111101
0111111110111101
0111111101111110
1111111110101110
1111111111111010
0110111111101101
1011011110111011
1111111011101111
0111111101111001
1111111100111101
1010111101111110
1111111001111111
1110111111111001
1001110111111111
1110111100111110
1011110010111111