1101111011101101
1011011111111111
1101101110111101
1110111111111111
1111101111110010
1101111111001110
1101111010010111
1001111111111111
1101111011101110
0111101111111110
0011111111101111
1011111001111110
1111100111010110
1011111011000111
1111111000111111
1111010111111011
1111100011011111
0111011111111001
0111011111001111
1111101111111000
1101110111010111
1111101011010111
1111101111100111
0111111111110011
1101100111111110
0111011011111011
1101111111001101
1111100111011101
0111111001111111
1111100111111001
1111010111011101
1111111010101111
1111001111011101
0111101101101111
1111001110101101
0101111111110111
1111011111011001
1101101111111100
1101111111111011
0111111010110111
1111101011111011
1011111100101101
1111011001111101
1101100111110111
0011111010111111
0111111111101110
1111011110100111
1111010110110101
1111111101110111
1111101011111100
1111111111010100
1111001111110111
1111111101011111
0101111111111101
1111011111111110
0111001100111111
0111101111111011
1101110110111111
1111110011110111
0111011101111011
1101110111111101
1111110011011110
1011111101111100
1111110111101111
1111111110000111
1011110111111010
1111111011110000
1101111110011101
0111110111111111
0111111011111101
0111001010111111
1111001011011111
1111110010011101
0101111111011111
1011111111011011
1111001111111011
1011111111110110
1011111010010111
1011111011111101
1101101110011111
0011111111111110
1111111111101011
1101011111111111
1111100111110101
1111011110011111
1111110111110011
1111111011011001
1111110011111011
1111111101101100
0111111110011111
0111111011101111
0111101100111101
1111101010110101
0111101111110101
1111000110111111
1111111110111110
1101111101111111
1011110110111111
1111011011001111
1111111111011000
0101111011111110
1101111111011100
1111100110010111
1011111111100101
1111111110001101
1111110101111111
1011101111111111
0111111111011101
1111010011111101
1011111111001101
1111110111011100
1111111110111011