0011111110111111
0111110111011110
0111110101011111
1110111101111110
1111111101111101
1111111111110011
1111110111010110
0111111110110101
1001111111111111
1110110111110111
1101111110111101
1111101111111111
0111110011111100
0100111101111111
1111111110100101
0110111111111110
0101111111111011
1110111101111011
1011110111111110
1111110011010111
1111111011001100
1110111011111111
1111111010111100
0101110111111110
1011110111011011
1111111110011101
1101111110010111
1110111111011111
1011111100101111
1011111111011101
1111111011000111
1011111011111111
1011111110111100
1110111111110100
1111110011111011
0111111001111111
1111110110110111
1111110001111111
1111111010101110
1101111111100110
0111111110011111
1010111111111100
1100111111111011
1111111110010110
0111111100111111
1111111101011011
0111111110111110
0011110111011111
0111111011011011
1011111101001111
1110111110111111
0111110111110111
1101111101111110
0011110101111111
1011110111010111
1111111011100110
1101111110101110
1101111111011100
1111111111111010
1111111101110111
1111111111111001
1111111010010111
1111110111011100
1011111111100110
1101111010001111
1111111101011110
1101111011011110
1101111011101011
1111111111010101
0101111111111101
1111011111111111
1101110110111111
0101111101011111
1100110111111101
0111110110111111
0111111111101111
1111111110111011
1101111010111110
1111111011001011
0110110111111101
0111111010111101
1101111111110101
1101111110011110
1111110111101111
1011111110010111
1111110010111101