1111110011111111
1111111011110111
1110111111111111
1111111111110011
1111111111111100
1111111001111010
1001111111111111
1111111111101111
1111111011011111
1111010111111101
1111001111111101
1011111111010111
1111110111110110
1111110111111001
1101110111110111
1011110101111111
1111111110111101
1111111101110101
1101111101111111
1111110111011111
1111101011111011
1111010111111011
1111011110111111
0111111111111111
1111011101111101
1111001011111111
1111011101011011
1111110101111110
1011111011111101
1111111001111101
1011101111111111
1011110111111101
1111111101110110
1011110111111110
1111111101111001
1111101011111101
1111101110111111
1101111111111101
1111111101011110
1111001111110110
1111011001111110
1101011111111111
1111011111110101
1111110110111111
1011011111110110
1111100111111111
1011111111111011
1011111101111110
1011111011111110
1111101101111110
1111111110111011
1111101111111010
1101111111111110
1101111010111111
1111101011111110
1111111110011111
1111101101011011
1101101111011111
1111111111011101
1011111111011110
1111011011111101
1011011011111111