1011111101011011
1111011111110111
0111110101011111
1111101100110111
1111011101011111
1111110111111011
1011111111001011
1111111111111110
0101010111111111
1111100101011111
1110111111111111
1111111101110011
1101101111111111
1111111111111101
1111011111101111
0111111100111111
0111101111111111
1111010111011111
1011101111011111
1101111111011111
1111110111110111
1101111101111111
1101011110111111
1111111111010111
1111101111101111
0101111111111011
1111111111100111
1011111100111111
1111111011111111
1011010111111111
1111011101111011
0111111111110011
1111110110111111
0011111111111111
1101111111101111
1111101111111011
1011011111011111
0111111111101111
1111111110111011
1011111111110111
1011111101101111
1111111110011111
1011011111111011
1111001101111111
1111110111101111
0101111110110111