1111011101110111
1011011101111111
1111011110111110
0111011010111111
1011101101111011
1111111011110111
1101111110111111
1110111111111111
1111111101111100
0111110101111111
1101111111110111
1001111111111111
0111101111111111
1111111111010001
1011101111011110
0111111111111001
1011111101111010
0101111111011111
0111011101111111
1111101111111101
1011011111111110
0111111111111110
1011111110111111
1111111110110110
0101110111111111
1111111111101011
1111011101111010
1101011111111111
1111110110111111
0011111111111111
0111111101011111
1111110111111100
1111101101110011
1011001111101111
1011111011111111
1111011111010011
1011110111111111
1111111011111100
1111101111111010
1111111010111110
1111111110011111
1111001101111111
1111010111111111
1111111101010111
1111110011111111
1111101111011011
1011111111110010
1111110111111011
1101111111111010
1111011111011110
1101110111111110
1111111011111011
1101101111111111
1101111011111101
0111011011011111
1101111111111001
0101111111101101
1111111101011011
1111001111110011
0111111111110111
1011111111010111
1111111101101111
1011101111110111
1111111110111101
0111011111111011
1101111101111111
1011111101110111
1011111111111101
1111110111011111
1111101101011111
1111101111101110
1111111110101111
1111011111111101
1101111111011101
1111111111100111
1111111100111111
0111111111011101
1111111001111110
1101111111101110
1111110111101101
1111111011101111
1111001111011111
1111111111111000
1101110111111101
1111111111001100
1111111110111011
1111101011111111
0111110111111101
1111011111001111