0111111111111011
0101111101111111
1111111001110111
1110111111111110
1110011101101111
1101111100111111
1111111101111101
1111101110111011
0111110111111111
1111101010111111
1111111110100110
1111110111110111
1111011111101110
1111101110011110
1111101111111101
1101111110111101
1111111111001011
1111011111101101
1111011111100011
1111111011001111
1110101111111111
1110111010111011
1111111000111110
1111011110111111
0111111011111111
1111001111111010
1111111101100111
0111011111100111
1111011011011111
0111011101110111
1111111110110101
1111111011111101
1110111111110111
1101111111110011
1110111111011111
0101101111111111
1110111111101011
1111011111110101
0111111111111101
1111110110111111
1110011011111111
1111101110101111
0111111101011111
1111011111010011
1111011101010111
1111111011110011
1100111111111111
1111111101111011
1101111111111110
1111010111111111
1111111111011101
0110111111111111
1111111111010010
1111011111111001
1111111110101010
0111111110011111
1111111010101111
0111101110111111
1101101101111111
0111111111010111
1111111110110011
1101111111111001
1111111101101110
0111111101110110
1101111111011111
1111111111100001
1111110111111001
1011111111111111
1111111100110111
1111110001011111
0111101111101110
1101111011111111
1111110111111010
1111101001111111
1111111111100010
1111110011111110
1110110011111111
1111011011110111
1110011111111101
1111101101101111
1110110101111111
1110111110101111
1111001011111111
1111101011011011
0111001101111111
1111001111101011
1111111110111001
1111111110001111
1101011101101111
1111111101011110
1110011111111011
1111100111111111
1111001111011111
1111111111111000
1111101111110111
1101101111111011
1111111111001110
1101111110110111
1111011011101111
0111111110110111
1111110111101111