1111110101111010
0111110111101111
1111110110011111
1110111111111111
1111111101110011
1111111111111101
0111110101111111
1111111110010111
0111111100111111
1111111111101110
1111110110111011
1111110100111111
1011111111111111
1111111111110010
0111011111111011
0111111111011111
1111101111111111
0111111101101111
1111011100111011
1111111110101111
0111111111111110
1111111111100111
0111010111111111
1111111011111111
1111010111110111
1111111111101011
1111111111011110
1111111101011111
0111111111110011
1111011111111110
1111011110011111
1111110111110011
1111110101110111
0111011110110111
0111110110111111
1101111111111111