0101111111111111
0111111011111110
1111001111111110
1111110011111111
1011011111111111
0110111011111111
1011111111111100
1001101111111111
1010111111111101
1111001111101101
1101111110111111
1011111010111111
1100111011111111
1111101111111100
0110110111111110
1111011110111101
0111101111111111
1111111011101011
0110111110111111
1011111011111011
1101101111111101
1111111110111110
1111111101111111
1111110111111010
1011111111101111
1111111111101100
1001111111111101
1110011111111101
1100110111111011
1110101110101101
0110111111101110
1111111111110111
1111111111111001
1010110111111111
1111111010111101
1100111111101111
0010111111111111
1111111011101110
1111011011111111
1111111111011111
1101011111111111
1111110110111111
0111111111111101
1111100111111111
1001111111111011
1011111111111010
1111110111111101
1011101111111101
0111011111111111
1111101111111011
1111111110111011
1111101011111111
1101111111111110
1010101110111111
0111111010101111
1111001110101111
1110111010111111
1111010111111111
1111110111101111
1111111011101101