1111100101110111
1110001111111111
1111011111011111
1101110111111111
1111111011110111
1011110111110110
1101111110111111
1110111101111100
1111111101110011
1111101111110011
1110101111111101
1101111111110111
1111111111101111
1111111111011011
1111011111111011
1110011111111110
1111011101111111
1110101101110111
1110111101110101
1111111110111101
1011101111110111
1111101101111011
1111111111110001
1110111110111111
1110101111111110
1111110111011111
1011111111111101
1011110110111111
1111110011111110
1111111111010111
1110110011111111
0111111111111111
1111011111111101
1111100111111101
1001011111111111
1111110101111110
1010111111110111
1011101101111111
1111111011111101
1011101111111110
1110111111111011
1101111011111011
1111010110111111
1111111101110110
1111101111111001
1111101111110110
1111111101111001
1110111011111110
1101111111111101
1111110110111110
1011010111111111
1110100111111111
1111011011111111
1101111011011111
1111111111011110
1111110010111111
1110110111111101
1111110111110011
1111110111111100
1011111111111011
1001111011111111
1111111110110111
1111111001111111
1011111011111110
1100111111111111
1111101101111110
1111101111111010
1111111110111011
1110010111111111
1111101011111111
1101111111111110
1101101111011111
1111111111011101