0101111111111111
1001111111011111
1011011111111111
1111101011011111
1111111010011111
1101101111111111
1111111101111101
1111111111111100
0111111110111111
1110011111111111
1111011101111111
1101111101101111
0011111111101111
1011111111111110
1010111111111111
1111011111101110
1111111110111101
0111111111011111
1110111101111111
1111101111111110
1101111011111111
1110101111111111
1111111100011111
1110111110111110
1011111111111101
1111011110111111
0111111011111111
1111101111101111
1111111110101111
0111111101111110
1111011111111101
1111001011111111
1111110111111111
1111011011011110
1111111111111011
1011101101111111
1111111111001111
1111111111110111
1101011111101111
1111101011111101
1101111111111101
1110111111011111
1111111011101111
1111001111011111
1111111001111111
1101111111111110
1011111101101111
1111111111011101
0110111111111111