0111111111111011
0101111111111111
1001111111011111
1111111010011111
1001111110111111
1110111111111110
1101111011111110
1111011111011111
1111111111111101
1111011110101110
1101111111101011
1110011101111111
1101111101011110
1101011011111111
1011011110111111
0111111111001111
1111011101111110
1111111111011010
1111111101101111
0110111110111111
1011111110001111
1111101111111111
1001011111101111
1010111111101111
0111011110101111
1101011110111110
1101111110101111
0111111101111111
1111011010111111
1111110111111111
1111111100111111
1011111110111110
1101111011111011
1110111111111011
1111011110101011
1111111111110111
1110111011111111
1101011111101110
1011111101111111
1111111111101010
1110111101011111
1111111011101111
1111011101111011
1011111110011011
1111011011111110
0011111111111111
0111111011011110
1011111111111010
1011111011111111
1111111001111111
1111111110111010
1011111111101011
1011011111111011
1101111110011111
1010111111011111