1111100101110111
1110111111111111
1111111101110011
1111111101111110
0111101111111101
0111111111111110
1111111111110110
1111101111001111
1111111111101011
1111110111111100
1111101101111101
1111111111110101
1111110101011111
1101111111111111
1111111101010111
1111110011111111
1111101111011011
0111111011101111
1111111001011111
1111100111111011
1111111111101110
1111101111101101
1111111111011010
0111111111110111
1011111111111111
0111101111101111
1111111110111111
1111110111111010
1111111011011101
1111101101101111
0111111101111111
1111101111011110
0111111111011101
1111111111111001
0111100111011111
1111011111111111
0111111011011111
1111101011111111
1111111011010111
1111110111101111