1011011111111111
1111110101111011
1111111101111101
1110111111111101
1111111111111100
1111111111101111
1111011110111101
1111100111111011
1111011111111011
1111011101111111
1011101111110111
1111101111111101
1110111101111111
1111101111111110
1110101111111111
1111110111111010
0111111111111111
1111101101111111
1011111100111110
1110111111111011
1110111111110111
1111111101110110
1111111011111111
1010111110111111
1111010111110111
1111111111011111
1111110110111111
1011111111111010
1111111110110111
1011110111111111
1011101110111111
1111111110111011
1101111111111111