0111111101111011
1011111111011111
1111111111100111
0111111110011111
1111110111111111
1110101111011111
1111111111111110
1111111011111111
1111111111111101
1111111110110011
1101101110011111
1011111101111111
1011101111101111
1101101111010111
1111111111101011
0111111100111111
1110111111101111
0111101111111111
0111111101110111
1100111111011111
0110111111110011
1111111111011011
1011111110101111
1111111101011111
1111011111111111
1111111101101111
0011111111111111
1101111111101111
1101101100111111
1010111111111111
1111101101110111
0101111111011111
1011101111110111
1101111110110111
1110111101111111
1101111110111011
1111101111111011
0111111110101111
1110111110111111
1110111111010111