0101111111111111
1111011110111110
1001101111111111
1111111001110111
1110111111111110
1101111110111111
1111101111111100
1111111111110011
1011101011111111
1111011101101111
1101111111110111
1111011110111101
0111101111111110
0110101111111111
1111011111101110
1011111011111011
1110111101111111
1111111101111110
1111111010111011
1011111111101111
1101101111101111
1101001111111111
0111111011111011
1111110111111111
1010111111110111
1111111110110101
1101111011111011
1111111011111101
1111111011111110
1011111111110101
1101111111111101
0111101101111011
1111011011111111
1111111111011111
0111111111111101
0011111111111111
0111101011111111
1110111111110101
1111001111111110
1111111101101101
0111101110111111
1011111011110111
1111011110101111
1101011111101011
0111111101110111
1110011111111111
1111101111101101
1101011101111111
1011111111111110
0111011111111011
1111111101110101
1110111110111111
1111101011111011
1111111111101100
1110111111101101
1011011110110111
1111011101111101
1111111100111111
1101101001111111
0111011111110111
1111111111111010
1110111111111011
1111111110111001
1011111101111111
1111111011101111
1111111111100101
1111001110111111
1011101111111101
1111101111110111
1101101111111011
0111111111101111
0111111110110111
1111111111100110
1110111111100111