1111100110111111
1111011101011111
1111110111111011
1111111111111110
1111111011110111
1101110111111111
1101111100111111
1110111111111111
1111111101111101
1111111011111011
0111111011101111
1111011111101111
0111011111011011
0111101111111111
1101111011101111
0111111101110111
1101011011111111
1111111001101111
1101011101111111
1101111111011111
1111110011111101
1111100101111111
1111101110110101
1011111111111111
0111011011111111
1111101101110111
1101111110111101
1111111111001011
1111101101111011
1111010011111111
0111111101101111
1111010101111111
1101111111111011
1111111111010111
1111101111101111
1111111110101111
1111011111110011
1111011111111101
0111111111110101
1111001111111011
0111010111111111
1111011011011111
0111111111011101
1111010110111111
1111111111111001
1111010111110111
0111111000111111
1111110111011101
0101111111100111
1111111110011101
1111011110110111
0101111011111101
1111110110110101
0111111111110011
1111100111110101
1101111001111111
1101111110110111
0111110110111111
1111111111001101
1111110011011111
1111111110111011
1111101011111111
1111101111011111
0111110111111101
0111111110110111
1111110111101111
1111011100111111
1111111011101101