0101111111111111
1011111011110111
1101110111111111
1110111111111111
1011110111110111
1111111111111101
1111111111110011
1011110011111111
1111100111111011
1001111111111111
0111101111111111
1111111110100111
1011111111111110
1101101011110111
1111111101111111
0111110111110110
1101111111111011
0111111011111011
1111111111111010
1011111110111111
1111111011111110
1111111110110110
0111110111111011
1111101110111111
1111111111101011
1111111011101111
1111101111100110
1111111111011111
1111011111111111
1111110110111111
1111110011110111
0011111111111111
1101111111101111
1101111110110111
1101111111111110
1111111010111111
1111110011111011
1111110111101111