1111100110111111
1111100111110111
1111001111101111
1111111111111100
1101111111110110
1101101110111111
1111101011110111
1011111111100011
1111111101100101
1001111111111110
1110110111110111
1011111101100111
1111110111110110
1011111110110111
1110011111101111
1111111111110001
1110101111111111
1111011110111111
1010111111101111
1101001111111111
1111111110100101
0111111111111111
1111101111100101
1111101110101101
1001011111111111
1010111111110111
1111010111100111
1111111101111010
1111101101111111
1111111011111101
1110111101111011
1010111110111111
1011111111110101
1110111011111110
1110111110110111
1101111111111101
1111011011111111
1111111111011111
1110111111101011
1100011111111111
1101100111111111
1110110111111101
1011110111111111
1111101111111011
1110111111110110
1101101011111111
1110111011110011
1111110111100101
1110011111110111
1101111100101111
1111110111111011
1011111011110111
1101110111111110
1111111010110111
1111111111101110
1111100011111111
1111011111111011
1010111111111110
1101101111111110
1111111110111110
1001111111101111
1101111111111011
1111110011111110
1111011111111101
1111100111111101
1111111010101011
1110111110101111
1111110101111111
1011101111111111
1110111111111010
1111111101110110
1111101111110110
1101011111101111
1111100111111110
1100111111101111
1111111101101011
1111001111110111
1111110010111111
1111111110100011
1110111011101111
1111011111111110
1101110110111111
1010111111111011
1001111011111111
1111111100110011
1111111001111111
1110111111111001
1111101011111110
1011111101111101
1110111111100111