1011111011011111
1111111111111110
1011111110111011
1001111110111111
0011011011111111
1110111111111111
0011111111011111
1111111111111101
1101011011111111
1111011101111111
1111011011111011
0011111101111111
0101111111011111
1011111011111011
1111101111111111
0111111110101111
1011111111101111
1111011110111111
0101111011111111
0101111111111011
1111110111111111
1001011111111111
1111111100111111
1101111011111011
1111111111110111
1001111001111111
1001111101111011
0111011111011111
0111111011001111
1111111111101011
0101111110111111
1111111101011111
1101111111011011
1101111111101111
0111111010111111
0001111111111111
1011011111011111
1101111110111011
0101011111111111
1111111110011111
1011011111111011