0111011111101101
1111111111111110
1110111101111101
1110111101101111
1111111001101111
1111011101111111
0111101111101111
1111111110111111
1110101111111111
1011111111101111
1011111111111101
1010011111111111
1111001111111111
0111111011111111
0011101111111111
0111111101111111
1111100111111101
1110110111111111
1111111111111011
1111101101111111
1111111011111101
0110111111101111
1111111111110111
0011011111111111
1111110111101101
1111111111011111
1111100011101111
1010111101111111
0110011111111111
1101111111111111
1111010111111111
1011100011111111