1111011111110111
1111110011111111
1011111111110011
1111111111111110
1111111011110111
1111101111110011
1111111111111101
1111100111111011
1011001111111111
1110011111101111
1110111101111111
1111111110111111
1110101111111111
1011111111101111
0111111111111111
1111111101100111
1111001111111011
1110111111111011
1110111111110111
1111000101111111
1110111011111111
1111111101101011
1111011001111111
1111111111011111
1111001101101111
1011110111111111
1101111111111111
1110010111111111
1111101011111111
1011011111111011
1111110111101111