0101111111111111
1111111011110111
1101111111110111
1001111111111111
1111111101100101
1111111100101100
1110111110100111
1011011111111101
1011111101100111
1111011111101110
1111101101110111
0111111111011111
1111011111010110
1011111110110111
1110111111111100
1111101111111110
1101111110111110
1100111110111111
1111111011001111
0110111101111110
1110011101110111
1111111101011100
1110111101100111
1011111111011111
1111011010111111
1111110111111111
1011101101111111
1111111110110101
1111111101001111
1111111011111110
1110111111000110
1101111111111100
1011111101110101
1011111111110100
1110111110110110
1011101111101111
1111111101010101
1111011100110111
1111011111110101
0111111111111101
0011111111111111
1111101110101111
0111111110100111
0111011111111111
1011111110111101
1110111111110101
1110111011111101
1011111101101110
1110111010111111
1111111110011111
0111101110111111
1111011100101101
1101111011111101
1101101111111111
1100111011111111
1110011100101111
0111111101110111
0110111111110111
1111101111101101
1110111101101110
0111111110111110
0110111110111111
1110111100110111
1010111111111111
1110011101011101
1111111100110110
0111111101101111
1111011101100111
1101111101111111
1011111101110110
1110101110110111
1111001111111111
1110111111101101
1111011101111100
1110101101101111
1101111111011101
0111111111101110
1111111111111011
1100011111011110
1011111100111111
1111101011111101
1110111101011110
1101011110111101
1101111111101111
0111111010111111
1111111001111111
1110111100111110
1111101111011111
1110101011111111
1111011111001111