1111100111001111
1110001111111110
1111110011101111
1100111111111011
1101110111111110
1111111011111011
1100111011111111
1111111111111101
1101001110111111
1111111011011111
1001111111111111
1110111111101111
1100111111011111
1111111111011011
1101011001111110
1011011110111111
1111010111011110
1101011111111011
1111111101101111
1011111111111110
1010111111111111
1110111101111111
1110111110111111
1101110111011111
1111010111111011
1110110111111011
1110110011111110
1111101111101110
0111111111111111
1101110001111111
1110001111111011
1111111110011110
1111110101111110
1110101111011111
1111111100111111
1100111111111110
1111111111111010
1101110111111011
1011010111101111
1111000111111111
1111111111110111
1101101110111011
1011111101111111
1111010111001111
1011101111101111
1111111111101011
1111111101011110
1110100111111111
1100011111111111
1111110110111111
1101111111101111
1111001111011111
1110010111111111
1111101011111111
1111111010111111
1011100111111011
1101111110011111
1011011011111111