1011111011011111
1001111111011111
1111111101111101
1101111111101011
1111011110111101
1101111011101111
1111111011101011
1101011011111111
1001011110111111
1001111111111110
1011111101111011
1011111011111011
1110111111111100
1111101111111111
1011111111101110
1111010111111011
1101010101111111
0111111111111111
1101110101111011
1111110111111110
1111111010011011
1111111101111010
1011110111111101
1111111011111110
1111111111110111
1111111111011110
1101111111011011
1111110110111111
1110110111111101
1100111111111111
1011111111101011
1101110111101111
1111111111011101
1111111110101011
1111111111101101
1111110011111111
1101111111111010
1111111001111011
1110011111111111
1111111101101111
1110111011011111
1010111111111111
1111111110111110
1101111010011111
1111110111011111
1110110111101111
1111111100111111
1110111111111011
1111111111001111
1111111111111001
1101011111101111
1110111001111111
1101010111111101
1011110111101111
1111111101011111
1101011101111011
1111011111111110
1101011110011111
1011111111111010