1111111101101101
0110111011111111
1111101011011111
1010111111111101
0110110111111111
1011111111101101
0111111110111111
1110111111101110
1011111101011101
1011111111111110
1111110101111101
0111100101111111
1110101111111111
1111101001111111
1111111100011111
1110111000111111
1010111001101111
0110111101111111
1110110011111111
1111101111101111
1111111110101111
1110111011101101
1111100111111101
1111110111101110
1110110101111110
1111111111111011
1011101111111111
1011111110111111
1111111111001111
1111111011111110
0111110011111111
1111111111110111
1111101011111101
1111110111011101
1111101110111111
1111111010111101
1111101111011101
1111100111111110
1111110111101101
1110111111011111
0111100111011111
1111111111011110
1111011111111111
0111111111111101
1111110110111111
0011111111111111
1111110111111100
1111111100111100
1111101101111100
1011110111111111
1111110011011111
0111111111101111
1101111111111111
0111111001111111
1011111001011111