0110111111111011
0101111111111111
0111101101011111
1011101111111011
1110111111111101
1111111111111100
1101111111110111
1111101111010111
0111111011111101
1111110110111011
0110101111111111
0110111111011111
1000111111111111
1111110111110110
1011111011111011
1111101111111101
1111111011110101
1110111101111111
1111101111111110
1100111110111111
1111111111110001
1011111111101110
1110111011110111
0111101111110011
1111111111010110
0111111111111110
0111111011111011
1110110111111111
1011111110111110
1111111011111110
0111110111111011
1111101100111111
1111111101010101
1111111111101011
0111111110111011
0011111111111111
1111110111111101
1111111110110111
1011110111111111
1110111111110110
1011101011110111
1111111011110011
1111111101111011
1101111111111110
1110101111111011
1111110011111111
0111111110011111
1001111110111111
1011111110111011
0111111111010111
1011111010111111
1101111111111001
1111111011011111
1011111100011111
0110111111110111
0111111101110111
1111111111011011
1101111111011111
0111111101111101
1111111101101111
0110111110111111
1010111111111110
1101111011111111
1111111011111001
1100101111111111
1101111101111111
1011111101110110
1011111111111101
0111111110111101
1101111110101111
1111101111101111
1111111111100111
1110111110101110
1111110101111111
1111111110001101
1011111111001111
1111111001111101
1010101111111111
1111111110111001
1111111110001110
1110101110111111
1111111011101111
1111011111111111
1111100111111111
1110111110111011
1111110111101111