1111100111110111
1011011111111111
1011101111111011
1101110111111111
1111111011110111
1110111101111110
1111111011111011
1101101111111111
1111111111111101
1111111111110011
1011110011111111
1101111111110111
1001111111111111
1111111111101111
1111100011111111
1111011111111011
1101011101111111
1110011111111110
1111100101111111
1011111111111110
1111101101110110
1111111110111111
0111111111111111
1111110111111110
1010101111111111
1110111111111011
1110111111110111
1111111001111110
1110111001111111
1111001111110110
1111111111011111
1110011011111111
1111110101110111
1101111111111110
1111101011111110
1110101011111111
1111001101111110