1101011111111101
0101111101111111
1111110111111111
0111001111111111
1111101011011111
1111111111111110
1111111010011111
1101011111011111
1111111011111101
1110111111111111
1101111100111111
1111111101111101
1111111011111011
1111111111001111
1111111111110111
1111111111111001
1101011111101111
1111011011111111
1101111011011111
1111001111111101
1111111111011011
1111111011101111
0101101111111111
1101111110101101
1101011111111011
0111111111111101
1111111101101111
1011111111111111
0111111111011111
1101101111111011
1101101111111101
1111111110111011
1111111000111111
1111001101111111
1101101111011111
1111011110111111
1101111110011111
1111101111101111