0111111111111011
0101111111111111
1101111111010111
1111110011101111
0111011011110111
1111011111010101
0111011111111101
1101111110111111
1111111111110011
1111011101101111
1100111111110111
1101111111101011
0111101101111111
0111110111111111
1111011110111101
0110101111111111
1111110111110111
1111101101110111
0111111111011111
1110111111111100
1110111101111111
1111101111111110
1111111101111110
1111111100011111
0111101111111101
0110111111111110
1111001111010111
1111011010111111
1110111110110101
1110111110011111
0110111010110111
1101110111111011
1111111011111101
1111111011111110
1111111111110110
1101111111111101
1111101100111111
1111011110110111
1101011011111011
1100111011101111
1111011101111011
1111110110111111
1111110111111100
1111101111111011
1101111111111110
1111110011111011
1101110111101111
1111111111011100
1111111111101101
1100110111111111
1101101111111111
1111111110111100
1111111110010111
1111111011011111
1111111111101110
0111111100111111
1111111101011011
1100111111011111
1110011111111111
1111111111011010
1111001101011111
1011111111111111
1110110111011111
1111110111011110
1101111101111111
1110111110111110
0110111110111101
1111111110101111
1111001110011111
1111111111100111
1111110101111111
1111011111011011
1110111111111011
1111101111110101
1111111111001111
1111111111111001
1110101110111111
1111011111111110
1111100111111111
1111111100111101
1111010111101111
1111111001111111
1111011011101111
0111111111101111
1111101011111111
1111101110111101