0111111111111011
1111111111101101
1111111000101111
0001111111111101
1001111110111111
1110111111111110
1011101111111011
1111111101111101
0111111011101111
1011101011111111
0111111110111111
1111111111101110
0111101111111111
1101111011101111
1101111101101111
1101111110111101
1011111110111001
1111101111111110
1111111110111110
1101111111111011
1111101111101111
1111110111111111
1111101101111111
1111111111111010
1110111111111011
1111101111111001
1011101110111101
1111111111110111
1110111011111111
1011111101111111
1111111010111101
1110101110111111
0001111111101111
1111111111011111
0111111111111100
1111011111111111
1001111011111111
1010111110111101
1111111011111100
1100111111111111
1101111010111111
1011111011101111
1111111000111011
0101111001111111
0110111111111111