1111100110111111
1111111111101101
1011011111101111
1111110101111011
1011110111001111
1111111111111110
1110111111111111
1111110110011111
1111111111110011
1111011110101111
1111110100101111
1111111110011001
1111010111111101
1111111010001111
0111010111110111
1111011111111011
1111011101111111
1011111101111011
1111110101111101
1011111001111111
0111111111011111
1111011111010111
1111010011111111
1111101101111011
1111101001111111
1111101011111011
0111111110111101
1011110111010111
1111001111111111
1111011011110111
1011111011011011
0111111011111011
0111111101111111
1111110110111101
1111111111100111
1111111010101011
0111011110111111
1111011010111111
1111111010011011
1011101111111111
1111111011111101
1011111110111111
1111101111111001
1111101111001111
1011110011111011
1011111111110101
1111111101101011
1111011110110111
1011010111111111
0111111011110111
1011111011010111
1111111101011111
1111110010111111
1111110011110111
0011111111111111
1111101110101111
0111101011111111
0111111010111111
1111110110101011
0111011111110101
1111010111101111
1111101101111101
1111100011101111
1111101111110111
1111011111011101
1111110011011111
1111101010011111
0111111111101111
1111110111011011
1011111111101011
1101111111111111
1111111011001011
0111110111111101
1111101111101011