1101111111010111
1111011111110111
1011011111111111
1001101111111111
1110111111111110
1111001111101111
1110101111111101
1101101110111111
1011110111011110
1101110111110111
1111011111101110
1111111011110110
1111111101111111
1001111111111101
1101001111111111
1111111111010110
0111111111111111
1110111110011111
1110011010111111
1011110111111101
1110111111110111
1100111111111101
1111010111001111
1001110111011111
1100011111111111
1111111111110101
1101101111110111
1110010111111111
1011111111110111
1111110110001111
1111111111101101
1111110011111111
1100110111111111
1110011110101111
1111111011011111
1010111111111111
1101111011111111
1100101111111111
1110110111011111
1111111110111110
1011101010111111
1011110110111111
1111101110110111
1111101111101110
1111011111111101
1111110111101110
1111111111100111
1011111111001110
1111111111111011
1101011111011110
1111101011111100
1110101110111111
1111111011101111
1001111110011111
1111100111111111
1101111111101111
1011101111111101
1101110111111100
1101010111111111
1111101111011111
1110101011111111