1011111011011111
1001111111011111
1111110011111111
1111111111101101
1111111111111110
1110111101111101
1101110111111111
1101101111111111
1101111111001111
1110101111111101
0110101101111111
0111110111111111
1110111101101111
1010101111011111
1110111011011111
1111100111101111
0111111111011111
1111111110111111
0111111101101111
1101111101111111
1011111111111101
1111110111011111
0111111011111111
0011101111111111
1111101101101111
1111110101111111
1011111111001111
1111111111111011
1111111111110111
1010110111111111
1110101111001111
1011111101111111
1111111101011111
1111011111111111
0111111111111101
1111110111111101
1111111001111111
1100111111111111
0101111111101111
1111101011111111
1111111111011101