1111011101111001
1111011101110111
1111011111011111
1110111111111110
1111111011111011
1111111111111100
1111011101101111
1110111110111101
1111101011110111
1111111011011111
1111111101101110
1110111111101111
1111111111011011
1111111110100111
1111111000111101
1011111111111111
1111011111101101
1110111011110111
1110101111111111
1111101001111111
1110111111010111
1111011110111111
1111111111100011
1111011001111101
1111101111101111
1110011111111101
0111111111111111
1111111100101111
1111111110101110
1111111101101001
1111001011111111
1111110111111111
1110111001111101
1111111111001111
1111111011111110
1110111101111011
1111111101110110
1111101100111111
1111111011101111
1111111111011110
1111011111111110
1111111110101101
1110011011111111
1111111000110111
1111101101111101
1111101111111011
1111111111110101
1111101101111110
1111111110111011
1101111111111111
1110111010111111
1111111110011111
1111111111100110
1111111111011101