1101011111111101
1111011111111001
1111011111110111
1111111111111110
1111111011110111
1110111111111111
0111101111111111
1111101111101101
1111011011111011
1011111111111111
1111111110111101
1101111011111111
1111111101111111
1101011110111111
1111001111111111
0111111011111011
0111111111110101
1111111111100111
1111110111111111
1111111011111101
1111101111111001
1111101110111111
1111111011101111
1111111111011111
1101111111101111
0111011111111111
1101101111111011
1101101111110111
1111111110111011
1101111111110101
1111111010111111