1111011111111001
0101111111111111
1101111111010111
1111011110011101
1111111010110101
1111110111111011
1111111111111110
1101110111111111
1101111110111111
1111110110011111
1101101111111111
1100111011111111
1111111111110011
1111111010011101
1101111111111001
1111101011110111
1111110111010111
1011101111101011
0011111111111011
0111111110111111
1100111111011111
1111111011101011
1111111111011011
1111101010111111
1110011111111111
1011111110101011
1111011010011111
1011111010101111
1011111110011111
1110110111110111
1111110110101111
1111011011011101
1010111111111111
0111110111100111
1011011011011111
1011101111110111
1111101111111101
1011111011111011
1011111110110111
0111111111011111
1111010011111111
1111111101111111
1110110111011111
1111010110111101
1110111011110111
1110101111111111
1001111011110111
1011111111111101
1111101011111011
1111001111111111
1101011111110111
1111011110111011
1110111110101111
1101111011111011
1110111111111011
1111111111001111
0011011111111111
1111011010101111
1110110111101101
1111011110110111
1101111011011111
0111111011110111
1111100110110111
1110110110111111
1111110010111111
1111110110110101
0111111111111101
1011011111110111
1001111111111011
1111111111100101
1111101110101111
1101111111101111
0111011011111011
1011110111111111
1011011110101111
1111011111100111
0011111111100111
1110111010111111
1111101111011111
1111111111101001
0111010111101111
1110111111011101
0110111111111111
1110111111100111