1101011111111101
1111011111111001
0111111111111011
0101111111111111
1111011101110111
1111110111101011
1110110101111011
1111100111110111
0111110111101111
1100110111111111
1001101111111111
1010111111111101
1110111101111101
1111111111110011
1111011111101111
1010110111111011
1011111111101101
1111010111111101
1111111111101110
0111101111111111
1110011101111111
1110111111101111
1111101111101101
1011011111111101
1111100111101111
1011111111111110
1111110101111101
1010111101111011
1111101111111110
1111111101111110
1111111110111111
0111110111110111
1101111111111011
1011111101101011
1101111101111111
1001111111111101
1111110101101111
1111001111111111
1101011111110111
0111111111111110
0111111101111111
1111111111100111
1101111111101101
1111110111111110
1001011111111111
1111101101111111
1111111011111111
0111111111101101
1111111101111001
1110101111110111
1111110111101101
1110100111111111
1111111111011111
1011110111101111
1110011111111010
1100011111111111
1110110111111101
1111111111111000
1011101111111101
0111011111111111
1011110101111011
1110111111110110
1111101111111011
1111010101111011
1101111111110101
1011111111110111
1011111101111101
1101010111111111
1101110111101111
0110111111111111