1111001111111110
1111011110111110
1011011111111111
1011111110111011
1111011111011111
1111111011110111
1110111111111111
1111001111101111
1111111011111010
1111101110111011
1101101110111111
1111111111011011
1011111111111110
1111110111110111
1111011111101110
1111111111110010
1111111110111101
1101111011111111
1111010011111111
1111111101111111
1011111111101111
0111111111111111
1111111110101111
1011111111011111
1111110111111110
1101110111111011
1011101111111111
1111111111111001
1101111111110011
1111111111101011
1111111111011110
1111101111100111
1101011111111111
1111110110111111
1111100111111111
1101111111101111
1111111110110111
1011110111111111
1111111111110101
1111111110111010
1111011011101111
1111011111100111
1111101011111111
1111111010111110
1111101111011111
1111110111101111
1111111111100110
1111111111011101