0101111111111111
1110111111111110
1101111110111111
1111111101111101
1111111111110011
1111011111101111
0111101111111111
1110011111110101
1101111101101111
0111111101011011
0010111111101111
1011110101111110
1111111111001011
1111101111111110
1011111111101110
1111011110111111
1111111111010111
1110101111101111
1110110111111111
1101011101110111
1001011111111111
1111101101111111
1101110111111011
1111111101001111
1111111011111111
1101111111111101
1110111111011111
1111011111110100
0111111111111101
1111111110110111
0111011111111111
1111101111111011
1011011111011110
1111100111011101
1100111111111111
1011100111011111
1101111111111110
1011111111110111
1111111110011111
1111111111101001
1010111101101111
1111011101011110
1111001111011101
0111111111101010
0110111111101011
1101101111111111
1110111110111101
0111111110111111
1111111101101110
1110011101111111
1111011111111010
1111101111101101
1111010111011110
1111111111011010
1101111111011111
0011110111011111
1011101111001111
0110111101101111
1001111111101111
1111010101111111
0111110111110110
1111110111111010
1011110110111110
1011111111111101
0011110101111111
1111111111101100
1110111111101101
1111111111011001
1111111111100111
1111110111110101
1111111100111111
1011001111011111
1111011111011011
1111010111110111
1111111101101011
1110011111111011
1011111111111011
1111111111111000
1101110101110111
1111111111001110
1001110111111111
1111111110111011
1111110111101111
0011110111111110