1110011110111111
1111111010101111
1110111111111110
1111111011111011
1111111101111101
1111011111101111
0111011011011111
1110111110111101
1110111101101111
0111111111001111
1111011101111110
1110111111011011
0110111110111111
1011111111111111
0111011011111110
1111011111011001
1111101111111111
0111111110101111
0111111101101111
1111111110111110
0110111101111111
1111011111111100
0111111101111110
1111110111111111
1111111101001111
0110111111101111
1111111001111110
1111111111110111
0110011111011111
1110111011111111
1111111010111101
1111111101101011
1111011001111111
1111111111011110
1110111111101011
1111011101111011
0111111111111101
0111111101011111
0111111010111111
1110111111111001
1110111111001111
1101111111111111
1111111110011111
1111111111101001
1111111011101101