1011011111111111
1010111111111101
1111111111111110
1111011111011111
1011111111101101
1101010110111111
1011110111011111
1001111111111111
1111101111101101
1101111111011111
1111110111110111
1111111110111101
1011101111110111
1011111110110111
1110110111011111
1111111101111111
1110101111111111
1111101110110111
1010111111101111
1010110110111111
1111001111111111
0111111111111111
1111111110101111
1111111111100111
1111111111111011
1111111111001111
1111111011111111
1110011110110111
1011110111101111
1111100111111111
1101111111101111
1111110111111101
1111010111101111
1100111111111111
1111111111011101