1111011111110110
1011111011011111
1011011111111111
1110111111111110
1111111101110011
1111111111111101
1111011110110011
1101111110110011
1111011111010111
1111101111111111
0111111111111111
1111110111111110
1010111111110111
1101110111111011
1011111110111111
1111010110111111
1110111111011111
1111011011111111
1111011101111011
1001111111111011
1011110111111111
1100111111111111
1110010111111111
1111111010111111
1111111110011111
1111110110110111
1011111111110011
1111111011111011
1111111111101111
1111111111011011
1111011111111010
1111011101111110
1011111111111110
1111111110111110
1101111101111111
1011111101110111
1111110111011111
1101011110111111
1110110011111111
1101011111110111
1110011110111011
1101110011111111
1111110101111111
1110111101110111
1111111101110110
1101111011011111
1111111101011111
1001111011111111
1010111101111111
1110111100111111
1111011100111111