0111110111011111
0110111011111111
1111111011110111
1110111111111101
1111101111111100
1111111111110011
1111011111101111
0111101111111111
1011001111111111
0111111111111001
1011011111111101
1111110111110111
1111111101111110
1011111101111001
1111001001111111
1011011111111110
1111111101011101
0111111011111011
1011111111011111
1110110111111111
0011111111111101
1111101111111001
1011101101111101
1111111111110110
1111101111001111
1011111111110101
1011101111101111
0011111111111110
1111111111101011
1110111111011110
0111111101011111
0110111111011011
1111110111111101
1011111011111111
0111011111111111
1011110111111111
1111111011111100
1111110111011011
1101111111111111
1110101111111011
1011111101101111
1111010111111110
1111001111111110
1111111111101101
1110001111111111
0111110111101111
1111011101011111
1111011111011110
0011111111111011
1111111011011111
1111111111101110
1110111111101111
1111001111111101
1111100011111111
1111010111011111
1111011111111011
0111111111110111
0011111101111111
1010111111111111
1111111101110101
1111111110111111
1111110011111110
1111111111100111
1111110101111111
1111111001111101
1111111111111010
0111111111011100
1110111101110111
1110111001111111
1111101011111101
1111100111111110
1110111101011111
1111111011101111
1111101111110111
1110101011111111