0111110111011110
0101111111111110
0111011111101101
0111101111011111
1011011111101111
1011110011111101
1011111110111011
1111011111011111
1011111011001111
1101111011111101
1101101111111111
1111100111011111
1111111110111100
1111011110101111
1011111111101101
1111011110111101
1001111111111111
0111111110111111
1110111111101111
1101111011101111
1111111011101010
1011111011011101
0111111111001110
1011101111011111
1111111011011110
1011011111111100
0100111111011111
1111011111101110
1111111111001010
1110111111111100
1111101111111110
1100111110111111
1111111101111111
1011111111101110
1101111111111011
1111110111111010
1110111110111110
1011110110111111
1111111111101100
1010011111111111
0111111011111111
1101111110101111
1111101111101111
1011111011011011
1111111110101110
1101111111011101
1111001011111111
1011111110111110
1110111111111011
1111111111110111
1111111111111001
1110111011111110
1110101110111111
1011110111011011
1110110110111111
0111111111111100
1011011011111101
1101011111111111
1111011011111110
1110111111011110
1101110110111110
0011111111111111
1110110111111101
1111001110111111
1111011111101011
0111111111011011
1011111011111110
1111101111111011
1010111110111101
1111111011111100
1111110011011111
1110111011111101
0101111111101111
1111111011001011
1111111010111111
1111111110011111
1011011111111010
1110110111111110
1111010111111111
1111110011111011
1110101011111111
1111110111101111
1010111111011111
1111111111011100