1011001111111101
1110100110111111
0111101111011111
1101110011111011
1111111111111110
1110111111111101
1101101110111111
1101111111110111
0111110111111111
1001111111111111
1101111011101111
1111111001101111
1101011111111011
1101111101101111
1110111111110011
1111011111101101
1111010111111011
1111111111010111
1111111011101001
1111111110110101
1111101101111111
1110111110110111
1101111101111101
1111011011111111
0101111011111101
1110111111101011
1111011111110101
0110111110111011
0011111111111111
1011111101101101
1111110111111101
0111011111111111
1011111011111111
1011111110111101
1011110111111111
1111101111111011
1100111110111011
1111111101111011
1111111010111111
1111111110011111
1111111111011101
1111011111111001
1111110110110111
1111110001111111
1101110101111111
1011111110111011
1111011111011111
1101010110111111
1110111011111011
1011111111110001
1111111011011111
1110011111111111
1111111011100101
1110111111011011
1010111111111111
1011101111110111
1100111101111111
1101101111111101
1111110111011111
1111111111100011
0111111011110101
1111101111101111
0101111110111101
1111111110101111
0111111101111111
1110101111011111
1111111001111101
1111111111001111
1111111110111001
1111111101110111
1110101111110111
0100111110111111
1111001111110111
1011101110111111
0111111111101111
1111101011111111
1111001110111101
1011011111111011
1111110111101111