1111110111111011
1011101111111011
1111111111111101
1111111111110011
1110111101101111
1110111111101110
1111111110100111
1011111101111011
1010111111111111
1111110111110111
1011101111110110
1111111101111110
1110111100111011
1011111101110111
0111111111111111
1110101111101111
1111101101111111
1111111011111111
1110101111110111
1111101110111111
1110111110110110
1111100111111110
1111111101101011
1110100111111111
1011111110101111
1110111111101011
1111111111011111
1111011111111111
1111110110111111
1011110111111111
1011111111101011
1101111111111111
1011111101101111
1110110111111110
1111111111100110