0110111111111011
1110111111111110
1101111100111111
0110110111111111
0111111001111101
1111011110110011
1001111111111111
1111110100111110
1111101111111111
1111011111101101
1111111111110001
1111011111100011
1011011111111110
1010011111111111
1010111111110111
1011111110111110
1111111111110110
0111110111111011
0101110111111111
1111011011111111
1111111111011111
0111111111111100
1101011111111111
1111011111110101
1011011111110111
1111110111111101
0011111011101111
0110011111111111
1011110111111111
1011111110110011
0111111101101011
1100111111111111
1110111011111101
1011111111101011
1101111111111110
1111111010111110
0110111001111111
1111010111111111
0111111001111110
1111110110110111
1111111100101011
1111110011111111
1111111101101101
1011011111101111
1011111011110111
1101111011111101
1111111011111011
1111011110101111
1111111010110111
0111111100111111
1011011110111111
0111111111110111
1111011101111111
0111111110111110
1101110110111011
1111111110111101
0111011111111011
1110111110111111
1011111111111101
1110110111111011
0101111011111111
1110011111111101
0111111111101110
1111111001111100
1111111111111010
1111111101110111
1011111101111111
1011111111100111
1111111011101110
0101111111111101
1111111110100011
1110011111111011
1111111111100101
1101111111101111
0111110110111111
1111110111101111
1110111111100111