0101111111111111
0110111111111011
0111101111011110
1111111001110111
1101111101110111
1110111101111110
1111111111110011
0111110111111111
1001111111111111
0111101101111110
1101111011101111
0110101111111111
0011111111101110
1111110101111101
1111110111110111
1111101111111101
1101111110111100
1100111110111110
1110111011110111
0011111111101101
1110111111010111
1111110101101111
0110111101111111
1011111111011111
1111110111111110
1011111110111110
1101111011111011
1100111111111100
1111111111110110
1110111011111110
1111111111101011
0111111111111100
0111101011111111
1110110111111101
0111111101011110
1111111110110111
1011111011111111
1011110111111111
1101111110111011
1111111101111011
1111111010111110
0111111001111111
1111111111011101
1110110001111111
1111111101101101
1101110101111111
1111110111111011
1110101011011111
1101111001111101
1100111011111101
0111111111010111
0011111111111011
0111111110111111
0111111101110111
1101111101011110
1111111111011011
1111111011100101
1101110011111101
1010111111111111
1111110001011111
1101101111111110
0111111101101111
1110110111011111
1101110111011111
1111101001111111
1111101101011111
1111111111101100
1111101111101111
0011101111111111
1111111110101111
0111111111110101
1100110011111111
1011111111100101
1110111001111101
1111111100111111
1111111111111010
0110111111101101
1111111111001111
1111111001111110
1111111111111001
1011111101111111
1111101110111111
1100111011011111
1111110111101101
1111111011101110
1111011111111111
1110111011101111
1111110010111111
1110111111100101
1100110110111111
1111100111111111
1111101111110111
1101111010111111
1101111111110101
1101111110011110