0101111111111110
1101111111010111
1011111111110011
0111111111010111
1111101111110011
1111111111111101
0011111111111010
1001111111111111
1100111111011111
1110111111101111
0111111111110110
1011111111010111
1111111101101111
1111111110111111
1100101111111111
1111101101111010
1101111101111111
1011111111101111
1111111111010110
1111111111100111
1111110111111111
0111111111101110
1011101111111111
1100111111111110
1110111111111011
1110111111110111
1111111011111111
1111111101110111
1101111111110010
1011111101111111
1111111111101011
1110111101011111
1111111101011110
1111011111111111
1101111111011010
0111101111111010
0101111111101111
1111101111011111
0111101111110111
0110111111111111
1010111111011110