0111111011111110
1111011111110111
1111110111101011
1101111100111111
1111011111101111
1111111111111100
1101111111110110
1001111111111111
1111111110100111
1111100111101111
1111110111110111
0110111110101111
0111111111111010
0110111111111110
0101111111111011
1111111101100111
0111011110111111
1111110111111110
1100110111111011
1011111110111110
1101111011111011
1110111111110111
1100111111111101
1110111011111111
0101110111111111
1111111111011111
0011111111111111
1111110111111101
1011110111111111
1111101111111011
1111111111110101
1111111101111011
1110101101111111
1011111111110111
1111111111101001
1111001101111111
0111101111110110
1111110011111111
0111110111101111
1101111111111010
1010111111111101
1101101111111111
0111111011101111
1101111111111001
1110111110111101
1111111010110111
1111111111101110
1110111101101111
1110011111111111
1011011110111111
1101011101111111
1111011111111011
1101111110101101
1111111100110110
1110110110101111
1100111101111111
1101111101111110
0110101111101111
0111111110111101
1111111111100011
1110111111101101
1111111011100111
0111111101111111
1111011111111101
1011111111111001
1110111111111010
1011101111111111
1011111100111101
1111101110111111
0101111111100111
0101111110111110
0111111011110111
1110100111111111
1011111110101111
0101111111111101
1111011111111110
1101110110111111
1010111101111111
1111111001111111
1110111111111001
1111111110111011
1111101011111111
1110111100111111
1111111011101101