1111011111110111
1111111011110111
1011110111111011
1111101111111100
1111011011111011
1001111111111110
1111110111110111
1111011111101110
1011111001111111
1111101101110111
1110101111111110
1101101111101111
1101001111111111
0111111111111111
1011111111011111
1101110111111011
1110111111110111
1011110111111110
1111111111110110
1111101111001111
1101111111110011
1110111011111111
1101111111111101
1011101111101111
1110111111101011
1100011111111111
1110111111011110
1101100111111111
1110110111111101
1111110101011111
1111111101111011
1011111111101011
1110101101111111
1110101111111011
1111010111111111
1101101111011110
1111111111011101
1011011011111111
1111111111101101
1111110011111111
1011011111101111
1111011111011110
1101110111111110
1101011111101011
1111111011011111
1100111111011111
1111111111011011
1110111111101110
1111011101111111
1111111101101111
1010111111111110
1101111011111111
1100101111111111
1111111110111111
1111110111011110
1101111101111111
1011111111111101
1110110111111011
1111011111111101
1111100111111101
1111001011111111
1111110101111110
1111111111111010
1111111111111001
1111111011101111
1010111111111011
1111001111011111
1010111101111111
1101101111111011
1111101011111110
1011011111111011
1111110111101111
1111101111101011
1111011111001111