0101111111111110
1001101111111111
1110111111111110
0110110111111111
0111110111111110
1011011111111101
1011111110110111
1111101111111101
1111101111111110
1100111110111111
1111111101111111
1011111111101110
1111011110111111
1110111111110111
1111111011111111
1101111111111101
0011111111111110
1111110110111110
0101101111111111
1110110110111111
1111111111011111
1111011111110100
1011011111110111
1101100111111111
1111110111111100
0111011111111111
1011111110111101
0101111111101111
1111111111101101
1011110111110111
0011110111111101
1110011111111111
1010111111111111
0111111110111101
0011101111111111
1111101111101111
1111111110101111
1101011111110111
1111111111111011
1111000111111111
1101011111101110
1111101110111111
0011110110111111
0011111111110101
1111101111110111
1101111110110111
1001110111111111
1101010111111110
0111111110110110