0111111111111011
0100111111111111
0111111011111110
1101111111010111
1001111111011111
0111011111111101
1110111101111101
1011001111111111
1011011011110111
1011101111011111
1011011111111101
1111101111111101
1111011111010111
1011111001111101
1101111011110101
1111111111110001
1111111100111011
0101101110111111
1001111111111100
1101111100011111
0110111101111111
1010011111111110
0011101011111111
1111001111111010
0001101111111111
0011111111111101
1111110111111111
1111011010111110
1101101110110111
0111011100111111
1100111111111110
1111101101111111
1110111111110111
1110111101111011
1111111111110110
0111111000111111
1011111111110101
0011111111111110
0010111111111111
0101101111111110
1111111111011110
0011111001111111
1101011111111111
1010011110111111
1011111111011101
1111011110011111
0111111101011111
1110011111011101
1010111011111110
0110011111111111
0111011111111110
1101111001111110
1111101010011111
1111111011111100
1001101110111111
1101101011111111
1110111011111101
1001111101111101
1011111001011111
1010111111011111
1111011111111001
1011111111110011
1011111110111011
1001111110111110
1000111110111111
1111111011111011
1011111000111111
1111111110010111
1111111010110111
1111111111101111
1110011101111111
1111111111011011
1111011101111110
0111111111110111
0111111101111101
0110111110111111
1110111011011111
1111001110111011
0111011011111111
1011011011011111
1111111110111101
1011101111110111
1100111101111111
1011101010111111
1101111111111011
0101111011111111
0111111101111110
1111011101111101
1111001011111111
1011111111111001
1110101111011111
0111001111111111
1010101111111111
1011101111111110
0111111111011101
1111111101110111
1110111001111111
1111101110111110
1110101110111111
1110111101011111
0101111110111110
1101111011011111
1111011011110101
1111001111011111
0111111011011111
1011111101111110
1010111111111011
1001111011111111
1111111111111000
1110111111111001
1111111100111110
1101111010111111
1110111110111010
1111111011010111
1110101011111111
0011011111011111