1111100110111111
0100111111111111
1111111110101011
1111111111101101
1111110011111111
1111101111011011
0111011111111100
1110111111111110
1111011111011111
1101110111111111
1011101111111011
1101111110111111
1111110110011111
1011101011111111
1111101011111001
1111101110111011
1111101011011101
0111110111111111
1111101010111111
1110011111111111
0111111111111000
1111011111111011
0111111111110111
1001111111111110
1111111011011110
1011011111111100
1111110111110111
0101111111011111
1100101111111101
1111111011110101
1101111011111111
1111000111111101
1111111011110110
1111111101111111
1111111110111110
1110111110111111
1011111111101110
1101111111111011
1000111111111101
1111011110111111
1111111111010111
1101101111101111
0111111011111111
1111101111101110
1111011011110111
1110101111101111
1111110110111101
1011111111011111
1101111111011101
1110110111101111
1111110111111110
0111001111111110
1011101111111110
1110111111111011
1111101111110100
1110111111110111
1011111110111111
1011110111111101
1010110111111111
1110111011111111
1111111110001111
1110111111011111
1111111011101110
0101101111111111
1011110111101111
1101011111111111
1111011011111110
1111011111110101
0111101111111011
0111111110011101
0111101111011101
0011111111111111
1011111111111010
1011101111111101
0111111111011011
1011111011111110
1101101111110110
1111101111111010
0111111111101111
1011111111110111
1011111011101111
1101101111011110
1111011011111101
1011011011111111
1111111011100011