1111011111110111
1111111110101011
1011011111111111
1110011110111111
1111110111111011
1111111111111110
1111111011110111
1110111111111101
1111111011111011
1110111110110011
1111011101111111
1011111111010111
1110111111011011
1111110111001111
1111011011011101
1111110111110111
1111111110111101
1111111111000111
1111101111111111
1111111111011001
0111111111111111
1110110111111111
1111110101111111
1111111100111111
1011111011111101
1111111001111101
1111111101001111
1011111110111111
1011111111001101
1110111011111111
1011110011011111
1111111110001111
1011111101111111
1111111011101111
1110111111101011
1111011110011111
1011111111111011
1111110111111101
1111011111101011
1111111111110101
1111111101111011
1101111111111111
1110111111100111