0010101111111111
1111101011101111
1111011111110111
1011011111111111
1111111111111110
0110111111101011
1111111111110011
1111111111111101
1111011111101111
1111101011110111
1001111111111111
0101111011110111
1111111011101011
1110011111111111
0011111111101111
0111011111111011
0111101111101111
1111111110111111
1111111101111111
1101111111111011
1111111111100111
0110111011111011
1111110111111111
0111001111111111
1110111111110111
1011101111101111
1111011011111111
1111111111011111
1101011111111111
1010111111111011
1011111011111111
1111101111111011
1101101111110111
1100111111111111
1011111111101011