1111111010011111
1111111111111110
1111111101001011
1110111111111111
1111111111110011
1101101111110101
1111110111010111
1111101111010111
1101111111101011
1111110110111011
1101111110111101
1111111010111011
0111111111111111
1111110100111101
1111110111001101
1111101100111101
1101110111111011
1111111011111101
1111111110011101
1111110010101111
1101111110111011
1111101111111011
1111110101101011
1111110110110111
1111111110101011
1111111010110111
1011111111111111
1111111100001111
1101110111011111
1101111101111111
1111101110110111
1111101111101111
1111111111100111
1101111111101101
1101110011111111
1111110011101011
1111110111110101
1111111101110111
1111111111111001
1111011111111111
1111110011110111
1111100111111111
1111111001111111
1101110111111101
1111101011111111
1111111011001011
1111111100011011
1111111011010111