0111111111111011
0111011111111101
1111111111110011
1111111111111100
0111111011111101
1111011011111011
1111111011110110
1111101111111111
1111111111010111
0110111101111111
0111111111111110
1111110111111111
1010111111110110
1010111011111101
1011111110111111
1110111101111011
1111111101111001
1010111111110101
1110111110110111
1011011011111101
1110111111011110
1011011111110111
0011111111111111
1010111011111110
1101111111111111
1111111010111111
1011111111011110
1010111111011111
0111111110011111
1111011111011111
1111111111101111
1111111011011111
0111111100111111
1110011111111111
1111111111011011
1111011101111111
0111111111110111
0111111101111101
0110111110111111
1111111100110111
1111111101110101
1011111101110111
0111111110111101
1010111111111001
1110111111111010
1110111101110111
1111111101110110
1111111101011111
1111011111111110
1011011111111001
1111111100111101
1010111101111111
1111111001111111
1111111110111011