1111011111110110
0111111111111011
0010111111110111
1111111101101101
1011111111001011
1110111101111101
0111111111010110
1110111111101110
1111101111111111
1111111101110101
1111111110111111
1111111101111110
1011111111101110
1111111111101100
1111111111100011
0111011111010111
0110111111111110
0111111101111111
1111011111111101
1011111111110110
1111110111111111
1111111111111010
1111011111011011
1111111011111111
1111111111111001
1011111101111111
1011111111110101
1110111111011111
0111111111111101
0110011111111111
0111011111111110
1110011111101011
1110111111110101
1011011111011111
1111111101111011
1111011111100111
0111111111101111
1111111111110100
1101111111111111
1110111111100111
1111111111010011
1111111111011100