0111110111011111
1111011111110111
1111001111111110
0011111111110111
1011011111111111
0111101111011111
1111011101011111
0101010111111111
1111011111011110
1110100111011111
1001111110111110
0110101110111111
1110111111111110
0111111111010111
1101111100111111
1111111101111101
1101101111111111
1101111101110110
1111111111111100
1110101111111101
1110111111101111
1100111101011111
0101111111110111
1111011101111110
1011111111010111
1111111101101111
0011111111101111
1010111111111111
1111110111110111
1111111110111101
0101111111011111
1011101111110111
1011111110110111
1110101110011111
1111110111011110
1011111111101110
1011111111111101
1011111101110111
1111011110111111
1011111101011111
1111111110101111
0110010111111111
1111011111111101
1111110111101110
1111111111100111
1111110101111110
0111001111111111
1111111111111011
0111111111101110
1111101101111111
1110111111110111
1111101111110101
1111111011111111
1111101111110110
1111111110110110
1111101111001111
1101011111101111
0110011111011111
0111101110110111
1011101111101111
0101110111111110
0100111110111111
1100011101111111
1111111111010101
0111011111101111
1111110110111111
0111111111111101
1110001111011111
0001111111111110
0111111101011111
0011111110011111
1111110111111101
1011110111111111
0111011111111110
1101110101011111
0111100111111111
1111101110010111
1111111100111110
1110111100111111
1101111110011111
1011111111011110
1111011111001111