1111111111101101
1111111111111110
1111111001110111
1011111011110111
1011101011111111
1011110011111111
0110110111111111
0111101111111111
1110011111111111
0111111111110111
1111111101101111
1010111111111111
1111110111110111
1111110101111101
1111101111111101
1110111101111111
1111111011110101
1111111101110101
1111111110111111
1011111111101111
0111111011111111
1111101111101111
1011001111110111
0111111101111111
1011111011111101
1111111111111011
1111111001111101
1111101101111111
0110111111101111
1111000111111111
1011111101111111
1111011011111111
1011010111111111
1110100111111111
1111111011101111
1111111111011111
1101111111111111
0111110111111101
0011110111111111