1111110011111111
1111110101111011
1111011111011110
0111111111010111
1111111011111011
1111111111111101
1111110111010111
1001111111111111
1111111111101111
1101011011111111
1101111111011111
0011110111011111
1011111101111011
1110111101111111
1111101111111111
1111111110111111
1011111111011011
0111111101111111
1111110111111110
0111011111110111
1101110111111011
1011110111110011
1111111111111010
1111011111011011
1110111111110111
1111111011111110
1111111111110110
1111111101110111
1110111011111111
0011111111111110
1110111111011111
1111111101011111
1100011111111111
1011011111110111
0111111011011111
1111111001111111
0101011111111111
1111110111011011
1111111011010111
1111010111111111
1011111111011110
0110111111111111
1111111111010011