1111111101100111
0111111101111111
1111111111101101
1111110111111110
1111110101111111
1111111111111011
1111111101001111
1111111011111101
0110111111101111
1110111111111101
0111111111100110
1111111111111100
1110111001111111
1111111011011111
1110111101011110
1111111111010101
1110111111101110
1111011111111111
1110110111110111
1011111111111111
0111111111011111
1111111111000111
1111101111111111
1111111011110110
1111111110111111
1101111111111111
1111110111011111
1111110111101111
0111111011111111
1110111111100111
1111111101010111