0111111111111011
1111100111110111
1111111111111110
1111111011110111
1110111101111101
1111111101110011
1011101011111111
1011110011111111
1101111111110111
0111110111111111
0110101111111111
1111110101111101
1011111011111011
1111011111010111
1111010011111111
0111111011111111
0111101111111101
1010111111011011
1110110111111111
1110111101111011
1110111011111111
1111011100110111
1011010111111111
1101011111111111
1001111111111011
0011111111111111
1111111010111111
1111111110011111
1111111111011101
0111101111110111
1111111101010111
1111110110110111
1011111111110011
1111011101011111
1111110111111011
1001111110111111
1101110111111111
1101101111111111
1111100111011111
1111111110110011
1111111111101111
1111111011011111
0111111110111111
1110011111111111
1111100011111111
1111011111111011
1101111111011111
1111110011111101
1111111110111101
1011101111110111
1011101110111011
1101111011111111
1110111110111111
1111010101111111
1011111111111101
1111001111111111
0111111101111111
0111111111110101
1111100111111101
1010101111111111
1110111101110111
1111111111111001
1011111101111111