1011101111111010
1110111111111101
1111111111110011
1100111111110111
1111110111010111
1101111111101010
1001111110101111
1001111111111110
1110110111110110
1111110111001111
1000111111111111
1110011111101111
1111111111001001
1100111110111111
1111111101111111
1110101111111111
1011100111111111
1011111111011011
1011101111011101
1111111110100101
1111111111010110
0111111111111111
1111101111001101
1011110111111101
1111111011111111
1011111111101001
1011101111101111
1101011111111111
1001111111111011
1101101111110111
1111110110100111
1011111111110111
1111111110011111
1111010111111111
1010111111101011
1110110110110111
1111101111011011
1111110111111011
1111101111000111
1111011111011111
1111100110101111
1101110111111111
1110110111100111
1111101111101100
1011011110111111
1101111110101101
1101111111011111
1010110111101111
1110111111011011
1010111111111110
1001111111101101
1101101111111101
1111111110111110
1111110111011110
1111001111111111
1111011111111101
1111100111111101
1011111111111000
1111110111110101
1111100111111110
1111111111010101
1111011111111110
1101101111111010
1101111110110111
1011101110111111
1111011111100111
1110111111001110
1111111110111011
1101111111110100
1011011111111011