1111111111111110
1111011111011111
1101110111111111
1111001111101111
1001111111111111
0111111110111111
0111101111111111
1011001111111111
0111111111001111
1111111110111101
1111101111111101
1101011110101111
1111011111101101
1111111101111111
1110111110111111
1011111111101111
1111110111011111
1010011111111111
1101001111111111
1110011111111101
1101111111101101
1111111111111011
1011111110111111
1111010110111111
0110111111101101
1111111011111111
1111111111110111
1111101110111111
1110111111011111
1111010111101111
0111011111111111
1011110111111111
1100111111111111
0101111111101111
1111111110011111
1101101111011111
1111111111011101