0101111101111111
0100111111111111
0101111111111110
1111111111101101
1111111011111011
1110111110111101
1101111111101011
0111111110111111
1111111111101110
0111101111111111
0111111101111101
1111111101101111
1011111111111111
1101111110111101
1101101111111101
1111111110111110
0110111101111111
0111111101111110
0110111111111110
1110111110101111
1111110111111111
1111111100111111
1111101101111111
1100111111111110
1111111011111101
1110111111111011
1111111011111110
1111111111110111
1111111111111001
1110111001111111
1110101110111111
1111111111011111
0111111111111100
1111011111111111
1111101110101111
1101111001111111
1111101111111011
1101111110111011
1111101011111111
1110111010111111