0011111111110111
1111110111101011
1111111111111110
1110111101111101
1111110110011111
0110111111100111
0111101101111111
1111110100111111
0110111111011111
0111110111100111
1010111101111011
1110101111111111
1111111100011111
1110110101101111
1011111111101111
1111011110111111
0110111101111111
1111111111010111
0111001111101111
1111111101001111
1111111011111111
1111111101111001
1111101111001111
0111110101111011
0011011111111111
1111101100111111
1011011111110111
0111111101011111
1111110111111101
1111101101111101
1011110111111111
1111101111111011
1111111111110101
1111000111110111
1101111111111111
1111111111101001
0111101111110111
1010111111011111
1111011111111001
1111111101101101
1011111111110011
0111110101101111
0110111111101011
1111011111011111
0111111110111111
1111111101011011
1110011111111111
1111101111101101
0111111111001111
1111011101111111
1110111111011011
0111011111111011
1110111110111111
1011111111111101
1111101110110111
1110110111111011
1111101101011111
1111011111110011
1011111101011111
1111111110001101
0111011111110111
1011101111111111
0111111111101101
1111111101110111
1111111101101011
1110111101011111
0111100111011111
0111100111101111
1111111110111011
1111101110111101
1011011111111011