1111011111110110
0111111011111110
1111011110111110
1110111111111111
1011111111101101
0111111110101111
1111111101111111
1011111011111101
1101111111111100
0101111011111101
1111101111100111
1111111111011111
1101011111111111
0011111111111111
1111110111111101
0111011111111111
1011111110111100
1111111010111110
1011111111110111
1111010111111111
1111110011111111
1011011111101110
1001111110111110
1101111011111110
1101110111111111
1101101111111111
1011111010111111
1111101111101100
1011011110111111
0111111111110111
0111111110111110
1111001111111111
1111011111111101
1111111111111011
0111111111101110
1111101111110101
1111101111110110
0111111111101101
1111101110111111
1111111011101111
1111100111111111
1101111111101111
0111111010111111
1101111010111101
1011101111111101
1101111110110111
1111101011111111
1111110111101111
1111111111100110