0111110111011111
0101111111111110
1111011101110111
0011111111110111
1011011111111111
1110111101111101
1100111111110111
1111111101111100
1111110111010111
0111110111111110
1111110111110110
0101111111011111
1111101111111111
1110110101101111
1111011110111111
0110111101111111
1011111111011111
0011111111111101
1111010111100111
1010111111110111
1111110101110101
1011111110111111
1111111011111111
1101111111111101
0101110111111111
0010111111111111
1111111111011110
0110111111111101
0111111111111100
1111011111110101
1101011111111110
1111110110111111
1110110111111101
1111110111111100
1111111110110111
0111011111111111
1110010111111111
1110110111111110
1111010111111110
1101110111101111
1100011111001111
1111111111101101
0111110111101111
0111111100111111
1111111111101110
0110111111110111
0111111101110111
1110011111111110
0111111101111101
0111111110111110
1010111111111110
1111111110111101
1110111110111111
1101111101111111
0011110101111111
1101111110101111
1110011111111101
1101011111110111
1111110101111110
1111111111111011
0111111111011101
0110111111101111
0101111111100111
1110111111010101
1011110111101111
1111111101011111
0001111111111111
1011110111110101
1110011111100111
1101111110011111
0111110111111101