1011111011011111
1111110111111011
1011101101111011
1111111111111110
1011111011110111
1101110111111111
1101101101111111
1111111011111011
1111111111110011
1111111111111101
1111111111101111
1101111111011111
1111100101111111
1000111111111111
1110111101111111
1111111110111111
1110101111111111
1101111111111011
1111110111011111
1111111111010111
0111111111111111
1110111111110111
1110111111011111
1111111101011111
1111011111111111
1111110101110111
1011110111111111
1101111001111111
1111101111110111
1111101011111111