0111110111011111
1111011101110111
0111101111011111
1110111111111111
1111111101111101
1111111111111100
0111110101111111
1111110111010110
1111101111010111
0111111110110101
0111111111111001
1111111111110001
1111011110111111
0111101111110011
1111111011111101
1111111011111110
0111110111111011
1101111111111101
0111101101111011
0111111101110011
0111111111110010
1111100101111011
1111110110111111
1111100111110101
0111011111111110
1111010111111111
1111001101111111
1111100001110111
1111111111010011
1111001111111110
1111100111111001
0111001011111111
1101110111111110
1111011111011111
0111111111010111
1101101111111111
1111111011111011
1111111010110111
1111001011110111
1111101111011001
1111111111101111
1111100111111010
0101111111110111
1111011111111011
1101011101111111
1101111111011111
1011111111111111
1101111011111111
1111111110111110
1101111111111011
1111101111011110
1111111100111111
0111011111110111
1111111101110110
1111100111011011
0111100111110111
1111101111110110
1111101110111111
1111111111010101
1111011001111111
0111111011110111
1111111101011111
0111101111111010
0111111010111111
1101110101110111
1111111110111011
1111111011010111