1111110111111011
1111111010011111
1110111111111110
1111111111111101
1111111111110011
0111111111100111
1111111010110111
1111110111010111
0111110111111111
0111111110111111
1111111011101011
1111110111110110
1011111111111111
0111111111011111
1111101111111111
1111111101111111
1111111110111110
0111111011111111
1111111011100111
0111111111111110
1110110111111111
1110111011111111
1110111111011111
1111111011101110
1111111111011110
1110111111101011
1111011111111111
1111110110111111
1111110011110111
1111111110111011
1101111111111111
1111110111101111