1011011111101111
1111011110101101
1110111111111110
1111011111011111
1111111101111101
1101101111111111
1111010111111101
1110111111101111
1011011110111111
1011101111011111
1101111111011110
1101111101101111
1011011111111101
1101110111110111
1111101111111101
1111111101111110
1001111111101111
1111111110111110
1111111111010111
1101011110111111
1111001111111111
1111101111101111
0111111111111111
1111111101100111
1001011101111111
1110110111111111
1111110111110101
1111110101111111
1011111111001111
1111111111111011
1011101101111111
1110111101110111
1111111011111111
1101111111111101
1111111101011111
1010111111011101
1100011111111111
1111011111111110
1111011111110101
1011111111011100
1111100111111111
1111111110110111
1011110111111111
1010111110111101
1011111111110111
1110111100111111
1111111110011111
1111011100111111
1111110111101111