1111011111110111
1111111111101101
1111111010101111
1111110011101111
1111110111111011
1111111111111110
1111111010011111
1101110111111111
1101111110111111
1110111111111101
1111100111011111
1111111111110011
1111011111101111
1101111111110111
1111111111011011
1101111111011111
1011111111111111
1111100111101111
1111110111110111
1111111011111001
1100101111111111
1111111101111111
1111001111111111
1111111011100111
0111111111111111
1110101111101111
1111011111111101
1111100111111101
1110111110101111
1101111011111011
1110101111110111
1111111110001111
1101111111111101
1110111111011111
1110100111111111
1110111111101011
1110011111111011
1110011011111111
1111111110110111
1111111111110101
1111110011011111
1111111110111011
1110010111111111
1111101011111111
1111101110111101