1111100011111101
1111100111110111
1101100111111101
1101111111100111
1011111011110111
1110111111111111
1111111101110011
1111111011111011
1111101111110011
1111111111101110
1011111111111110
1111101101110111
1111111101110101
1111111110111111
1101111101111111
1011111111111101
1011111111101111
1101101111101111
1111111011100111
1111101101101111
0111111111111111
1111111101100111
1101111111101101
1101110011111110
1111110101111110
1011101111111111
1111101111110101
1101111011110111
1111111111110110
1111111001111110
1111111111111001
1101111111110011
1011111101111111
1111110111101101
1111111111101011
1111111111011111
1111100001111111
1111011111111111
1111110111111100
1011111111111011
1101101111111010
1011110111111111
1111111011111100
1111101101111110
1111110001101111
1111111011101101