1001101111111111
1111111111111110
1110111111111111
1011101011111111
0101111111101101
0111011011101111
0111111111110111
1101111111011111
0111111101111101
0111111111011111
1111111110111111
0111111101101111
1101111101111111
1011111111111101
1011111111101111
1101101111101111
0101111011111111
1101111011100111
1011111111011111
1111011101111101
1111001011111111
1111110111111111
1001011111111111
1111111111111011
1111111011111101
1111111111001111
1111111101110111
1101001111111101
0101011111101111
0011111111111111
1111111001111111
1111101111110111
1111111111110101
1111011111100111
1111101111011111
1111111111011101
1011011011111111