1111011111110110
1111011111010101
1101111110111111
1110111111111111
1111111101111101
1111111111110011
1101111111110111
1001111111111111
1111110110111011
1011111101111011
1111110111110111
1111011111101110
0111111111011111
1111101111111111
1111111100111011
1011111111101110
1111111100011111
0111111011111111
1011111111011010
0111111111111110
1011111111110110
1101111111111100
1111111110011101
1011010111111110
1111011011111111
1101011111111111
1111111110110111
1111011100101111
1011111011111111
1111011111011100
1011011111011111
1111111011111100
1011011101101111
1111110011111111
1111011101011110
1101110111111110
1111111011111010
1111111011011111
1111010111111100
1111111101011011
1011011110111111
1111011111111011
1101111111011111
0111111111110111
1111110110101111
1101111011111111
1111111110111110
1111110111011111
1011111111111101
0111111101111111
1111110111101110
0111010111111111
1111110101111111
1011111111001111
1111111111111001
1111111101110111
1111111101101011
1111111011101110
1011111110101111
1111111111100101
1111010111101111
1111111001111111
0111110110111111
1111111111001101
0111111111101111
1101111101111011
0011110111111111