1111011111111001
1111011101110111
1011011101111111
1111110111101011
1111101111011011
1111110011101111
1011111111110011
1011111110111011
1110111101111101
1111011111011111
1110111111111110
1011111100110111
1111111101110011
1011110111111011
1111100111011111
1111011111100101
1111111110110011
1011111111000111
1111111100010111
1110101111010111
1011110111011111
1111111011011111
1111100111111011
1110011111111111
1111111110100111
1111111101101111
1111110111001111
1011111111111110
1111110111110111
1111101111111101
1111111111001011
1111101111111110
1111111101111110
1111111101110101
1111111110111110
1110111011110111
1110111110111111
1011110110111111
1011111011101011
1111111111101100
1111011100111011
1111111111100011
1111001111111111
1111111101011101
1111111111011001
1110101111101111
0111111111111111
1011111111010101
1111110110111101
1110110111111111
1111110111111110
1111110101111111
1011111011111101
1111101101111111
1111111111000101
1111111110110101
1111111111111010
1110111111111011
1111111011111110
1011101011111011
1111111110111001
1111101110111111
1011101111101111
1010111111100111
1111011011110101
1111101111100111
1110111011101111
1111111110101101
1111011111101011
1111111001111111
1011111110111101
1110111111110101
1111111111001110
1111011011101111
1111111011110011
1110111111001111
1111111111110100
1101111111111111
1111110111011011
1110111011111101
1110111111011101
1111110011111011
1111010111111111
1011100011111111
1011111110010111
1011011011111111
1010111111011111