1001111111011111
1010111011011111
1111111110011011
1111101111110011
1111111111111100
1110101111111101
1101101110111111
1111101110011111
1111101101110111
1011111110110111
1011111101111001
1101111111110001
1101111101110101
1001111111111101
1011111111011011
0111111111111111
1111111101111010
1110111111110111
1111101111111001
1111111111110110
1010110111111111
1110111011111110
1111110101011101
1111111101010101
1010111111011101
1101111111011011
1111111011011010
1111110101110111
1111101101111101
1011111011111110
1101111110111011
1111111011110011
1111101101111110
1100111111111111
1101111111111110
1111111010111111
1011110110111011
1011111111011110
1111111111010011
1111110011111111
1111101111011010
1111110101111011
1111101011011111
1101110111111111
1011110111110111
1111111110110011
1111111110010111
1111111111101111
1011111110011111
1011111111010111
1111110111111001
1010111111111110
1111111110111101
1101101111111101
1101111011111111
1111111110111110
1110110111011111
1110101101011111
1111101011111011
1011111101110111
1111101110110111
1111111011011101
1110110101111111
1111111100111111
1011101111111111
1110111111111011
1111101011111101
1110101110111111
1001111101111011
1111101111011101
1111011111111111
1111100111111111
1011111101111110
1011111111111010
1010111101111111
1111111001111111
1101101111111011
1101111110110111
1111111011010111