0111111011111110
1111111110011010
1111111001110111
1110111111111110
1111111111110011
1011101011111111
1111111111111100
0111101111111111
1011101111011111
1111110111110111
0111111111011110
1111111101111110
1011111111101110
1011111111011011
0110111101111111
1111110110111101
1110111110011111
1011111110111111
1111111111110110
1011111101110101
1110111011111111
1011101111101111
1111111110011101
1111111111101011
1111110110111110
1011111111011101
0111111111111101
0111111110111011
0011111111111111
1110110111111101
0111111101011111
1111111110110111
1011110111111111
1111111101111011
1111101111111010
1101111111111111
1111111010111110
1111110011111011
1111111010101111
1110111110111101
1111111011011111
1110111111101111
0111111111110111
1111110011111101
0111111110111110
1111111101101111
1110111101110101
1111111111000111
1111110111011111
1111110011111110
1111111011100111
1111111110101110
1111100111111101
1110101111011111
1111110101111111
1111111100111111
1011111111001111
1110111111111011
1111111111111001
1111101110111111
1110111111010101
1111011111111111
1111110010111111
1011111111111010
1010111101111111
1111101111110111
0111110110111111
1111111111001101
1111110111101111