1011111011011111
0111111111111011
1011011111111111
0111111110011111
1111011101011111
1111111010011111
1011111110111010
1111111011110111
1101111110111111
1111111101110011
1011111010111111
1111101111110011
1111111111111101
1111011111101111
1111111110010111
1001111111111111
1111111111101110
0111101111111111
1110011101111111
1101111101011111
0111111101110111
1111111111011011
1111011111111011
1011111111010111
1111111101101111
0011111101111111
1111111100110111
0111011101111111
1011111011111011
1111011111010111
1101111011111111
1111111100111011
1111111011001111
1110101111111111
1111111010111011
1111111100011111
1011111111101111
1111001001111111
1111111000111111
1110111111010111
0110111101111111
0111111111000111
0111111011111111
1110111111100011
1111111110101111
0111111111111110
1111110111111111
1010111111110111
1011101111111111
1101101101111011
1111111011111110
1111111111110110
1010111110111110
1111011110110111
1110111101011111
0010111111111111
1111111101011110
1101011111111111
1111011110011111
1111001110111111
1011111101111110
1010111111111011
1010111101111111
0110011111111111
1101101111110111
1100111111111111
1110111111001111
1111101111111010
1110111110111011
1110111010111111
1111101111011111
1111011100111111
0111111110110111