1111011111110110
1111100110111111
1111011110011101
1011101101111011
1110111101110011
1011101111111010
1111110110011111
1111111101111101
1110111111111101
1111111111111100
1101111111001111
0111110111111111
1001111110101111
0111111111111001
1111110100111111
0110101111111111
1111110111001111
1011111101111010
1111110111110110
1111101110011111
1111111111110010
0101111111011111
1111011111101101
1111111111110001
1110111100011111
1111111100111011
1110101111111110
1011111111011011
1111111111010111
0111101111111101
1111011101001111
0111111111111110
1111111100101111
1011011101101011
0111011111001111
1111111011111111
1101111111111101
1111101100111111
1011010111111111
1111111111011110
1111011111110101
1111110111111101
1111110101110111
0011101111011111
1111110101011111
1101111110111011
1110111111110110
1111101101111110
1100111111111111
0101111111101111
1110101101111111
1011111111110111
1111111111101001
0111101111110111
0101111110110111
1111110110110111
1111110111111011
1101111111111010
1011111110111011
1101110111111111
1111100111011111
1111101111011001
1111111111101110
1111111101011011
1110111111101111
1110011111111111
1011011110111111
1111010111011111
1111011101111110
1011111110011111
1110111111011011
1111100101111111
1111101110110101
1010111111111111
0111011110111101
0111011111111011
1101111101111111
1011111111111101
1111001111111111
1111101111101111
1111011111110011
1101011111110111
0111111101111111
1111111111100111
0011011111101111
1111110101111110
1111111110001101
1011111111001111
1111011111011011
1111101111110110
0111111111101101
1111010111110111
1110101110111111
1111011110001111
0101111111110011
0111111110011101
0011111111101011
0001111111111111
0111011110110111
1101101111111011
1111111110111010
0110111110110111
1111011100111111
1101111110011111
0011101111111011