1111110001111111
1111111111111110
1111111001111011
1110111110111101
1111111111101111
1111110110111011
0101111110111011
1011111111111111
1110111101111111
1111101111111111
1101111101111111
1101010111111011
0101111011111111
0111111011111011
0111111101111111
1111011110111011
1111111100111111
1110111111111011
1101111011111001
0111110011111111
1111111110111001
1111111111110111
1111111101111001
1110110110111111
1111111111011111
1111110111111101
0111011111111111
0101110110111111
1100111111111111
1111111010111111
0110111111111111