1111110011111111
1111011111011110
1111111011110111
1110111111111111
0111111011101111
1111111111111101
1111011111101111
0111110111111111
1111111111101110
0111101111111111
0111111111110111
1111011101111111
1111110111110111
1111011111010111
1111101111111110
1111111101111110
1111111110111111
1011111101110111
1011111111101111
1011011111111110
1111001111111111
1011111111011111
1111111111100111
1111011011011111
1111110111111110
1111111111111011
1111101101111111
1011101111111111
1111111111001111
1111111101011111
0011111111111111
0111011111111111
1111111001111111
1011110111111111
1101111111111111
1111101111011111
1111110111101111