0111111101111011
1111111100101011
1111010111011101
1111011101011111
1111110101111011
1111111111111110
1011111110111011
0111111111101011
1101110111111111
1110111111111111
1111110110011111
1111111111110011
1111011111101111
1101111111001111
1111111110001011
0111110101111111
1101111111110111
1111111101100101
0111111111110111
0111111101111101
0011111101111111
1011011111111101
0011111111101111
1111110111110111
1111110101111101
0101111111011111
1111111110111101
1011111110110111
0011011110111111
1111101111111111
1001111111101111
0111011110011011
1101111101111111
0001111110111111
1011111111011111
1011011101111011
0111010111111111
1111111101001111
1111111011111111
1111111111111001
0111110111111011
1101111111111101
1111111111010101
1111010111011011
1101011111111111
1111011111110101
1011011111110111
1001111111111011
1011110111111111
1111110101011111
0111110110111111
1101111110111011
1111110111101111
1111011100111111