1111101011101111
1111001111111110
1111111010101111
1011111111110011
1011111111111100
1001111110111111
0110101110111111
0111111011101101
1111111011110111
1110111111111110
1101111011111101
1111111101111101
1111011110101111
1010111110111011
1101111111111001
0101101001111111
1001111101111111
1111111101101110
1110111111101111
1111111011101011
1111111001101111
1111011101111111
0111101111111110
1001111111111110
1101111110111101
0111101111101111
1111111011111001
1101101111111101
1111111110111110
1001111111101111
1101111101111110
1111111111100011
0100111101111111
1101101111101111
1101111110101111
0111111101111110
1111011111111101
1111011110111011
1101111111101100
1111110111111111
1111011010111111
1111111100111111
1011101101111110
0111111111101110
1010101111111111
1110111111110111
1111111011111110
1111111110111001
1011101110111101
1111111111110110
1111111101110111
1111111111101010
1110111010111101
0100101111111111
0101111110111111
1111111111011111
1101011111111111
1110011111111011
0101111111110011
0111111110111011
1001111111111011
0011111111111111
1111101110101111
0110101011111111
1100111001111111
1010111101111111
0111011111111111
1011111011111111
0110111010111111
1111101111110111
1110111111111001
1101111110110111
1111101111111011
1111111111110101
1111111101111011
1111011111100111
1110101101111111
1101111010111111
1011111101101111
1100101011111111
1111111111101001
0101111011111011