1101110011111011
1110111111111110
1101111110111111
1101101111111111
0111110011111011
0111110111111110
1111111111101111
0101111011110111
1101111011011011
0111111111110110
1011111111111111
1111110111110111
1111111110111101
0111111111011111
1110111111110011
1111111101111111
1111110111111010
1111110011111110
1111111111010111
0111101111111101
0111111111110101
1101111111011101
1110111110011111
1111111011111101
1111111111111001
1110101110111111
0101110111111111
1111111111011110
1110110110111111
1111011111111111
0101111111111100
0101111111110011
1111100111111111
1110110111111101
1110111111110101
1111101111110111
1111111011110010
1101110011011111
1111101111111011
1100111111111111
1111111110111011
1111110111011011
1111111010111111
1101111111110101
1111101011111110
1111101111011111
1110111111011101
0111110111111101
1110110011111011
0110111111111111