1101110111111111
1101111011111110
1110111111111111
1111111111110011
1111111111111100
0111110011111011
1101111111110110
1101111111111001
1111111111101111
1111100111111011
0111101111111111
0101111111110111
1101111110111101
1101111110111110
1101101111111101
1111111101111111
1111110011111110
0101111011111111
0111111111111110
1011111111111001
1111111111111010
1011101111111111
1011111110111111
1111111110111001
1111101110111111
0101111110111111
1111110110111110
1111111111011111
1111011111111111
0111111111111101
1111110011110111
0011111111111111
1111110111111101
1101111110110111
1111111111110101
0111110110111111
1111101011111111
1111111010111111
1011111111110111