1111011101110111
1111001111111110
1100110111111111
1111011111011111
1101101101111111
1101111110111111
1110111101111110
1111111101110011
1100111111111001
1100111111110111
1111111111111100
1101111111110110
1001111101111111
1111111111101111
0111101101111111
1111010111111101
1111111101011011
1111001111111101
1101111101011110
1100111101011111
0111111111111001
1111011111111011
0111111101111101
1110111111011011
1111110111111001
1010111111111111
1111101101111001
1111101101110111
0111111111011111
1101101111110011
1111111110111110
1011111101110110
1111111100011111
1110101111111110
1111110111011111
1110110111111011
1111011110111111
0111111111111110
1111110110111101
1111110110110011
1011111111011111
1110111110011111
1111110101111111
1111111111111010
1011101111111111
1110111101110111
1111111011111111
1111111110111001
1111010111110110
0111110111111011
1111101110111111
1011010111111111
1101011111111111
1110111111011110
1111100111111111
0011111111111111
1110110111111101
1011011101111101
1011111111111011
0111011111111111
1011111110111101
1111111111110101
0111110110111111
1101101111111001
1111101101111110
1101111101111011
1110101111111011
1110111100111111
1110110111111110
1111101111011111
1111001101111111
1101111101010111
1111111111011101
0110111111111111
1111111111010011