0111111101111011
0111111011111011
1011111111011111
1111110011111111
1111101111011011
1011111111110011
1111110111111011
1111110101111111
1111111111111110
1111011111011111
1111111011110111
1110111111111111
1011111110111111
1111111101110011
1111111110111001
1011101011111111
1011111101111111
1111101110111111
1111111111101111
1111111011011111
1111011011111111
1011001111111011
1111011101111111
0111111111110111
0111111111111101
0111101111111011
1111100111111111
0011111111111111
1111111100111101
1111111110110111
1111111001111111
0111011111111111
1111101111111101
0111111111011111
1011110111111111
1111111111110101
1101111111111111
1111111100111011
1111111010111111
1011111111111101
1111110111011111
1111111110011111
1111010111111111
1111111111010111
1111111111011001