1011111011011110
0111111011111110
1000111111011111
0101111111111110
0101111111011101
1010111111111101
1100111111001111
1100111011111111
1111111101111100
1011110011111111
1001111101111110
1111111101101110
1101111101011111
1110111111101110
0110101111111111
1101111101101111
1110111011011111
0110111111011111
1011111001111111
1110111111111100
1111101111111110
1101101111111101
1111111110111111
1100101111111111
1011111111101110
1111110011111110
1111111111101100
0111101111111101
1110111111101101
1110101111101111
1011111101011111
1101101011101111
0111111101111111
1110110111111111
1101111111101101
1111110101111111
1101101001111111
1111111111111011
0111111111101110
1001101011111111
1111111011111101
1111111101001111
1011110111111101
1011110111111110
1111111111110111
1100111111111101
1101111111111100
1110111001111111
1101111101111101
1011101111101111
0101101111111111
1111011111111111
1111100111111111
0011111111111111
0111101011111111
1101110111111101
1101110011011111
0111110011001111
1001101101111111
1110101101111111
1111101111011111
1001111011101111
0111110111111100
1010111101101111
1101110111101111
0111111111001101
1010111011101111
1111111111011100