1111110011111111
1111110111111011
1111111101111101
0110110101111111
1111111111101111
1110011101111111
0111111011111101
1110011111111110
1111011011111011
0110111110111111
0111011111111011
1111101101111011
0111110100111111
1111111100111011
1110101111111111
1011111111111101
1111011110111111
0111111111111110
1111011111111101
1111001011111110
1111110111111110
1011111110111110
1011101111111111
1111111111111010
1111111001111110
1111111111110111
1111111111111001
1010110111111111
1110111011111111
1111101110111110
1111101011111101
1011111101111111
0111101001111111
0110111111111101
1111111111011111
1111011101111011
0011111111111111
1011111111111011
0111100111111111
1111101101111110
1101111111111111
0111101100111111
1111111010111111
1110111110111011
1011011011111111