1101111111010111
1111110011111111
1001111111011110
1010111111111101
1111110111110001
1011110111111001
1011110111110111
1101101111111111
1011100111011101
1111101111010111
1111111111101111
1111111011011111
1011111111010111
1010111111111110
1111111011110101
1111111110111111
1111111111110000
1011101111110101
1111111101111111
1110101111111110
1001111111111101
1110111111010111
1111111111010110
0111111111111111
1110110111111111
1101110111111011
1101111011111011
1110111111111011
1011101111111110
1011110111111110
1111101111110110
1101111111111100
1110111011111111
1111101111011100
1111100111111110
1111011111111111
1011111111011100
1001111111111010
1111110111110010
1011111011111111
1110111111110100
1101110111111101
1111101111111011
1111111011111100
1111111011110011
1100111111111111
1111101011111111
1101111111110101
1001111111110110
1111111111010011