0011111011111101
1111001111111110
1011110011111101
1101111111111010
0101001111111111
1101101101111110
1111111101111101
1111011111101111
1110111011111011
0011111111111011
1001111111111111
0111110111111111
1110011111111111
1101011111111011
1111011011111011
1111011101111111
1011111111111110
1010111111111111
1111101111111101
1101111011111111
1111010011111111
1100101111111111
1111111110111111
1111111111101100
1111101111101111
0111111111111110
0111111101111111
1111011111111101
1101111111101101
1100110111111011
1111110111111110
1111110101111111
1011101111111111
1110111111111010
1110111101111011
1111111001111110
1111111111110111
1100111111111101
1111111111111001
1011111101111111
1100111111101110
1011111011101101
1111111111101011
1111111011101110
1111111111011111
1011110111101111
0111101111111011
1111100111111111
1110110011101101
1111111011111100
0111111111101111
1111101011111111
1110101101111110
1011011111111011
1101110111101111
0110111111111111