0101111111111111
0111011111111100
1111111011110111
1110111111111111
1111111101111101
1111101111111100
1111111111110011
1111011111101111
0111101111111111
1101011011111111
1101111101101111
0111111111011111
1111111111001011
1111110111010101
1111111101111110
1111111100011111
0111111011111111
1111001111010111
1111111111110110
1101111111111101
1111011010111101
1111101100111111
1111011111110101
1111110110111111
1111100111110101
1111111110110111
1111101111111011
0111111101101011
1111111010111110
1111001101111111
1111111111011100
0111110111101111
1111110111111011
1101110111111110
1101101111111111
1111111110111100
1111010111111101
1101010111110111
1111010111011111
1101011101111111
1101111111011111
0111111110111110
1111100101111111
1011111111111111
1111011011011101
0111011111111011
1101111111111011
1111110011111110
1101011110111111
1111101111101111
1111111111100111
0111010111111111
1111101111011110
1111111111111010
1111011111011011
0111111111101101
1111111101110111
1111111111111001
1111101111011101
1111111011101111
1111111001111111
1111111111001110
1111111111001101
1111110011011111
1111111110111011
1111101011111111
0111110111111100
1111011100111111