0111111101111011
0011111111110111
1011011111111111
0110111011111110
1111111111111101
0111101111111111
0110111111011110
1111111101111110
1110111011110111
1110101111111111
1111111111010111
1111110111111111
1111111110110110
1111011011111111
1011111011111111
0110011111111111
0111011111111110
1111101111111011
1101111111111111
1111111010111110
1111111110011111
0111111001111111
1010111111011111
1111011111011110
1111111011111011
1111111001011111
1111111111101111
0111111110111111
0110111101110111
1111011111111011
0111111111110110
1111011101111111
1110111011011110
1110111110111111
1111101001111111
1011111101110111
1111001111111111
1111101111011110
1110111111111011
1110111101011111
0111111011110111
1011111111111011
0111111011011111
1111101111110111
1011101110111110
1111111110111010