0011111110111111
0100111111111111
0101111101111111
0110110111111111
1011111111101101
1110011110111101
1001111111111111
1111011110111100
1101111110111101
0111111111011111
1110111101111111
1110111111111100
1111101111111111
1111011111101101
0111111110101111
1100111110111111
1010011111111111
1011111111011011
1111111110011110
0011111111111101
1111110111111110
1100111111111110
1011110111111101
1111111011111111
1111111111110111
1010110111111111
0011011111111111
1110110110111111
0111111111111100
1100011111111111
1110110111111101
0110011111111111
1011011111011111
1011111111101011
1111111111101001
1111111111011101
1011011111101110
1011111111111100
0111111111101011
1111011110101111
1101111111111001
0011111111111011
1111010111111101
1110111111101111
1011011110111111
1101011101111111
1110011111111110
1111111111011010
1111011111111011
1111111101101111
0110111110111111
1010111111111110
0111011110111101
1101111101111110
1111110111011111
1110110111111011
1111111111101100
1101111110101111
1111111110101110
0111010111111111
1011111111111001
1111111100111111
1111111110001111
1011111101111111
1101111111101110
1111111101011111
1010111111111011
1111110101111001
1111111111111000
1110111111111001
1111111111001110
1111111110111011
1101010111111111
0111110111111101
1111110111101111
1101111110011111
0011110111111111