1011111011011111
1111110110110111
1011110110101111
1011100111101111
1110111111111110
1111111011110111
1111011111011111
1011110111110111
1111111111111101
1111011111101111
1011110111011111
1011001111111111
1101011011111111
1011011110111110
1001011110111111
1001111111111110
1111101111111110
1111111101111111
1011111111101110
1110101111111111
1101110111011110
1010111111101111
1111111111010111
1010011111111111
1101101111101111
1011111110100111
1110110011111111
1101001111111111
1101111110101111
1101011111110111
0111111111111111
1111111111111011
1111111011111110
1111111110110110
1101110110011111
1111111110001110
1111101110111111
1110111111011111
1101111011011111
1111111011101111
1101110110111110
1001111011111111
1010111011111111
1111101111110111
1001110111111111
1000111111110111
1100111010111111
1111010111111111
1101101111011111
1101111110011110