1101111110111111
1110111111111111
1111111111111100
1111011111101111
1101111111110110
1011111111101101
0101111011110111
0111101111111111
1011001111111111
0111110010111111
1111101111111101
1111010011111110
1111111101111111
1011111111101110
1111011110111111
0101110111110111
0111111111111010
0011111111111101
1011111111110110
1111111011111101
0111110110110111
1011101111101111
1111111111101011
1111111111011111
1101011111111111
1101110011110111
1111101110101111
1111110111110011
1011111011111111
1011110111111111
1111101111111011
1111111011111011
0111110111110101
0101110111111011
1111111110111101
0111011111111011
1101101111111110
1111111110111110
0111110111110110
0111111010110111
1111111011100111
1111011111111101
0111010111111110
1111010111110111
1011111110101111
1101111111101111
1011111111111011
1111101111110111
0011011111110111
0111111111101111
1111101011111111