0111111111111011
1111110111101011
1111110001111111
1111111010101111
1111011111011111
1110111111111111
1101111100111111
1111111111111101
1111011111101111
0111110111111110
1111111011011111
0111111110111111
1111111111101110
1101111101011111
1111111011101011
1111111111011011
1101011101111111
1001111111111110
0111011011111111
0111111111011110
0111011101111111
1111101111111111
1111111101111110
1111110111011110
1011011111111110
0101111011111111
0111010111111111
1111111110011110
1111111111111010
1011111110111111
1111111011111110
1111111111001111
0111110011111111
1111111111110111
1011111101111111
0101110111111111
1111111101101011
1111110110111111
0011111111111111
0111111101011111
1011110111111111
0101011111111111
1001111111101011
1111111110111011
1111010101111011
1101111010111111
1101111101111011
1111110011111011
1011111111011110