1111011111110111
1101111110111111
1111111101111101
1110111101111110
1111011111101111
1111101110111011
1111111110100110
1110110111110111
1111110111110110
1101110111110111
1111101111111110
1011111111101111
1111110101101111
0111111111111111
1010111111110111
1111111110110101
1111111011111111
1101111111111101
1111101111100111
1111111111011111
1100011111111111
1010011110111111
1111110111111101
1011111110111101
1011110111111111
1110111111110110
1111111111110100
1101111111111110
1110101111111011
1111010111111111
1111111111101001
1101110111101111
1111111110101011
1101111111100111
1111110111111011
1111110111100111
1110111111101111
1111101111101101
1111011111111011
1111101101111011
1100101111111111
1110111110111110
1111101110110111
1111111111101100
1111101101101111
1111011111111101
1111110111101110
1111111100111111
1011101111111111
1111111111111010
1111111101110111
1011111101111111
1110101110111111
1111011111111110
1111100111111111
1101101111111011
1111101110111101