0111110111011111
0111101101011111
1011111111111100
1101110111111111
1101111110111111
1110111111111101
1111101111111100
1111111110111100
1111111101111100
1001101111111101
1111111111101111
0111101111111110
0111111110111110
1111111011011110
1001111111111110
0101111111011110
1111101110011110
1110111101111111
1101111011111111
1110101111111111
1101111101111111
0111111010011111
1101111111011101
1011111111011111
1111110111111110
1111110101111111
1111111100111111
1111111111111011
1011101101111111
1011111110111111
1111111111110111
1110111011111111
1111101111011101
1110111111011111
1111111101011110
1110110110111111
1111011111111111
0111101110011111
0111111111111101
1111100111111111
0011111111111111
1011111011111111
1111111001111111
0111110110111111
1111111011111100
1111101011111111
1111111010111110
1011111101111101
0110111111111111
1111110010111101