1111011111110111
1001111111011111
1111101111011011
1111011101011111
1111011111011110
1011110111111001
1110111111111111
1111001111101111
1111111111110011
1111111111111100
1011011111011101
1101111111110111
1011110111011111
1011011111101101
1111111111101110
1111111011101011
1111011111111010
1011001111111111
1101011101111111
1111110001110111
1001111111111110
1111110111001111
1111110001011111
1111101111111101
1111111111001011
1111101111111110
1111111101111110
1111111110111111
1101111111111011
1011111111011011
1111111111010111
1111111111011001
1111111011100111
0111111111111111
1101110011111111
1001011111111111
1111110111111110
1111011111011011
1111101101111111
1111111101111001
1011111101111111
1011111111110101
1101111111111101
1111111001011011
1011101111101111
1111110101101101
1111011011111111
1101111011011111
1111110011111001
1111100111111111
1101111111101111
1011111111111010
1111011111101011
1011111011111111
1111101111110111
1111111111001101
1101101011111111
1111110111100101
1101101111011111
1111110101101011
1111010111111111
1111111111101001
1111101111101011