0111111011111110
0011111111111101
1011111111110011
1111110111111111
1011111011111101
1110111111111111
1111111111001111
1111111011111010
1101111111111101
1101111111101010
1001111111111111
0111111011111101
1111111011101110
1111111111011011
1111011111111111
1101111111011110
0111111111110111
1011111111010111
0011111111101111
1011111111111110
1111111111111000
1111111111110010
1011111011111011
1111111011111100
1111101111111111
1101111011111111
1111111110111111
1111111101111111
1111111011010111
1111111111101100
1111111111101001
1111111111100110
1111111111011101
1111111011100011
1111111111010110