1111101011101111
1111111111101101
1110011110111111
0111011110111011
1111011111011110
1110111111111110
1111111101111101
1110111111111101
1111001111101111
0111111011101111
1111111111111100
1111011101101111
1111111011011111
0111111100111111
1110111111101111
0111101111111111
1011111111111111
0111011110111101
1111011111101110
0111011101111110
1111111011111001
0111111110101110
1111101001111111
1111111100101111
1111110111111111
0111011111111001
1111011111011011
1111111111111010
1111111101001110
1111111011111110
1111111110111001
1111111111110111
1111101110111111
1110111111011111
1111111111101011
1111001111111001
1111011011111111
0111011111101111
1111011110011111
1111111101111011
1101111111111111
0111111010111101
1110111010111111
1111101111011111
1111001101111111
1110101011111111
1111011100111111
1111111111011101
0110111111111111
1111011111001111