0111111111111011
0100111111111111
1011011111111111
1111111101111101
1101111111001111
1111011101101111
0110101111111111
0110111111011111
1111101111111101
1011111111101111
1001111111111100
0111111111111110
1110110111111111
0110011110111111
1100111111111110
1011110111111110
1111111011111111
1111111111110111
1010111110111111
0101110111111111
1111111111101011
1111110110111110
0110111111111101
1101011111111111
1111011101111011
0111110110101111
0011111111111111
1111110111111101
1111101111111011
1011110110111011
1111010111111111
1111111111011101
1011111111011110
1010111111011111
1111111111101101
1010111111111101
1101101111111111
1111111111101110
1110011101111111
1111111111011011
1110111101101111
1010111111111110
1110011110001111
1111111110111101
1101111111111011
1101111101111111
1111110111111010
1110111110111110
1111110111011111
1101111110101111
1110011111111101
0111111101111111
1111011110111011
1111111100111111
1011101111111111
1110111111111011
1111101110111111
1011111101111111
0111011111011111
0101111111111101
1111011111111110
1111100111111111
1011111111111010
1111101111011111