0101111111111111
1011011101111111
1111111101101101
1110111111111101
1111011101101110
1110111111101111
1110011111111111
1101111111011111
1000111111111111
1011111111111110
0111111111011111
1111101111111111
1111011111101101
1111111110111110
1101111101111111
1011111111111101
1101011110111111
1111111110101111
0111111111111110
1111011101111100
0111111101111111
1101111111101101
1111110111111111
1011111111001111
1111111111111011
1111111011111101
1011111110111111
1111111111110111
1110111001111110
1111011011111111
1111111111011110
1111111101011111
0111111111111101
1111111100111101
1011111011111111
1111111111001101
0111111111101111
1101111111111110
1111111010111111