1101111111010111
1111111111111110
1110111111111111
1111110110011111
1101101111111111
1001111101111111
0111110111111111
0111111111110111
1111111101101111
1101110111110111
0101111111011111
1011110110111111
0011111111101101
0111111110111101
1101111100011111
0111111101111111
1011111111011111
1111110101111111
1111111111111011
1011101101111111
1111101111110101
1111111011111111
1111110111011101
1111101110111111
1101111111111101
1111101111011101
0101111110111111
1111011111111111
1101110110111111
1111100111111111
1101111111101111
0001111111111111
1111101101111101
1111111110110111
1011111110111101
1001110111111111
1011111111110111
1111110111101111