1111011101110111
1011011101111111
1101111101110111
1111011111101111
1111111111111100
1011101111011111
1001111111111110
1101111101101111
1111110111110111
1111101111111110
1011100111111111
0111111111111111
1110101111101111
1011111111110110
1111111011111111
1011110111111110
1111101111001111
1011101111101111
1001110111011111
1110111111011111
1101011111111110
1111110111111101
1111101101111101
1011011111011111
1100111111111111
1101110111101111
1111111111011101
1111111101101101
1101111111100111
1011110111001111
1101101101111111
1111111101101110
1110011111111111
1011111111010111
1010111111111111
1111111110111111
1001111111101111
1101110111011110
1101111101111110
1011111111111101
1111101101011111
1111011111111101
1111110111101110
1111110101111111
1111111111111011
1101011111011111
1110111101110111
1111101111110101
1111111101110110
1011111111100111
1111111101011110
1111111101000111
1111111111001110
1101111111110101