0011111110111111
1111011101011111
1111111111111101
0110110111111111
0111110111111110
1111111111101110
0111101111111111
1011001111111111
1110011111111111
1111111110100111
1011101111011111
0111111111110111
0111011101101111
1111110100111111
1010110111101111
0111111111011111
0110111101101111
1111111101111110
1110110111011110
1111111110111110
1011110110111111
1111110101101111
1111111111010111
1111101111101111
1111111101100111
1011011110011111
1011111111001111
1111111111111011
1111101101111111
1111111011111111
1011110111111110
1111111111110110
1110101111110111
0011011111111111
1011111101111111
1011111111100111
1111011110001111
1110111110001111
1010111110101111
1111011111111110
0111110110101111
1111100111111111
1110110101110111
1111001110111111
1111110101011111
1011101110111111
1101111111111111
1110111100111111
1111010111111111
1111011100111111