0111111111111011
1111110111101011
1111100111110111
1101101110111101
1111111011110111
1011101111111011
1111111101111101
1110111111111101
1111101111110011
1111111111111100
1101111111110111
1001111111111111
0111101111111111
1111110100111111
1111110111001111
1111101110011111
1011110101111111
1011111011111011
1111101111111110
1110101111111111
1111111101100111
1110110111111111
1111110111111110
1111111110110101
1011101101111111
1110111111110111
1011111110111111
1011110111111101
0111110110110111
0101110111111111
1111111110011101
1110111111011111
1111111111011110
1011110011101111
1111110101110111
1010111011111110
1101111111111110
1111111010111111
0110111111111111
1011110111100111
0111111110011111
1011111111110011
1111100111011111
0111110110111101
1111111111011011
1110111101101111
1101111111011111
1111110011111101
0011111101111111
0011110111011111
1111110110101111
1111111111000111
1111101101111011
1011101111110101
1101111111111011
1101111101111111
1011111101110111
1111101111101111
1011111111010101
0111111101111110
1111100111111101
1011111111100101
1111110111110101
1011111111001111
1111111111111010
1110111111111011
1111111111111001
1011111111100110
1111111101011111
0101111111111101
1111011111111111
1101111111101111
0111111011011111
1111111001111111
1111110011011111
1111111110111011
0111111111101111
1111111100111110
1111101011111111