0111111111111111
1111111101101100
1111111111100111
1111100111110011
1111100111111001
1111110101111111
1111101101111111
1111111011110111
1110111111111110
1110111111110111
1111111011111011
1111101111111100
1111111101110111
1101111111111100
1110101111111101
1111101011111101
1111111111101010
1111100111111010
1110111111101111
1110100111111111
1111111011101111
1111111111011111
1111101111101101
1111011111111111
1110110011111101
1101100111111111
1101110111110111
1011111111111111
1111100111101111
1100110111111101
1111111111111000
1111111111110010
1110111101111111
1110111111111001
1111111111110101
1101101111110011
1101111011111111
1111111011111100
1101101111111101
1111111101111011
1111111110111111
1101111101111111
1111101111101011
1111101111101110