1111011111111001
1111111111101101
0110111011111111
1011011111111111
1011111110111011
1111111111111110
1101110111111111
1110111111111101
1111111011111011
1111111111110011
1111011111101111
1111111010110111
0111110111111111
1001111111111111
1111110110111011
0111101111111111
1110111111101111
1110011111111111
1111100011111111
0111111111110111
1101011111111011
0011111111101111
1010111111111111
1111110111110111
1111111011110101
1101111011111111
1111111101111111
1110101111111111
1111010111111011
1011101111100111
1111011110111111
1111111110101111
1101011111110111
1111001111111011
0011111010111111
1110110111111111
1111001011111111
1111111110110101
1011110111111101
1110111111110111
1111101111110101
1111101110111111
1101111111111101
1111111111101011
1111111111011111
1111110010111111
1111011111110101
0111011111111111
1101111110111011
1101101111110111
1111011011111101