0011111110111111
0111111101111011
1111100110111111
1111111111111110
1111111011110111
1110111101111101
1111101110111011
0111110101111111
1111101111001011
0111111001111101
0111101111111111
1111110110111011
1111101010111111
1111111001101111
1111110100111111
1010111011111011
0111111110101101
1111101101110111
1110101111111111
1011111111101111
1111101011101011
1111101110101101
1110110111111111
0110111011111011
1111101111001101
1010111111110111
1010111110111111
0110111111111101
0011111011111011
0111111111110011
1011111110011011
1111110101110111
1111101101111101
1111111110110111
1101111111111111
1111101111010101
1111110011111111
1011111111110011
1111110101111011
0110111111010111
0111111111101011
1011111100111011
1011110111110111
1011111010111111
0011111111011111
1110111110111101
1110111111101111
0010111111111011
0110111101110111
1110111111011011
0110111110111111
1111101101111011
0111111101101111
1111110111011111
1111111011011101
0111111010011111
1111111111100111
1011101111111111
1111111111111001
1111111101011111
1111011111111111
0011111111110101
1111111100111101
1010111101111111
0111110110111111
0111111010111101
1011111101111101