0111111111111011
1111101110111011
0111101111111111
0110111111011111
1011111011111011
1111111111001010
1110011111101111
1110111111001011
1111111100011111
1110111101011101
1111111000111110
1011111111011010
0111111011111111
1110101111101111
1110001111111011
1111110111111111
1011011110011111
1111101101111111
1111111011111101
1111111111110111
1110111011111111
1111101111001110
0110111111111101
1011011011001111
1011111111011101
1110111111011110
1111101111111010
1101111111111111
1111111111101101
1110011111011111
1111101011011111
1011111110111011
1111111001011111
1110111101011011
0111111110111111
1111001111111101
0111111111001110
1111011101111111
1111111101101111
1111011110011011
1111101010101111
1010111111111111
1111111110111101
1111011111011001
1011011111011011
1111101011111011
1111001110011111
0111111101111111
1111111010101011
0011011111101111
1110011110111011
1011101111111111
0111111111011101
1111111110001111
1111011010101111
1111101111011100
1111111011101110
1111011111111110
1011111010011111
1110111111111000
1111111011001011
1110111100111111
1111111000111011
1111111101011000
0011011111011111
1110011111111001