0111110111011111
0101111111111111
1110110110011111
1111111101111100
1101111111001111
0110110111111111
0111101111111111
1101111101101111
1111110111001111
1111110101111101
0111011101111111
1111101111111101
1110011111101111
1111110101101111
1111111111010111
1101101111101111
1110101111101111
1111110110111101
1111110111111110
1111101101111111
1110111111110111
1111111011111111
1101111101111101
0111111111111101
1111010101011111
1111100110011111
0111011111111110
1100111111111111
1110111111011101
1101101111011110
1111111111011100
1101011111111100
1111110110110111
1111111111101101
0111111110011111
1101111111100111
1110011111011111
1111011111011110
1111011110101111
1111110111100111
1111111111101110
1110011101111111
1101111101011111
1110111101101111
1110011111111110
1111011101111110
0111111111110111
1011111111111111
1111011101100111
1111111110111110
1111101110110111
1101011110111111
0111111101111110
1101111111011101
0111010111111111
1111111100111111
1111111111111011
1101100111011111
1101011111101111
1111111110001111
1110101110111111
1111001111011111
1111010111101111
1101110111111101
0111110110111111
0111111111101111
1101010111111111