1111100110111111
1111110110110110
1001111111011111
1110011111011111
1001111110111111
1011111110111011
1111111111111101
1100111111110111
1101111111110110
1111111111101111
1010110110110111
1111011101111110
1111011111111011
1101110111110111
1110111101111111
1010111110110110
1100111110111111
1101111101111110
1111110111111010
1111110111011111
1001111111110011
1111111111010111
1111001111111111
0111111111111111
1111110110110011
1001011111111110
1111110101111111
1101011111011111
1100111111111110
1011101111111111
1110111111111011
1111111011111111
1011111101111111
1111101100111111
1110101110111111
1111100111111110
1111011110110111
1011010111111111
1101111111011010
1010011110111111
1101110110111111
1011011111110110
1111101111110111
1111101111111011
1111111110111010
1011011111011110
1001110111111111
1111111101111011
1110010111111111
1100101111011111
1111111110011111
1101010111111111
1110110111111110
1111011100111111
1110011111110110
1010111111011111