1111110011111111
1111111111111110
1100111111111011
1101101101111111
1111111101111101
1110111111111101
1111111111110011
1011101011111111
1101111111101011
1001111111111111
1011011011110111
1111111110100111
1111011101111111
1101110100111111
1101110111110111
1010111011111011
1011111001111111
1110111101111111
1110011111101111
1101111100110111
1111101101111011
1111101001111111
1110110111111011
1111011110111111
1111110101101111
1010111111101111
1111001111111111
0111111111111111
1110101111101111
1111101011101011
1111101101101111
1111111100101111
1111011111111101
1110111110101111
1011101101111111
1010101111111111
1011111110111111
1010110111111111
1111101011111101
1110111110110111
1011111111100111
1101111111111101
1100111111101111
1011010111111111
1111111111011111
1011110111101111
1110110110111111
1110011111111011
1101011111111111
1101101110101111
1110011011111111
1111110111111101
1111011111101011
1111101111110111
1111011011101111
1111011111100111
1101101011111111
1111111110111011
1111111010111111
1111111111101001
1110111111100111