0110110111011111
1110011110111111
1111110011101111
0111011111111101
1111111111111110
1111111011110111
1111110110011111
1111111111110011
1011011111011101
1011111111101101
1011110111011111
0110111011111101
0111111111111001
1111011011111011
0011111111101111
1111110111110111
0111110011111101
1111101111111111
1111011111101101
1111111101111111
0110011111010111
1010011111111111
1111111011101001
0111111011111011
1011011111101011
1111011010111111
1011111011111101
0111011111001111
1011111110111111
1011110011111011
1110111110011101
1110111110110111
1111111010111101
1111010111001111
1111011110110111
1110110110111111
1111011111110101
1110011011111111
1110011111011101
1110111111110101
1101111111111111
1111110111011011
1111111010101111
0111110111101111
0010111111011111
1111111110001011
1011010011111111
1111111011011111
0111111110111111
1110111111101111
1011111111010111
1110111111011011
0111011111111011
0111010111011111
1110110011111111
1111111111011001
1010111111111001
1011111111001111
1111011111011011
0111111111011101
1111111110111001
1111111111010101
1111111110101101
1011011111111001
0011111111110101
1111011011101111
0011011111110111
0011011111011111