0110111111111011
0100111111111111
1101111111010111
1111100111110111
1001110111111101
1111111111110011
1110101111111100
1001101111111101
0111110111111111
1011101111011110
0111111111011111
1011111011111011
1111111011110101
1111111101111111
1011100111111111
1011111111011011
1111111111010110
0110111111111110
0001101111111111
1011110111111100
1110111011111110
1011111111011101
0111111111111101
1110111011011011
1110111111110100
1111101111111010
1101111111111110
1011111111110111
1111101111011011
1010111111111101
0011111111111011
1111111111101111
1111111111011010
0111111111110111
1111110111111001
1010111111111110
1111111011111001
1111111110111111
1101111111111011
1111110111011111
1111111011011100
1110111111011001
0101111011111111
1101110011111111
1110101111011101
1111011111111111
1110110011110111
0111101111111011
1001111011111111
1111101011111111