1111011111110111
1111111111101101
1111101111011011
0110111111010111
0110111111100111
1111100111011111
1111011111101111
1111111111111100
1111100111111011
0111101111111111
0111111111001111
1110010111011111
1011111111111111
0111111111010101
1111110111110111
1111111110111111
1111111101111111
0111110111101010
1110101111101111
0111110111011010
1111011111111101
0111010111111111
1110110111101110
1110111111111011
0110111111101110
1111111011111111
1111100111111110
1111011111111110
1111110111001011
1111101111110111
1111101111111010
1101111111111111
1110111111011101
1110111111100110
1111111111010011