0010101111111111
0111111011111110
1101111111010111
0011111111001111
1001101111111111
1111101011011111
1111111010011111
1011111011110111
1011111011001110
1101111011111110
0011111110101111
0111111111010111
1011101111000111
1011101011111111
0011101111011110
1101111111110110
1111111011000110
0011111111100101
1111111110010110
1010111111101101
0111111011111101
0111111111001110
1111101111101101
1111111110100111
1010111111111110
0010111111101111
1111101110011111
1011101111110110
0101111111011111
1111111110111101
1111111011110100
1110111111111100
0111101111101111
1111111101111111
1110111110111111
0111101111111101
1110101111101111
1111111110101110
0010111111111101
1111110111111111
1101101110110111
1011111110111110
1111111111111011
0110111111101110
1110111111110111
1101111011110111
1001111010111111
1111101011111100
1111101111001110
0111101110110111
1101111111111101
1011111111110100
1011101111101110
1110111111011111
1111111111010101
1111101111100110
0101101111111111
0000111011111111
0011101111110111
0111111111111100
1111011111111111
1111101110101111
1101111111101111
1101101011111111
0111111010101111
1001111111110111
1110101011111110
1111101010110111
1111111111011100
1111111011101101