0111111101111010
0011101101111111
1101100111111101
1110111111111110
1110111111111101
1111101111111100
1111111101111100
1001111111111111
1111111111101111
1111111101011010
1101111111011111
0111111111011110
1010111101111011
1111111110111111
1101111101111111
1011111111111101
0101111111111011
1110110111111111
1111110101111111
1010101111111111
1111111011111111
0011111111011011
1111111111110111
1111111111111001
0101110111111111
0101101111111111
1111011111111111
0111101111111011
1011110111111111
1101101111111011
0111100111111111
1111101101111110
1111110111011011
1101111111111110
1110101101111111
1110101111111011
1111101111011111
0110111111111111
1111111111011100