1111100110111111
1110011110111110
1011011111111111
1111011101011111
1011111110111011
1111011111011110
1111110110011110
1101111100111111
1101101111111111
1111111011111011
1111111111111101
1111011110101111
1100111111110111
1111111110110011
1011110111011111
1111111011011111
1111111111101110
1110111111101111
1111111101011011
1011101111011111
1101111111011111
1011111110011110
1111111101101111
1000111111111111
1111110111110111
1111111111001011
1110111101111111
1111111101111110
1101111111111011
1111110111111010
1110111111010110
1111110011111110
1111011100111011
1111111111100011
1111001111111111
1011111110100111
1111101111101111
1111011111110011
0111111111111111
1101011111110111
1110110111111111
1101110011111111
1011111111110110
1111110101111111
1111101101111111
1111011111011011
1110111111111010
1111111110001111
1011111101111111
1011110111101111
1100011111111111
1101111111101111
1111010111101111
1010111011111110
1111111001111111
1111101111110111
1101111110110111
1111111110111010
1111011011101111
1011111111101011
1111101011111111
1010101110111111
1101111111111110
1111111010111111
1011111110010111
1111111111010010
1110011111110111