0100111111111111
0111101111011111
0110111011111111
1110111001110111
1111111111111110
1110111101111101
1111011101101111
1100111111110111
1101111111001111
0111110101111111
1110110111001011
1101011111111011
1011011111111101
1000111111111111
1111101101001111
1111110111110111
0101111111011111
1110010011111111
1110111111110011
1110101111111111
0111110111111001
1101101111011011
1111111111010111
0111101111111101
1111111101100111
0001101111111111
0111011101110111
1011111011111101
1101111011111001
1100111111111101
1101111101111101
1111001111111001
1101001111111101
0110111111111101
0111111111110011
1100011111111111
1111110011001111
0001111111110101
1111110011111001
1110110111111101
1111101101111101
1101111001111111
1111111101111011
1111011011111101
1011011011111111
1110011111110111
1010111111011111
1111111111101101
1110011111011111
1101101101111111
1101110111111111
1100111011111111
1111010111001011
1110111011111011
1111111001011111
1111010111111101
0011111011111111
1101011101111111
1110111011011111
0110011111111011
1111111110111111
1110111111011001
1111111011100111
1110011111111101
1110110101111111
0111010111111111
0111001111111111
1011111111001111
0111110011111111
1101011111101111
1111110111011101
1011111101111111
1011011111100111
1110010111101011
1100111111101111
1101111011011111
0111111011110111
1111011001111111
1111010011011011
1111100111111111
1101011111110101
1011111111111011
0111111011011111
1101011111011101
1111101111110111
0101011111111111
0111111111101111
1111101011111111
1011111011101111
0101111011111011