1011111011011111
1011101111111010
1011110011111110
1110101111111101
1101111011101111
1111111101111111
1011111111101110
1011100111111110
1010100111111111
1111010111111011
1010111111101111
0111111111111111
1111001111111011
1011111110111111
1111111111110111
1010110111111110
1011110111011011
1011010111111111
1111111111011110
1110110110111110
1101011011111011
1001111111111011
1011110011101111
1111110111111101
1010111011111110
1100111111111111
1101111111111110
1111111010111110
1111111110011111
1011011011111111
1111111111101101
1111111010101111
1101110111111111
1111011111011111
1101111011111101
1101101111111111
1111011110101111
1111111011111010
1011110111101011
1110011111111111
1110111111011011
1011111111111101
1111101111101111
1111011111111101
1101111111011101
1110110111101110
1011111111001111
1110111111111010
1101111111001011
1111111111111001
1101011111101111
1101111011011111
1111111011101110
1111011111111110
1010111111111011
1001111011111111
1111011011101111
1111110011011111
1111111110111011
1111101011111111
1111101111011111