1110100111110111
0101111111111111
1101111111010111
1111110011110101
0111011111111101
1111000011111111
1110101111111101
0111110111111110
0110101111111111
1110111011110101
0111111111011111
1101111110111110
1111101111111110
1111111101111111
1110111111010111
1111011110111111
0111101111111101
1111100011110111
1111011011011111
1111111111110110
1110111011111110
1101111111111101
0111111111111100
1110100011111111
1111110110111111
0111111110111011
1101100111111111
1110110111111100
0110011111111110
0111110011110111
1111111010111110
1111111110011111
1111010111111110
1111111111011101
0111101111110111
1100110111111111
1111111010110101
0111101110111111
1111011111011110
1111111011111011
1111111111101111
1111001111110011
1100111111011110
1111110011111100
1111111011011110
1111101110110101
1011111111111111
1110111011011111
0111011011111111
1101111011111111
1111110111011110
1110111110111111
1110011111111101
1111011111111100
0111111111110101
0111001111111111
1111111111111010
1110111111111011
0110110011111111
1111111111111001
1111010111110111
1111101011111101
1101010111011011
0111111010111111
1101101111111011
1111111011010111