1111011111110110
1111100111110111
1110011110111111
1111101111110001
1111111101111101
1111101011110111
1101111111110111
1110110111110111
1111011111101110
1111101111111110
1110111011110111
1111111000111111
1110110110111101
1110111101100111
0111111111111111
1111101101111111
1111111011111101
1110111011111110
1101101010111111
1111111111101011
1111110110111110
1111011011111111
1111101111100111
1111111111011111
1101011111111111
1110101111101101
1101100111111111
1111110111110010
1111111110110111
1110111111110100
1101111111111110
1111111010111110
1111010111111111
1110011111110111
1111110011111111
1111110101111011
1111111110111100
1110001111111101
1110111111101110
1111011111111011
1011111111111111
1100101111111111
1101111101111111
1111111111101100
1110011111111100
1111111110101111
1110111111111011
1111111101110110
1110111001111111
1100111111101111
1111111011101111
1110111111100101
1111001110111111
1111111110111011
1111111100111110
1111111111100110