0111111101111011
0111110101011111
1110111111111111
0111101101111111
0111111011111101
1111110101111101
1101010011111111
1111010111111011
1111111011111110
1111111101111001
1111111111110111
1101111101111100
0111110111111010
1111101100111111
1111111111011110
0111111111111100
1111110110111111
1111100101111011
1101100111111111
0111101011111111
0111011011111011
1111101101111110
1111110111011011
1111111010111111
1111111110011111
1111011111111001
1111101111011011
1101110101111111
1111011111011111
1111100111011111
1111111111101111
0111111100111111
1111100011111111
1101111111011111
1111011101111111
0111111101111101
1011111111111111
1111110111111001
1101101111111100
1111111110111110
1101111111111011
1111101101011111
1111001111111111
0111111111011101
1111101011111101
1111110111011101
0101101110111101
1101010111111101
1111011111111110
1111111001111111
1101110111111100
0101011111111111
1111110011011111
1111111110111011
1101011011111101