0111111111111011
1111110111101011
1111111101101101
1100111100111111
1111111111111110
1110111111111101
1111010111111101
1110111101101111
1111011101111111
1111110100111111
1011111111111111
1111101111111111
1111110110101101
0111011110101111
0110111101111111
1101111110101111
0111010111111111
1110111110101111
1101110111111011
1110111111111011
1111111011111111
1111111111111001
1111111111110111
1111111101101011
1100111111101111
0101111110111111
1111111111011111
1101011110111101
0111111111111101
1101111100111101
1111011111101011
1101110111111101
0111110110111111
1111111110111011
1101110111101111