1011111011011111
0011111111110111
0111111001011101
0111101111011111
1110001111111111
1011011111111111
0111111110011111
1111111010011111
1110101011011111
1011111011110110
0110101110111111
1110111111111110
1010111011110111
1111101111111100
1111011111101111
1110101111111101
1110111110111101
1111101011110111
0111101110111101
0111101101110101
0011111011111111
1111011101110101
1110011111010111
1111101110011111
1011101111110110
1110111101111111
1111111011110101
1111111101111110
1111111110111110
1011111111101110
1111111011001111
1111101001111111
1111011110111111
1110111111101101
1111001111110101
1111111011100111
1110011111111101
1111111110101111
0111111111111110
1111111101100111
0110111011010111
1111110111111111
1111111100111111
1111111111111011
1010101111111111
1011111110111111
1011111101111111
1011111111110100
1010111111100111
1111111110011101
1111001101110111
1011111011101101
1111111011101110
1111111111010101
1111011011111111
0110111111111101
1111011111111110
1111001111011111
0111111010111111
1111111110110111
1011101111111101
0111011111111111
1110111111110101
1111111011111100
0111111111101111
1101111111111111
1111101011111110
1110101111000111
1111111111100110
1011111111011110
1011101111010111
1111111101010111
1010111111011111