1111011111110111
1111011110111110
1011011111111111
1111101100110111
1011101110011111
1011111111110011
1011111110111011
1111100101011111
1111011111011111
1110111111111111
1101111110111111
1011110111111011
1111111110110011
1101111111111001
1011110111011111
1111111111101111
1101011101111110
1111011111111011
1111110101111101
1111110111110111
1111101111111101
1111111100011111
1011111101110111
1011110110111111
1011111111111101
1111111101010011
0111111111111111
1101111111010011
1111110110111101
1111110111111110
1111111101111010
1111111110110101
1111111011111111
1111111111110110
1111111101111001
1111101110111110
1101111101111101
1111111110011101
1111111111011110
1001101111011111
1001111111111010
1111100110011111
1111111111111000
1111111110111010
1111101111111011
1001110111111111
1111101101111110
1101111101111011
1111010111111111