0101111111111111
1111011101110111
1001111111011111
1111100111110111
1011011111111111
1110111001110111
1111111111111110
1011101110110111
1111101011110111
1111110111010111
1111101101010111
1110011111110101
1111110110111011
1011101111011111
1101110100111111
1101110111110111
1011111011111011
1111111100111011
1111111010111011
0111111011111111
1110110111111111
1111100011011111
1111110101110101
1111111011111101
1111111101111001
1101111111110011
1011111111110101
1111101100111111
0111111111110011
1101011111111111
1111011101111011
0011111111111111
1111110111110011
0111011111111111
1011110111111111
1111101111111011
1101101111110111
1111111000011111
1110101101111111
1111010111111111
1111111111011101
0110111111111111
1110001111111111
1001111110111111
1111100101011111
1111011111011111
0111111111010111
0111110111110101
1111111100010111
1111111111101111
1110011101111111
0111101111110101
1111111111011011
1101100101111111
1010111111111111
1100101111111101
1111111110111101
1101110111111001
1101111011111111
1110111110111111
1111011011110111
0111111101111111
1111100111111101
1011111111111001
1110111111111011
1011111100111111
1110101111110111
1011111011010111
1111100001111111
1011111010011111
1101111110110111
1100111111110101
1011111010110111
1111101001011111
1101111101111011
1011111101111101
1111011100111111