0100111111111111
1011111101011011
1001111101011111
1100110111111111
1111110111111011
1101110101111111
1111111111111110
1101101101111111
1101111100111111
1011110111110111
0011111111011111
1111111111111101
1100111101110111
1101111111001111
1110101111110011
1110111110110011
1111101100111011
0111110111111111
1110111111101111
1101011111111011
0111111111110111
1111111101101111
1111110111001111
1011110101111111
0101111111011111
1111101101110111
1111101101011111
1111011110111111
1111111111100011
1111111111010111
1101101111101111
1101111110101111
1111011111110011
0111111101111111
1001111111011011
0011011111101111
1011011111101011
1110001111111011
1001011111111111
1101011101011111
1101101110110111
0111001111111111
1010111111110111
1011101111111111
0111011111001111
1011111110111111
1111111011111111
1101101110111011
1011111111100111
1110101110111111
1010010111111111
1110111111011111
0101101111111111
1111101111100111
1111011101111011
1111110110111111
0111111110111011
1111100111111111
1111001111011111
1100111110110111
1111111100110011
1111110101011111
1100111101111011
1100111110111011
0101111111101111
1111111110011111
1001111111110111
0111101111001111
1110011111110111