0011111110111111
1011011111111111
1111111110011010
0111011110111011
1110111101111110
1110101111111101
1010101011111111
1110101110111011
0111101101111111
0111111111011110
1110010011111111
1011111111101111
0111101111111101
1110110110111101
1011111111011111
1111111011111110
1110111101111011
1111101111111001
1111111111110111
1010110111111111
1111111111101011
1111110110111110
1110111111011110
1110110111111100
1111101110101111
1111011110011111
0111111101011111
0111111111011011
1111110101011111
1111101101111110
1101111111111111
1111111010111111
0111111001111111
1111111111011101
0110111111111111
0111111110011111
1110011111011111
1111110111111011
0111101110111111
1011111110111011
1111111011111011
1111111111101110
1111111101011011
1111010111011111
1111011101111111
0111111101111100
0111111110111110
1111111101101111
1011111111111110
0111011111111010
1111101001111111
1011111111111101
0111111110111101
1110111111101101
1111011111111101
1110101111011111
0111001111111110
1111111100111111
1111011111011011
1111111111001111
1111111110111001
0111110011111111
1110111001111111
1111101110111110
1011111101111111
0111011111011111
1110111101011111
1111111011101111
1110011111111010
1111100111111111
1111001110111111
1110111111111000
0111110110111111
1111110011011111
0111111111101111