0111111111111110
0111111101111111
1111111100101111
0001101111111111
1011001110111111
1111110111111111
1101111011111110
1110111111111111
1111111101111101
1111111111110111
0011011111111111
1011111101111111
1111001110101101
0101111010111111
1111111111101010
0011111111111011
1111111101101011
1101011011111111
1111111011101111
1111111111011111
1111011111111110
1111011101111111
0111001110111111
1101111111101111
0111001111111101
0111011011111111
1111011111101011
1011111011111111
1111101111111110
1111101111111011
1111111110111110
0111111111101111
1111111110111011
1111101011111111
1101111111111011
1101111101111111
1011111111111101
1011111111101111
0111111110111101
1101001111111111