1101111111010111
1001111111011111
1011011111111111
0111011101111101
1111111111111110
1110111111111111
1101111101110111
1111111111110011
1111101101010111
0111101101111111
1011110101011111
1101011111111011
1111001111011011
0111111111011111
0111110101111101
1111010111111011
0111111100110111
1001111111111101
0111101111111101
0101111111111011
0111011110111111
0111011111111001
1011101101111111
1111111011111111
1111011110110111
1111001111111001
0011101111110111
1111110110111111
0011101110111111
1111010101011111
1111011111011101
1111011101010111
1111111111110101
1001101110111111
1001111100111111
1111111101111011
0001110111111111
1101011111111101
1101110101111111
1101101101111111
1011110111110111
1101111111111001
1111111111101111
1111010111111101
1011111111010111
0001111101111111
1111110111111001
1111111110111101
0111110111110111
0101011101111111
1111101110110111
1101111101011101
1101011110111111
1111001110011111
1111001101110111
0111101111111011
1111100111111111
1011111111111011
1101111110110111
1111111110111011
1001111111110111
1111011100111111