1111111110101011
1010100111101111
1111111111101101
0111110111101111
0111111100101111
1110111111111101
1010110111111011
1111100111111011
1111111111101110
1111110100111111
0011111101111111
0110101111111111
0011111111101111
1111111110111101
1110111101111111
0011110111111011
0111111101111110
1111100111111101
1111110111111110
0110111111101111
1011111100111111
1111111011111111
1010111110111110
1111111111111001
1111111111110111
0011110110111111
1111101110111111
0010111111111111
1011111110101111
1111111111011111
1111011111111111
0111111111111101
1010111111111010
1011101111111100
1111111101111011
1101111111111111
1110111110111010
1011111101101111