1101111111010111
1011011111111111
1110111101111101
1101111110111111
1101111101110111
1111101110111010
1011110111011111
1111101100111011
1111110110111011
1101010111011111
1101011111111010
1011111111011001
1110110111110111
1111110101111101
1111101111111101
1110111100111011
1111010111111011
1111011110111111
0111111111111111
1011111110111110
1111111101111010
1011110111111101
1111111011111111
1111111111110110
1010110111111111
1011111111110101
1101111111111101
1110101100111111
1110110110111110
1111011111110101
1111110111110011
1111110111111100
1011111110110011
1100111111111111
1110101101111110
1111110111011011
1110101111111011
1111111111011100
1110011111110111
1111111101010111
1111101100110111
1111101111011011
1111011101011111
1110011111011110
1010111111111101
1111111111101111
1111010111111101
1101111101011111
1101111111011110
1110010111011111
1111110111111001
1110111100110111
1110111110010011
1111111110111101
1111110111111010
1011110110111111
1110101110110111
1111001111111111
1110011111111101
1111011111111100
1110110101111111
1110101111011110
1011101111111111
1111011111011011
1111010111110111
1011111101111111
1111110111011101
1110011111111010
1111100111111111
1010111111111011
1011111111111010
1111111111111000
1111101100011110
1101101111111011
1111111101110001
1110111110111010
1111111100011011
1001111111110111
1011111110010111
1111111101011001