0111111111111011
1101111111010110
0111111110011110
1111101111011011
1111111110011011
1101111111100111
1100110111111111
1111110111111011
1010111111111101
1000101111111111
1110111111111110
1110111101111101
1011110101110111
1101101101111111
1111101111110011
1111111111111100
1110111110111101
1111101111010110
0111101111111111
1100111111011111
1111111110100110
0111111111110111
0101111111001111
1111111101101111
1001111110110110
0101111111011110
1011101111110111
1101101111111110
1010111110110111
1001111111101110
1010101110111011
0111111110101110
1101111101111110
1110101101011111
1101111111111011
1011100111111111
1111110111011111
1111101110110111
1110111111010111
1111101111101110
0111111101111111
1011111111011111
0011111111111101
1011111111111001
1111110111111110
1111101111001101
1111111100111111
1111111011111111
1111101110111110
1111111110001111
1101111111111101
1010111111100111
1100111111101111
1111111111101011
1110100111111111
1111111111010101
0101111110111110
1011111110101111
1111101111100111
1111011111111111
1111110110111111
1110101111101101
1111111111100101
0001111111111111
1100111110110111
1101101111001111
1101110101110111
1111111110111010
1111111101111011
1111101101111110
1011110111100111
1111111101010111