0100111111111111
0110110111011111
1111100111110111
1111111010011111
1011101110110111
1111111101111100
0111110111111110
1001111111111111
0111101101111111
1101110100111111
0110101111111111
1111101110011111
0111011101111110
1110111101111111
1111101111111110
1111111000111111
1111011110111111
1111111111010111
0111111011111111
0111010101111111
1111110110111101
1111111011111110
1111111111110110
1101110110011111
1110111011111111
1101111111111101
1111111110011101
0010111111111110
1111011011111111
1110110111111101
1011110111111111
1101110011011111
1011011111011110
0111100111111111
1101111111111110
1111010111111110
0111101111110111
1111110100110111
1111101100110111
0111111110011111
1111011101011111
1011111011110111
1101101111111111
1011111010111111
1111111111101111
0111111100111111
0111111101110111
1101111101011111
1110011111111111
1101011101111111
0111111110111110
1111111101110101
1111110111011110
1110111110111111
1111101001111111
1011111111111101
0111111110111101
1111111011011101
1111011111111101
1111100111111101
1101110001111111
1111111111111011
1010101111111111
1101111001110111
0111111111011100
1111101111110101
1111010111110111
1011111101111111
1111101111011101
0111011111011111
0101110101111111
1111001111011111
1101111010111111
0111110111111101