0101111111111111
0111110111011110
0110110111011111
1101111111010111
1111011111110111
1101110111111110
1100111011111101
0111111111010110
1101101111111111
0111111011101111
1110011011101101
0110110111111110
0111101111111111
1100111111011111
0110111111110110
1111001111111101
1110110111110110
1111100111101111
1011111111111111
1111100111010111
1111111011110100
1110111111111100
1111110111010101
1111101111111110
1111111110111111
1111111101111111
1110111111010110
1111111011011101
1110101111101111
1111111111100111
1110110111101111
1111011011011111
1111111111111011
1100111011110111
1111111111001111
1111110011010111
0111110011111110
1101111111111100
1110111011111110
1111111011101110
1101111011011111
0111111111111101
1101110011110111
1111100111110101
1101111111101111
0111111011011111
1111001111011111
0110011111111110
1110110011011111
1110111111110101
1111011111011100
1101110111111101
1111110011011110
0111110011110111
1111101011111111
1111111011010110
1111010111111111