1111011111110111
1111110110111001
1111011110111110
0011111111110111
0110111011111111
1111111011110111
1110111010011111
1101111110111111
1111101111111100
1111001111101111
1011110111111011
0110110101111111
1111111101111100
1111011101101111
1011111111101101
1101111111110111
1111101111010111
1001111101111111
1111111111010001
1111100111101111
1111110111110111
0111111111011111
0111111110101111
1110101111111111
1111111000111111
1001111111111101
1111111101011101
0111111111111110
0101111111111011
1111111100101111
1011111111011111
0111011110111111
1111011010111111
1111011011011111
1001011111111111
1111101101111111
1111111110110101
1011111110111111
1111111011111110
1111111110110110
0110110111111011
0011011111111111
1101111101111101
1111111111011110
1101111111011011
1011011011111101
0111111111111101
1001111111111011
1110110111111101
1111101110101111
1111110111111100
1011110001111111
1111110111011011
1110111011111101
1101111111111110
1110110111111110
1111010111111110
1110111111011101
0001110111111111
1111001111111110
1011011111101111
1111011101011111
1100110111111111
1111111011111011
1100111111111001
1111111110111100
1110111100010111
1110111110111101
1111111101101110
1111010111111101
0111111101110111
1110111111101111
0011111011111111
1111101111101101
1111010111011111
1101011101111111
1111011111111011
1111110011111101
1011111111111110
1010111111111111
1111110110101110
1110111101110101
1111000110111111
0101011011111111
1101110111011111
1111010101111111
0111111110110011
1111111011011101
1111111111100011
1111011111111100
1111100110111011
1101111111011101
1111111111111010
1011101111111111
1100011111011111
1111101111110101
1111111111001111
1110111001111111
1111111101101011
1111111011101111
1111111110101101
1111110100111011
1110110010111111
0011111101111011
1011011101111101
1101111111101111
0111111010111111
1001111011111111
1111111100110011
1111010111101111
1111110110101011
0111101111100111
1111110011011111
1111111101110001
1111101011111111
1011111101110011
1111101110111101
1110111110111011
1111011100111111