1111011111110111
1111111110101011
1111111111101101
1110111111111111
1111111111110011
1111111110111100
1111011111101111
1111111101111100
1101111111110111
1111111101101110
1011011110111111
1111111110100111
1111011101111111
1001011111111101
1101111110111101
1111101111111111
1101111101111110
1101111111111011
1011111111101111
1001111111111100
0111111111111111
1111110111111111
1111111011111111
1111111111110110
1111111111111001
1011111101111111
1111111111011111
1101011111111110
1111111100111101
1111111110111010