0101111111111111
1110111111111111
1011110011111111
1101111101101110
0111110111011101
1111111111001010
1111101111111111
1111111100011111
1011111111101111
0111111111111110
1101111011100111
0111011110111111
1111111111110110
1101111111111101
1111011111000111
1111011011111111
1101110111101111
1101110111111110
1111011110101111
1101111101011110
1111110011110011
1111110110101111
1101111111111011
1111011111111101
1111011111011011
0111111111101101
1111010111110111
1111111011101110
1111110010111110
1011111101111110
0111110110111111
1001110111111111
0111111110101011
1011111101111101
0011110111111111
0011111111110111
1011110111111011
1001111101111111
1111110110111011
1111011111101110
1111110101101111
0011111110111011
1011111111011111
1111110111001101
1111111011111101
0111111011100111
1101011111111111
1111011110011110
1111111110110111
1111011111101011
1111111101111011
1111111101101101
0111111110011111
1011111011110111
1111110111011000
1111111011011111
0111111100111111
0111111101001111
0111011111111011
1101111111000111
0111010111011111
1011110110111110
0111111110111101
1111111111100011
1111110101111110
1111110011101011
1111110111110101
0111111011101011
1111111110111001
0111110011111111
0111011111101111
1111111110101101
1011111111111010
1111010111101111
1111111001111111
1111110110011100
1111111110111010
1111111111001100
1101110101011111
0111011101010111