1110111101111101
1101111100111111
1111110110011111
1101111101001111
1111110100111111
1111110101111100
1110011111101111
1111101111111111
1111110101101111
1010111111101111
0111111111111111
1110110111111111
1111111011111111
1100111111111101
1111111111110111
1111010111001111
1110111111011111
1011111100101111
1100011101111111
1011010111111111
1001110111101111
1111011100101111
1111110101011111
1111111101101101
1111011101011111
1111111111101110
1011111110011111
1011111111111110
1111111110111110
1011111111111101
1101111110101111
1111011111111101
1101111111011101
1111111111111011
1111011110001111
1111110111101101
1100111111101111
1110111110101101
1111111100111101
1110111100111111
1101010111111110
1001011101101111