0101111111111111
0111111101111011
0111110101011111
1011101101111011
1111110100011111
1111101111111100
1111111101111100
0110110111111110
1111101110111011
1111110111001111
1111110111110111
1011110101111111
1111101101110111
1110111101111111
1110101111111111
1011111111101111
1111111101011101
1111111100101111
1111111101100110
1111111101111010
1111111011111111
1111101111001111
1010110111111111
1001110111011111
1110111111011111
1111111111011110
0111110110011111
1111101111100111
0111111111110010
0111101110011111
1011111111010011
0111111111111101
0111111110111011
0011111111111111
1111101110101111
1111110111111101
1111111110110111
0111111111011011
1101111110111001
1101101111110111
1100111111111111
1101111111111110
1111111111101001
1011101111010111
1111111110101011
1111101111011011
1111110111111011
1011111110111011
0111111101010111
0110111111110111
1010111111111110
1110111110111111
1011101100111111
1011111101110110
1101111101111111
1011111111111101
1111101101011111
1110111111101100
1111111111011001
1111101101101111
1111111110101110
1110111111111011
1011111100111110
1111101110111110
1001111110011111
1111011111111111
1111111111100100
1101111111101111
1111111100111101
1111111111111000
1011110110011111
0111111111101111