1011111011011111
1111011111110111
1001101111111110
1111111011110111
1011101001111111
1101101110111111
1101111111110111
1111011110111101
1111101010111111
1101011011111111
1111111001101111
1011101111011111
1000111111111111
1011111101111011
1111110111110111
1111101110011111
1111101111111101
1101111110111101
1101111110111110
1111111101111110
1010111110110110
1111111100011111
1110111110110100
1111111000111111
0111111011111111
0001101111111111
1110110111111111
1100111111111110
1111111011111101
1111111011111110
1011111111110101
1111110110111110
0101101111111110
1111111111011110
1011111111010011
0111111111111101
1110011011111111
1111110111111100
1111011111101011
1011110111111111
1111011111011101
1111101111111011
0111100111111111
0111001111011111
1011111101101111
1100101011111111
1110111010111111
1110111111011101
0111101111110111
1111111101101101
1110011111011111
1001111110111111
1101110111111110
1011111010111111
0011111111011111
1111100111011111
1111111001111011
0111111110111111
1111111101011011
1011011110111111
0111111111110110
1111011101111111
1101111111011111
1011111110011111
1110101111100111
1111100101111111
1111110001011111
1011101111110111
1110101101011111
1011101100111111
1101111101111111
1111111111101100
1111111110101111
1011111101011111
0111111101111111
0111010111111111
1111110010011111
0111111111010011
0110111111101111
1110111101110111
1111111111001111
1111101111110110
1111111111111001
1111110111011101
1111100111111110
1111010011011011
1111011111111110
1101111111101111
1010111111111011
1111111100111101
0100011111111111
1010111101111111
1111011011101111
1111111110111011
1111111110010101
1011111101111101
1011111011101111
1111110111101111
1110111111100110