1111011111110110
1011111011011111
1101111111010111
1111011110111110
1111110011101110
1111110110100110
1110111111111110
1101111111110110
1101000111111111
1101111011101110
1101110111001111
1101111110111110
1111111011110110
1111010011111111
1111111101111111
1111111011001111
0111111111111111
1101111010101111
1111011011011111
1011111011111101
1101111111111101
1111111010111101
1100011111111111
1110011011111111
1111110111111101
1011111110111101
1011110111111111
1111111111110101
1101101011111111
1011111111110111
1111111110011111
1101110111101110
1011011011111111
1110011111110111
1110111011100111
1111001111111110
1100110111111111
1111101011011110
1111011111011110
1011111010111111
1101011011101111
1100111111011111
1111010111011111
1011111111111110
1010111111111111
1111001010111111
1101101111111110
1110110111011111
1001111111101111
1110111110111111
1111110111011110
1101011110111111
1111011011110111
1111101111101111
1111011111111101
1111010110101111
1110110111101111
1110101111011111
1111111111111011
1011101111111111
1101111011110111
1111010111110111
1111101110111110
1111101111011100
1100111111101111
1101110111100111
1111110010111111
1101110110111111
1111110011110111
1111001111011111
1111010111101110
1111101111110111
1111111111001101
1111110011011111
1110111011010111
1110011111001111
1111111011101101