0111110111011111
1001111110111110
1110111111111111
1111111111111100
1011110111011111
1001111110101111
0111111110111111
0111111111001111
0111111111110110
1101111111011110
1011111110011110
0111101111111110
0111110111100111
1101101111111101
1111111101111111
1111101110110110
1001111111111101
1111111111010111
1111101111100101
1101101110110111
1011111111001111
1111111111111011
1011101111111111
0111111111011101
1111111011111111
1111111110001110
1111101111001110
1011111111100111
1011111111110101
1111110111011101
1101111111101110
0101110111111111
1111111110011101
0101111111111101
1111011111111111
1101101110101111
1111110110111111
1111100111111111
0011111111111111
1111101110101110
0111110111101101
1101110111111101
1001110111111110
1101111111110101
1111110111100101
1101101111011111
1111111111100110