1111011111110110
0101111111111111
1101111011101101
1101010110101111
1101110011111011
1101110110111101
1101011011011111
1111111001110111
1111110110011111
1110111111111111
1101011110101011
1111111111110011
0111110111111111
0111111111111001
1111011011111011
1111110101111100
1111111100111001
1111110111110111
1111110010101011
1111011111101110
0111111111011111
1111101111111111
1111010011111111
1111111111010110
1101011111001111
1111111100101111
1111011010111111
1111111011111110
1101111111111100
1111110110101001
1101011011101111
1111010110111011
1111111010001111
1111111101101110
0111111100111111
1111111111011011
0111111111110110
1101111110101101
0111111101111101
1101110011111101
1011111111111111
1111010111101011
1101110111111001
1111111011111001
1111111110111110
1111110111011110
1111010101111111
1101111101111111
1101110111101011
1111011111111101
1111111111100111
0111111111101110
1111111001111101
1111111111111010
1101111011110111
1101111111101110
1111111101011111
0111011111101111
0111111010111111
1111110101111001
1111111111001110
1111111111001101
1101111010111111
1111110001101111
1111111011010111