0111111111111011
0011111111110111
1001101111111111
1111111111111110
1111101111110001
1011101111111011
1111111101110011
1111001111101111
1110101111111101
1011111111101101
1101111111110111
1011011011110111
0101111101111101
1011011111111101
0011111111101111
1011111011111011
1110111101111111
1110111111110011
1111111111010111
1011111111011111
1111110111111111
1111111011111101
0011011111111111
1111111111101011
1111011111110101
0111001111110111
1010111011111111
0101111111101111
1101101111011111
1110111111011101
0110111111111111
1110011111110111
1110011111011111
1011111111110011
1010111111111101
1110111011111011
1111111011011111
1110111111101111
1111111111011011
0011111011111111
1111011111111011
1111011101111111
0111011011111111
1011101111110111
0111101111101111
1111111101110101
1111111110111111
1110011111111101
0111111111110101
1101111111101101
1011111111111001
0111111111011101
1111111111001111
0111111101101101
1101011111101111
1011111101111111
0111111011110111
1111111011101111
1010111111111011
1110111111111001
1101101111111011
1111101011111111
1101111101111011