1111011101110110
1011011111111111
1111101011110101
1110111111111111
1101111110111111
1101111101110111
1111101111110011
1011101110110111
1001111111111111
1111100110111001
1111101111111110
1111111011110110
1011111110110101
1101101111011011
1111111111010111
1111110010110111
0111111111111111
1111110111111110
1111101101111111
1111111101111001
1101111111110010
1111111110011101
1111011110110111
1111011011111111
1111111111011110
1111110111110011
1011111011111111
1011110111111111
1111111010111110
1111101010110111
1101110111111111
1111111110110011
1111111111101111
1101001111110111
1111100011111111
1111011111111011
1011111111111110
1111111011111001
1101111101111110
1111101011111011
1111110111011111
1101011111110110
1111011101111100
1111110101111111
1111000111111111
1011111101111111
1111111101011111
1011111111111011
1101011111011101
1111111100111110
1101111111110101
1111111000111011
1111011100111111