1011011111111111
1101110101111111
1111011111011110
1110111101111100
1011110111011111
1111111111101111
1110011111111111
1111100011111111
1111110011111101
1001111111111110
1111100101111111
1010111111111111
1111011011011101
1100111101111111
1011101011111101
1111101111111110
1111111110111111
1111010101111111
1101111101111110
1111101001111111
1101101011011111
1111111011011100
1111001111111111
1111011001111101
0111111111111111
1111011101111100
1111100111111101
1111110111111110
1111111111111011
1101100111011111
1111111001111110
1111111111110111
1110111011111111
1011111101111111
1101111111111101
1110111111011111
1111111101011111
1101011111111111
1001111011111111