0111111111111011
0101111111111111
1111110110011111
1101111111110111
0111110111111110
0110111011111101
0111111011111100
0111111111011111
1110111111111100
1111111011110101
1111101111111111
1111111101111111
1111111111010111
1100111111111110
1110111111110111
1111111111110110
1101111111111101
1100110010111111
1110111111011110
1110110111111101
1111111111101000
1111111010101110
0111111011101111
1111111011111010
1111111010110111
0111111110111111
1110111111101111
1110111011011111
1011111111111111
1111111110111101
1111111011111001
1110110111011111
1111110111111010
1110111110111110
1111111011011100
1111111111011000
1101111110101111
1111111011100111
0111111111110101
0111111111101110
1110111111111011
1111111111001111
0111110011111111
1101111011011111
1111011111111111
1101110110111110
1111111110111011
1101111010111110
1101111110011111
1111110111101111
1111111011101101