1110100110111111
1100001011111111
1111111010011111
1111111101110011
1111001111101111
1100111101110111
1111101110111011
1111101011110111
1110011101110101
1111011011111011
1111110101111101
1111111101111110
1111111111110001
1111111010111011
1111111000111111
1110101111101111
0111111111111111
1111111101100111
1110001111111011
1111011010111111
1111111110110101
1101111011111011
1111111011111110
1111101111111001
1111111111110110
1101111111110011
1101111111111101
1111101100111111
1101111110010111
1111111111101011
1111101111100111
1111011101111011
1110110111111101
1110011111011100
1111100110011111
1101101111110111
1101111111111110
1110001101111111
1110111010111111
1111010111111111
1101101111011111
1111101111010101
1111110110001111
1111011111111000
1111110011111111
1100110101111111
1111110111111011
1100111111111011
1101101101111111
1111111010110111
1111111111101110
1100111111011111
1111001111111101
1111111111011011
1110111101101111
1011111111111111
1101011111010111
1110111011011101
1110111110111110
1111101110110111
1100011110111111
1110101001111111
1110101011111011
1110111111101101
1110011111110011
1111001110011111
1111011110111011
1110110111101111
1110101111011111
1111110111110101
1111011110100111
1101111011110111
1111111110111000
1110101111110111
1111101011111101
1111110111011100
1111100111111110
1111011001111111
1111111011101111
1111111101011111
1111111111100101
1101111111101111
1111001110111110
1101011110011111
1111111100111101
1101110101110111
1111111111001101
1110111001111001
1110111110111011
1111111011010111
1110111111100111