1111111110101011
1101110011111011
1100101101111111
1100111111111011
1101111100111111
1110111101111110
1101111011110011
1111010110111011
1111111111111101
1111010111110011
1100101110111110
1111111111101110
1110011111111111
1111101010111110
1011111111111111
1101110111110110
1111110110101111
1111010111101011
1111111011110110
1111010011111111
1101111101111110
1111110101101111
1111011011110111
1101011110111110
1111101111101111
1101001111111111
0111111111111111
1111111101100111
1111111100101111
1110110111111111
1101110011111110
1111011010111111
1111110011101011
1111111111111010
1110111101110111
1111101111110110
1110101111110111
1111111111011111
1110111111101011
1101011011111011
1111011011111110
1101100111111110
1101111111101111
1111110101110111
1111111110110111
1111111001111111
1111101111111011
1110111111110110
1111011011101111
1111011111100111
1111111101111011
1101101011111111
1111111100111110
1110111110111011
1101010111111111
1111100100111111