1111011111110110
1111101011101111
1011101110101111
1011011101111111
1111110011101111
1111111011110111
1011011110101101
1110111111111111
1111111101111101
1011101011111111
1101111111110110
1011111111101100
1001111111111111
1101011011111111
1011001111111111
1011111010101111
1011011111111100
1101110111110111
1111011111101110
1101111110111110
1111111111010111
1101101111101110
1101001111111111
0111111111111110
1111101101111111
1011110111111100
1111001111100111
1101111111111101
1111111110011101
1111111111011110
1011110110101101
0111101011111111
1111111111110101
1101101011111110
1111110110100111
1101011111100111
1111010111111111
1011011011111111
1111110110110110
1111111110111100
1111111011011111
0111111110111111
1111001111111100
0011111011111111
1111101111101101
1101011101111111
1101111111011111
1111111010101101
1111111101101111
0011111101111111
1011101111110111
1011101111001111
1011111010111101
1111110111011111
1111101110110111
1111101110001111
1011111101011111
1111110111101110
1111110101111111
1111111100111111
1111111111111011
0111011111110111
1011101111111110
1111101011111100
1111001011111101
1011111011101101
1111011001111111
1101101111100111
1111100111111111
1111011011101111
0111111111101111
1011111011101110
0101111001111111
0101101111110111
1011110010111110