0101111111111111
0111111111111011
0111111011111110
1101111111010111
1111111110011010
1111000011111111
1111111111110011
1111011111101111
0110110111111111
1111101111010111
0111101111111111
1101111011011011
1101100011111111
0111111111011110
1111101111111101
1110111111111100
1111111111001011
1111011111010111
1101111011110101
1111111101111111
1110101111111110
1111111111010110
1110101111101111
1111011010111111
1111001110110110
1111110111111110
1111111110110101
1110111111110111
1111010110111111
1111101111001111
1110111011111110
1100111111011011
1100111011101111
1101011111111111
1111011011111110
1111011110011111
0111011111111111
1101111110111011
1111111011111100
1111101010011110
1101111111111110
1111101010110110
1111110110110111
1111110111111011
1111011111011110
0111111111010111
1111111110111100
1110011111111111
0111111111001111
1111111011100101
1011111111111111
1101101011110111
1111111111000111
1111111011111001
1110111110111111
1110111011011101
1111101011111011
1111110111011111
1110111111011001
1110110011111111
1111011011110111
1101111110101111
0111111010011111
1111011111111101
1101100111110111
1110101111011111
0111111111101110
0111111111011101
1111111110111001
0111110011111111
1100111011011111
1111111111010101
0111111011110111
1111110010111111
1111001111011111
1110111111001101
1101110111111101
1111111111001110
1101111010111111
0111111010111101
1111111011010111
0111110111111101
1111110111101111
0111111110110111
1101111110011111
1111101111101011