1111111111101101
1111011111011111
1110111111111111
1011101110110111
1111111111111100
1111011111101111
1111111100010111
1111101011110111
1111011101111111
1011111101100111
1111110110101111
1111110001011111
1111111101110101
1011101010111111
1011100111111111
1111011110110101
1111101110110110
1111001111111111
1111101111101110
1011010111111101
0111111111111111
1011111111011111
1111111110101110
1011111111110110
1111110111111110
1011110001110111
1111110010011111
1111111111111011
1111101101111111
1111111011111101
1111101111110101
1111111011111110
1111111111001111
1111010110111111
1111010111110111
1011111111110101
1011111110101111
1111100110110111
1111101111100111
1011110111101111
1111110110110101
1111011111111110
1111111000110111
1111100110011111
1011111110111101
1111111000011111
1101111111111111
1111111100111110
1111101110111101
1011111011101111
1111111011010111
1011011011111111
1111111001100111