0110111111111011
0111111101111011
1110001111111111
0111110111101111
1111110111111011
0111101110111111
1111111010011110
1111110110011111
1111111101111101
1111111111111100
1111101110111010
0111110101111111
0110110111111111
0111110111111110
1111010111111101
1110101010111111
0111111111001110
1110111111101110
1111110100111111
1111111101101111
1110111111011011
1111001110111011
1011111111111111
1111001010111111
1111111110111101
1110111101111111
1110011111101111
0111101111101110
1111110111011110
0111111011111111
0110111111111110
1111111110101110
1111110111001101
0111011110111111
1111110101111110
0111001111111111
1111101101111111
1110011010111111
1111111011111101
1110010110111111
1111001111101011
1111111111110111
1111010111001111
0111011111011111
1111001111111001
1111111011101111
1111111101011111
1111101010111011
0111011111101111
1111011101111011
1110011111111011
1111011111111110
0111111111111101
1111111011011011
1111100111111111
1111011110001011
1110101110101111
0111111111011010
1111111001111111
1111011111011101
0111110110111111
1101111111111111
1110101111111011
1110111110111011
1111101111011111
1110101011111110