1111100110111111
1111110111101011
1001111111011111
1110111101111110
1100111111110111
1111011111101111
1101101110111111
1101011111111011
1111110111110111
1111101111111101
1110111111111100
1100111110111111
1011111111101110
1110111100111011
1110101111111110
1111111100011111
1111110101101111
1010111111101111
1111111111010111
1101001111111111
0111111111111111
1110110111111111
1001011111111111
1110111110011111
1011111110111110
1111101101111111
1011110101111101
1111111011111111
1111111111110110
1100111111111101
1111111101111001
1101111111111100
1011010111111110
1010111101011101
1111011111110101
1110111111011110
1111011110011111
1010111111110001
1101111110111010
1011111111101011
1101101111011111
1011111111011110
1110111110101011
1011110100111111
1011111111111100
1111011101011111
1100111111111010
1111011111011110
1101110111111111
1011111100111011
1111111110110011
1111100111111011
1011010111111011
1111111111011011
1110011111111111
1011111110011111
1111110110101110
1111111110111101
1101101111111110
1100101111111111
1101111101111111
1111110111111010
1111110111011111
1101011110111111
1110111111101101
1111101111101111
1111011111111100
1111011101111101
1011111111100101
1111110101111110
1011101111111111
1111000111111110
1010111100111111
1111111101110111
1111111110001111
1111111101101010
1011111110101111
1110111101101011
1101111111101111
1111001110111110
1011111101111110
1111111111111000
1011110101111011
1111101111110111
1101101111111011
1111010101111011
1101111110011110
1111011100111110