0101111111111111
1111100110111111
0111111011111110
1011011101111111
0111111110011111
0111101110111111
1101111011111110
1111111011110111
1110111111111111
1101111110111111
1111110110011111
1111111111111101
1111111110010111
1101000111111111
1001111101111111
0011111111111011
1111111111101111
1111111111011011
1111101010111111
1111010111011110
0011111101111111
0111101011111011
1011111110110111
1111011111010111
1101101111111110
1111010011111110
1111111110111110
1011100111111111
1111111000111111
1001111111110011
1111011110111111
1101011111110111
1011111111011111
1111001011111110
1001011111111111
1111110101111111
1101011111011110
1011111100111111
1011110111111110
1111111111110110
1111111001111110
0111110011111111
0111110110110111
1111100111111110
1011001111111011
1111111101011111
1111110111110011
0111011111111111
1011111011111111
1101101111111011
1111110011011110
1101101111110111
1111000111110111
1111111101111011
1101101011111111
1111111110111011
1111101111011111
1111110011111011
0111101111110111
0011110111111111