0111111101111111
1101111111011101
1101111111101101
1111110111111111
1111111111111011
0111111111010111
1110111111111111
1111111101111101
1111111011111111
1111111110011101
1111111111101110
1111111101011110
0101111110111111
1111111111010100
0101101111111110
1111101111101101
1111011111111111
0101111111110111
0111111111110110
1111111101101111
1111101110101111
1011111111111111
1111111110110111
1111101101110111
1101111111000111
1101101111111101
1101101111110111
1111111110111110
0111111111101111
1101111101111111
1101111111110101
1111101111011111
0111101111111101