1111101011101111
1111101101101011
0111101101011111
1111011110111110
1111110011111111
1111111111101101
1011011111111111
1111111010101111
1011101101111011
1110111111111111
1011111010111111
1111111111110011
1111111110111100
1111111011111010
1111111110001011
1111101110111011
1111101111001011
1111101011110111
0111101100101111
1111111011011111
1011111011100111
1111110110111010
1111111011101011
0111111011111100
0111111111001110
1011111110101011
1111011111111011
1111011101111111
0111111111110111
1111110100111111
0111111110111110
1111101101001111
1111110110101111
0111011110111101
1111101110011111
1111101111111101
0111100101111111
1111101111111110
1111111101111110
1111110111011111
1111101110110111
1111001111111111
1111111111010111
0111111111111010
1111110110111101
1011111111011111
0111010111111111
0111101111011011
1011111111110110
1011111110111110
1011111100111111
1111111101110111
1111111110110110
1111111110001110
0111110111111011
1111011110110111
1111011011111111
0111111011111001
1111100101111011
0111111110111011
0011111111111111
1111011110011111
1111111001111111
1011110111111111
1111111111110101
1011101110111111
0111111101101011
1101111111111111
1011111111101010
1111100111100111
1111010111111110
0111101111001111
1111111111011101