0101111111111111
1011111101011011
1111011111110111
1011011101111111
1110111111111111
0011011011111111
1111111111110011
0111111111100111
1011110011111110
1111011011111011
1101111101101110
1011011111111101
1111110111110111
1011110101111111
1111011111101110
0111011101111111
1011111011111011
1111101111111111
1011111111101111
1111111111010111
1101010101111111
1101111001100111
0111111111111110
0111111011111011
1111111011111101
1111111111110110
1111111101111001
0111111011001111
1101111111011011
1111111011011011
1101111101101011
1111110111111101
1011111001110111
0111010011111111
1001011011111111
0011111111111001
1111110111111011
1101110111111110
1111011111011111
1111111001111011
1101111111111001
0111111101110111
1001010111111111
1111111111011010
1111011101111110
0011111101111111
1111111110111111
1111110111011111
1111111111101100
1101111101011101
0011111011110111
0111111111110101
1111011101111101
1101111111101101
0111111111011101
1101011111101111
1101111011011111
1111111011101110
1111111111100101
1001111111011101
1001111011111110
1101111101111010
1101111111110101
1001111111110111
1111110111101111