0011111110111111
0101111101111111
0111011111101101
1011011111101111
0001111111111101
1111111111111110
1110111111111111
1111111011111011
1111001111101111
1011111111101101
0111111100111111
1011001111111111
0111011111101011
0011101111111101
1111011101111111
1111111110111101
1101111111111011
1111101001111111
0101101111111101
0111111011111111
1111110111111111
1011111111111001
1011101101111111
1111111011111101
1111101111111001
1111111111110111
1111011110101011
1001111001111111
1111101110111111
1111011011111111
1111111111011111
1101011111111111
1101111111101111
0011111111101011
1111111101111011
1001111100111111
1111111010111111
1011111101101111