1111111011110111
1110111111111111
0101001111111111
1111111111111101
1111011110101110
1111101111010111
1111111011011111
1101111011101111
1111100011111111
1101111111011111
1011111111111111
1101110111110111
1111110110101111
0111111111011111
1111111111000111
1111111101111111
1111110111011111
1101011110111111
0101111011111111
0111010111111111
1111001011111111
0111011110111111
1111110111111110
1111111111111011
1111111011111110
1111111111110110
1111000111111111
0111110011111111
1111111110001110
1101011111101110
1111101110111111
1111001111001111
1111001111110111
1101100111111111
1111001111011110
0111011111111110
1111011111100111
0111111111101111
0111111110110111
1101110111101111