0011111111110110
0111111100011111
1101110101111111
1111110111111011
1100111100111111
1011111011110111
1101110111111110
1101101101111110
1111111111111101
1011111000111111
1101111111110111
0011111111111011
1001111111111111
1111111111101111
0111101111111111
0111111110111110
1010111111111111
1011111110110110
1011101110111011
1110111111110011
1101111011111111
1111101101111011
1111111100111011
1101111111111011
1110101111111111
1110111110111110
1111111111010111
0111111011111111
1110110011111111
1011111101011111
0101110111011111
1100111111111110
1111111111111010
1011101111111110
1111111011111110
1110111101111011
1111111101110111
1110111001111111
1111101100111111
1110111111011111
1111111111011110
1111011111111111
1111110110111111
1111111011011011
1011110111111111
1111101111110111
1110111111110110
1111111011110011
1111101011111111
1111101111011111
0111111110110111
0110111111111111