1001111101011111
1111111111111110
0101111111111001
1011111101111011
1111101101110111
1110111111110011
0101101111111101
1100111111010111
1111001111111011
1111110111111111
1111111101001111
0111111101011101
1111111011111111
1111111111101011
1100011111111111
1011111101010111
1110101101111101
1001101111110011
1111011111011101
1111111111110101
1011111101101111
0110111111111111
1101011101111101
1001011111111011
0011111111011111
1101001111110111
1110011101111111
1111001111111101
1111111111011011
0111111111110111
1001001111111111
1001111111010111
1011011101110111
1100111101111111
1100101111111111
1111111110111111
1001111111101111
1110101101011111
0111001101011111
1011111111111101
1111101111101111
1110011111111101
1111111111100111
1011001111011111
1010011111010111
1010111111001111
1101011111101111
1101101111010111
0111101111111011
0001111111111111
1110111111001101
0101011111111111
0111111111101111
1101111101010111
1100111111011101