0111111111111110
1111011101110111
1111011111111101
1111110111111111
0111011111110111
1111111111111010
1110111111111110
0101001111111111
1111001111101011
0110111111101101
1110111101111011
0101101111101111
1111101111110110
1111111011111111
1111111111110011
1100111111110111
1111111101111100
1111111111111001
1101011111101111
1101111111111101
1100111111101111
1110011111111111
1111111111011111
1110111111101011
1101011101111111
1111011111111110
0111101111111011
1111111101101111
1011111111111111
1111101101111101
1111101101110111
1111111111110101
1100111101111111
1111111110111111
1100101111111111
1111101101111110
1110101101111111
1101111111111110
0110101111101111
1101111111111011