0111101111011111
1111001111101110
1111111111111101
1011110111011111
0111101101111111
1011101101011111
1011001111111111
0111111111001111
1111010111011110
1111011101111111
1010111111111110
1110111101111111
1111111110111111
0111010111011111
1110101111111110
1011111111101111
1111101101101111
0111111111111110
1110101111011111
1111110101111111
0111001111111111
1111111111111011
0110111111101111
1111111011111111
1111111111110111
1111100111111111
0011111111111111
1111001111011111
0110011111111111
1110111111001111
1101111111111111
1111110111101111