1101011111111101
1111101101101011
1111011111111000
0101111111111111
1111110001111111
0111101111011111
1011011111101111
1111110111111011
0111011111111101
1101110111111110
1111011111011111
1110111111111111
1101101111111111
1111111011111011
1111110011011101
1011111111101101
1001111101111110
0111110111111111
0111101101111111
1111001111111100
1111111111011011
1101011111111011
0111111101111100
1111011101111111
0011111101111110
1011011111111101
1011111101111011
1111011111101110
0111111111011110
0111011111111011
1101111011111111
1111111110111111
1111011111101101
0111111101101111
1011011111111110
1111111011011100
1111111111101100
1001111111111101
0111111011111111
1011111111011111
0011111101111101
1111101111011110
1011101111111111
1111001111101011
1111111111001111
1111111001111110
1111111111110111
1111111101111001
1111101111101001
1111111101011111
0111101111111010
1001111111111010
1111100111111111
1011111011111111
1011110111111111
0111101111101011
1111101101111110
1111101011111111
1011111111101011
1011111101101111
1011011111111011
1111010111111111
1111110111101111
0111101111111001