0101111111111111
0110110111011111
0111101111011111
1111110111111011
1110101011011111
1101110111111110
1101111100111110
1110111111111101
1101101111111111
1111111011111011
1101111011111100
1100111001111110
0111110111111110
1111111111101110
1110111111101111
1111111111011011
1111101011101101
1101111111011111
0110111110111111
1011111111111111
1111110101111101
1111101111111110
1100111110111110
1101111111111011
0111111011111111
1101111110101111
1111110111001101
1110110101111111
1101110011111111
1110111110011111
1111111001111101
1111101101111111
1110111111111011
1111111111110111
1111111110111000
1111101110111111
1111101111011101
1111110110111110
1111111101011111
1111011111111111
1101111001101111
0111110110101111
0111111111111101
1111100111111111
1111111101111011
0111111110101011
1111111010111111
1110111100111111
1101110111101111
1111111111011100