0111111101111011
0110111111111011
0101111111111110
1101111111111010
1110111110011011
0111111111101011
0111101101101111
1101111110111111
1111111111111101
0110110111111111
1111101110111011
0110111100111111
0110101101111111
1110111111101111
1110110100111111
1111111111011010
1101111111011111
0111101111111110
0110111110111110
1011111111111111
1111101110011111
0111111111011111
1100111101111111
1111101101111011
1111111100011111
1111110111011111
1111110101101111
0110111101111110
1111101111101110
1111111110101111
1111111110011110
1101110101111011
1111110111111110
1100111111111110
1111111101111010
0101101111101111
1110111101111011
1111111011111111
1111111111110111
1111101100111111
1110101110111111
0101110111111111
0101101101111111
1111011111111111
0111111110111011
1111100111111111
1111111111001110
1111111110111010
1100101111111011
1110101101111110
1111111100111110
1101101111101011
1101110111101111