1101011011011111
1111111101111101
1110111111111101
0111111011101111
1111001111101111
1111111111111100
1111111011111010
1111011101101111
1001111111111111
1111111011101011
1110011111111111
1101011001111110
0111111111111001
1111111001101110
1101011111111010
0011001111111111
0101011111111011
1111111110111111
1011111111101110
1010111111101111
1101101111011011
0111111111111110
0111111101111111
1111011111111101
1111001111111011
1011111111011111
1111110111111111
1100111111111110
1111101101111111
1111111101001111
1011101111111110
1101111011111001
0111111111101101
1111111111110111
1110111011111111
1110101111001111
1111111101101010
1110111101011111
0111111111001011
1111101111101001
1111111111011110
1101011011111011
1110111111101011
0101111111111101
0111101111111011
1101111111101111
0111101011111111
1101001111011111
1011111101111110
0111111011011111
1011111111111011
1111011111101011
1011111011111111
1101101111111001
1111011011101110
1110101111111011
1011111101101111
1011101111101101
1111111111011101
1111101111101010
0110111111111111
1111011111001111
1111111011101101