1111011101110110
1111111111101101
1111110111111011
1011111110111011
1111111101111101
1110111101111110
1110111111111101
1111111111110011
1111011110111101
1111111111101110
1011011110111111
1011001111111110
1111111110100111
1111111101101111
1011111110110111
1110111110111111
1110101111111111
1011110110111110
1011111111111101
0111111111111111
1111110111110101
1111110101111111
1111101101111111
1111111111111010
1110111111111011
1111001111100111
1110111111110111
1111010110111111
1111101111110110
1111111011111111
1111111111111001
1111101110111110
1111010111110110
1011111101111111
1011011111100111
1111011110110110
1111111111101011
1111111111011111
1111011111110101
1111100111111111
1111001110111111
1111101111111011
1101111111111111
1111011100111110
1111110111101111