1001111111011111
1111110011111111
1111111110011010
1111101011011111
1011110111110110
1110111111111111
1101111100111111
1111111101001011
0111111111010111
1101101111111111
1111111011111011
1111111111110011
1101111111001110
1111111101111100
1101111101001111
1111101011110111
1101111111110111
1111101111010111
1101111111101011
0111111110111111
1111110110111011
0101110111011101
1111111110100111
0101111111001111
1101111101101110
1111110101111101
1011111110110111
1111110111010101
1111111011110110
0101111011101111
1111111101110101
0111110111111001
1111111100011111
1011111111101111
1111101110110111
1111101101011111
1101111101011101
0111111011110101
1111111111011000
1111101111101111
0111111111111110
1111111101100111
1111111100101111
0111111101111111
1001110110111111
1111111110110100
1111111101111010
1111101111110100
1011101111111110
1111111101110110
0111111111101101
1111111110111001
1101110110011111
1111111101111001
1111111110001111
1011111101111111
1111110111011100
1111101100111111
1111101111011100
1111111011101110
1111011111111111
1111111110101100
1111111111100100
1111100111111111
1101110110111110
0011111111111111
1011111111111011
0111111111011011
1011111011111111
1111111001111111
1011111110111101
1111101111111011
1111111011111100
1111111111001101
1011110110011111
1111111100111110
1111111010111111
1101110111011010
1111110111101111
1011111111011110
1111111011101101
1111111101010111