0111111101111010
1001111111011111
1011100101111111
1101011111011011
0111011111110010
1110111111111111
1111110110011111
1111111101110010
1111101111110011
1011110111111011
1111000111111011
1101111111110110
1101101110111111
1111101110111011
1001111101111110
1111110110111011
1011001111111111
0111111111111001
0101111101111101
1111011100011111
1111110101110011
0111011101111110
0101010111110111
0111111111011111
1011011101011111
1101111111110001
1011011111111110
1111111111010111
1011111111110110
1111110111111110
1011011110011111
1101110111111011
1111111011111111
1101111111111100
0011011111111111
1011111111110101
1011010111111111
0111111101110011
1111111111011110
1111011101111011
1001111111111011
1111110111111101
1111101101111101
1111111110110111
1011111110111100
0111100111111111
1111111111110100
1111001101111110
1111111111011101
1101011110111011
0111010111111011
1101111111111010
1001111110111111
1011111100111011
0011111111111011
1111111111101111
0111111110111111
1101001111110111
1101011101111111
1101100101111111
0011111101111110
1011101111110111
1011111110111001
1111101101111011
1011101100111111
0011101111111111
1111011111111101
0111001111111111
1111101111110110
1111111110111000
0111010101110111
0101111111110011
0111101111111011
0101111101110111
0001111111111111
1111001110111111
1111111100111101
1011101111111101
1001110111111111
1111111101110001
1011111101111100
1001111111110111
1111101111011111
1101111110011111
0101101111110111
0011110111111111