1111110110011111
1110111111111101
1111111110100111
1111110100111111
1111110111110111
1111011111101110
1111011011100111
1111011111101101
1110111011110111
1110101111111111
1111111000111111
0111111111111111
1111110110111101
1110110111111111
1110111110011110
1111111011111110
1111111111110110
1110111110110111
1111110110111110
1111011110011110
1111110111111100
1111101101111101
1101111111111111
1111010111111111
1111001101111110
1111111111011101
1111111110010111
1111111011011111
1110111111101111
1111110011111101
1111111101101111
1011111111111111
1111011111111100
1111111111111011
1111101110111111
1111011001111111
1111011011110101
1111111101011111
1111111100111101
1111111100111110
1111101011111111
1111101111011111
1111110111101111
1111011111001111