0101111111111111
1001111111011110
1101111111101001
1001101111111111
1111111111110011
1011101011111110
1011011111011101
1111011111101111
1101111111001111
1101111111110110
1111110111101001
1011101111011111
1111110111110111
0111111111011110
1111101111111101
0011001111111111
1110111111111100
1111111111001001
1111111011110110
1111111101111111
1011111111101110
1111111111010111
0011111111111100
1111111011111101
1101111111111100
1111010111111001
1110111111011111
1111011011111111
1101011111111111
1111011111110101
1011110111111111
1110111111110110
1111101111111011
1101101111110111
1011111111110111
1101111011111110
1111111011011111
1110111111101111
0111111111110111
1010111111111111
1101110111111001
1111111110111111
1001111111101111
0011011111111101
1111101111101111
1111011111011011
1111111111111010
1100111011110111
1110111111111011
0111110011111111
1011111111001101
0111011111011111
1111111011101111
1111011111111110
0111010111111101
1111100111111111
1001111111011101
1011111111111011
0111111111101111
0110110111111101
1110101011111111