1110100111110111
0011111111110111
0111101110111111
1010110111110111
1011111011110111
1111111101111101
1111111011111011
1111101111111100
1111111111110011
0111111111100111
1011101011111111
1011111111101101
0111110111111111
1010110001111111
0111111100111111
1111111101101110
1111110110111011
0111111101110111
1110111111101111
0111111011111101
1110110011111101
1111100101111111
0011111101111111
1110110111111001
1110101101110111
1010111111111110
1011111101111011
1111110110101111
0111111110101101
1110111111111100
0111111101101111
1010111101110111
1111111100111010
1111101001111111
0111101111111101
1111101111101111
1011110101100111
0111111101111110
0111111111110101
0011111111111101
1111110111111110
1111110111110101
1011101111111110
1011110111111101
1011111110111111
1111111011111110
1111101111110110
1110111101111010
1010111111110101
1111101110111110
1110101110111111
1111111111101011
0111111011110111
1111111111011111
1111011111111111
1110110010111111
1111110011110111
1011111111111010
1111111110110111
1111111111111000
0011111011101111
1111101111111011
1101111111111111
1110101101111110
0111111010101111
1111110001101111
1110111110111011
0110111111111111
1111111011101101