1111100111110111
1111111111111110
1110111111111111
1011111100110111
1101111111110111
1111111011101011
1111111100100111
1011011111111101
1111101101110111
1011100111111111
1011111111101111
1111011110111111
0111111111111111
1101111010101111
1011101101111111
1111111011111101
1011110111111101
1011111111110101
1111111010110011
1101111111111101
1011010101111111
1111111111011111
1101011111111111
1111011111110101
1011111011111111
1011111110110011
1111101111111011
1101110111101111
1111011111111001
1111110110110111
1111111110101011
1111110111111011
1111110111100111
1111100101111111
1111111110111101
1011101111110111
1111111101110101
1101111010111011
1101111101111111
1111001111111111
1111111101101001
1111101111110101
1111011101101011
1111101110111111
1111101101101101
1111110010111111
1111111001111111