1101011111111101
1111011111110111
1011011111111111
0101111111011101
1111011111011111
1101111110111111
1101111011111100
1111111111110011
1100111111110111
1110111011111010
1111111001011111
1001111111111111
1111111111101111
1111111011010101
0111111110111111
1111111111011011
0111111111010101
1011111111111110
1010111111111111
1110111011110101
1111111110111101
1111101111111111
1101111101111111
1111111100011111
1011111111111101
1110111010111011
1110111000111111
0111111011111111
1101111011011101
1111111101011101
1110011111111101
0111111111111110
1111110111111111
1111111001111101
1100111111111110
1011111110111111
1110111101111011
1111111111110110
1111111111111001
1110111001111110
1110111110110111
1110111111011111
1111011011111111
1111111111011110
1111011101111011
1111011111111110
0111011111111111
1111111100111110
1110111011111100
1110111110111010
1011111111110111
1111111101010111