0100111111111111
0111111111111011
1110111101111101
1111111101001011
1101111110111111
1110111101111110
1111111111110011
1100111101110111
1110110111110111
1101111101101111
1011110101111110
0111111111011111
1111101111111111
1111111100011111
1110111111010111
1111110101101111
0111111111111110
1011111111011111
1110111110011111
1111111011111111
1001110111110111
1111111111101010
1100111111011011
0111111111111101
1111110110111111
1111110111111100
1111110101110111
1111111110110111
1110111111110110
1111111111110101
0101111111101111
1101111111111110
1110110111111110
1111111111101001
1001111101111101
0011111100111111
1111111101010111
1111111111011100
1111111101101101
1111110101111011
1101111101111001
1110111111101111
0001111101111111
1110111111011010
1010111111111111
1111111110111101
1101110111111001
1111110111011111
1001111101110111
1101110111101011
1111111111011001
1111111110101111
1111110111101110
1110111101011111
1011110111101111
1111011111111111
0101111101110111
1011111111111011
1100110111111101
1111111111001110
1110111110111011
0011110111111111