0101111111111111
1101111111100111
0111110111101111
0111011111111101
1111001111101101
0111111111010111
1110111111111101
1101101111111111
1111011111100101
1110011111111111
1011111111111111
1100110111110111
1111011111101110
0111101111101111
1111111110111111
1111111101111111
1110101111111110
1111100111101101
1111101111101110
1111011111111100
0111111111111110
0111011111100111
1110110111101111
1111111111111011
1101011111011111
1111111011111111
1111000111111111
1111010111110111
1101111111111101
1110111111011111
1111001111011111
1111101111110111
1110111111110110
1101111111111110
1111010111111110
1111111111100110
1111111111011101
0110111111111111
1110111111100111
1111011111001111