1001111111011111
1010111111111101
1001111110111111
0111111111101011
1111010010111111
0001011111111111
0110110111111111
0101011111011111
0111111110111111
1111111011101011
1110011111111111
1110110011111101
1111011011111011
1111110011111100
1011111111111110
1001011111111101
1101111110111101
1111101111111111
1111111101111111
1111111110111110
1101111111111011
1011010110111111
1011111111101111
1111110111011111
1011111110011101
1101011110111111
1110111111101100
0111111011111111
0111111111111010
1111111111011000
1111111110101111
1111110010111001
0110111111111110
1100111111101101
1011011110011111
1011110111111101
0110111111101111
1111111111001111
1111111111110111
1010111110111111
1110111111011111
1111011110111001
1111011111111110
1110111011101110
1100110110111111
0111111111111101
1011111111111011
1011111011111111
1111011111011101
1110111111111001
1001110111111111
1111011111101001
1101111111111110
1110111010111111
1110110111111110
1111110111101111
1111011011111101
1110110011111011
1111111011101101