0111110111011111
0101111111111111
0111111111111011
0011111111110111
1011011111111111
0111011001110111
1111111111111110
1101111110111111
1101111101110111
0111111111100111
1111110111010111
1010111111101101
1011111011100111
1110011111110101
1111110110111011
1111111101100101
1110111001101111
1110110111110111
1000111111111111
1111110101111101
1011110101111111
1111101111111111
1111011111101101
1110110101101111
1101011111111001
1111111100110101
1011111011111101
1111111101001111
1011111110111111
1011111111110101
1110111111011111
1111111111101011
1111011111000111
1111110010110101
1100011111111111
0111111111111101
1110011011111111
1111110011111001
1111110111110011
1111110101110111
1010111011111111
1111111001110101
1111111101111011
1110111010111111
1111111110011111
1111111111011101
1110110011111011
1111011011111101
0110111111111111
1111111101010111
1111110001111111
1111111110110001
1101110111111111
1110111110111101
1111111011011111
0111111110111111
0011111011111111
1110110011111101
1101111111011111
1011111111010111
1010110111101111
0011111101111111
1101111011111111
0111111101101111
0111110111110111
1111010101111111
1011111101110111
1011110111101101
1111111110101111
0111010111111111
1110011110111011
1101111111101101
1011111111001111
1111010110110101
1101011111110101
1011111111111011
1111010111101111
1110111111111001
1010111101111101
1111011100111111
1110111111100111
1111111011101101
1111111001100111