1111001111111110
1111110111101011
1111100111110111
1111111111101101
1011011111111111
1011111111110011
1010111111111100
1011110111110111
1101101111111111
1111100111011110
1011110111111011
1111010111110011
1101111111110111
1001111111111111
1111001111110011
1110111111101111
1100011111111011
1101111111011110
1110010111011111
1110110111110111
1111111111000111
1111111110111111
1111111101111111
1101110111011111
1011111111101111
1110111111010111
1111111111100011
1111101111101111
0111111111111111
1111011111111101
1111010111010111
1011111111110110
1010111111110111
1011101111111111
1111111111111010
1111111011111111
1111000111111111
1111111111111001
1111010111001110
1110101111110111
1101011111101111
1110101111011101
1011111111011101
1101011111111110
1100110111111101
1111111111110101
1100010111111111
1110101111111011
1110111111011100
1111111111100110
1101110111101110
1110011111110111