1110111111111110
1101111111001111
0110110111111111
1101111111110111
0111110111111110
1101100111101110
1100100111101111
1111110111110111
1111111101111111
1111111011111111
1100111111111101
0111101111000111
0100101111111111
1110111111011111
1111111111011110
0111111111111101
1111110111111101
1011111111111111
0111101111101110
1111111110111111
1111110111011111
1111111111111011
0101110111101111
1110101111110111
1111011111111111
0111100111101111
1111111111100101
0101100111111111
1111111111100110
1110111111100111