1110001111111111
1101110011111011
1111011111011110
1101111011111110
1101101111111111
1111111111111101
1111111111110011
1111111111101111
1111010111011111
1101110111110111
1011111111111111
1110010011111111
1111111011110110
1111111110111111
1111111101111111
0111111111111111
1111110111111110
1111111111111010
1101111011110111
1110111011111110
1101111111011011
1101011111111111
1111100111111111
1111110011011111
1100111111111111
1111010011111011
1111101011111111
1110101111111011
1111101111011111
1110011111110111