0111111111111011
1111100110111111
0101111111111111
1011011111111111
1101110011111011
1111110110011110
1101111100111111
1110111111111101
0011111111010101
1011111111101101
1010110111011111
1101111111110111
1111110111010111
1100101110111111
0111110111111111
1111111111010001
0111101111111111
1110110011110110
1111111110100111
1111011111101110
1111111111110010
1111111111001011
1010111001111111
1111011111101101
1111111010111011
1111111100011110
1111010111111010
1110111111010111
0111111111000111
0111011111010111
1111111101011101
0111111111111110
1111001111111011
1111110110111100
1111011010111110
1011111110111110
1111111101111010
1111111111000101
1111111101001110
1111010110111111
1111101111111001
1010111110111111
1111111101111001
1111111010111101
1101111111111101
1111111110011101
1111011110110111
1101011011111011
1110110111110011
1101100111111111
1111100111110101
1111011111101011
1011111011111110
1111011111011101
0111111111100101
1111111011110011
1101111111111110
0110111111111111
1111111111011100
1111111100101011
1111001111111110
1001111101101111
1111110110101001
1100111111111011
1011110111110111
1110111010110110
1111111011011111
1011111100011111
1111110111100110
1110111111101111
1110100111111011
1110011111111111
1111010111011110
1101111111011111
1111011101111111
1111110011111101
1111111011111001
1011110110111111
1111101101011111
1101011110111111
1111011011110111
1111101111101111
0011111110110101
0011111011110111
0111111101111111
1111011110111010
1111110101111111
1111111001111101
1011101111111111
1111100111011011
1001111010111111
1111111001111110
1111111101110111
1111010111110111
1111111110001111
1111101110111110
1110101111110110
1111110111011101
1111110111100011
1110111101011111
1111111011101111
1111110010111110
1111110110110101
1101110110111111
1011111111111011
1111001110111111
1111111111111000
1000111011111111
1001110111111111
1111101011111111
1101111101111011
1110111110111011