0101111111111111
1111101011101111
1011011101111111
0110111011111111
0111011111111101
1111111111111110
1111110110011111
1110111111111101
1011111100110111
0110110101111111
1111111111110011
1111011111101111
1101011111111011
0111111111011111
1111101111111101
1111011111010111
1110111011110111
1110101111111111
1011111111101111
1111010111111011
1101001111111111
1111110100111101
1111101101111111
1111010110111111
1111110011010111
1010111110111111
0111110111111011
1101111111111101
1111111111101011
1111011110110111
1011010111111111
1110110110111111
1111011111110101
1011011111110111
1111010101011111
1110110101110111
1010111011111111
1111111101111011
1110110101011111
1100111111111111
1111111010111111
1111111101010111
1111011111111001
1111110110110111
1011110100111111
1001111110111111
1101110111111111
1111111011111011
1111111110010111
1111010111111101
0111111110111111
1011011110111111
0111111111110111
1111111101101111
0111011011111111
1101111101111111
1110010101111111
1011111111111101
1111111110101111
1111001011111111
1111110111110101
1011101111111111
1110111111111011
0110111111101111
1101111111101111
1011111111111011
1111001111011111
1010111101111111
1111111001111111
1111101111110111
1110111111001111
1101111110011111
1111110111101111
0011110111111111