0111111101111011
1111111110011011
1011111011111001
1110111111111110
1011101111111011
1101111100111111
1101111101110111
1111111111110011
1100111111110111
1101111111110110
1011110011111110
1110101111111101
0011011111111011
0111110111111111
0111101111111111
1111110100111010
1011001111111110
1011101111011110
1001111111111110
1011011111111101
1110110111110111
1111111100111001
1110111011110101
1111101110011110
0101111111011111
1101111110111101
1010111110110111
1111010011111110
1111101110111001
1111111100011110
1111111000111111
1111011110111111
0111111011111111
0111111111111110
0101111111111011
1101110101111011
1101110111111010
1111111110110100
1101111011111011
1010111011111101
1011111010111011
1101110110011111
1000110011111111
1011111111110101
1110111111011111
1110111010111101
1101011111111111
1010011111110111
1011111111011101
1111011111110100
0111111110111011
1001111111111011
1011011111110110
1111110111111101
1111101101111101
0111111111011011
1011111110111101
1111011111011101
1101111110111011
1001101110111111
1111101111111010
1111010011111011
0110111111111111
1011011011111111
1111110100110111
0011111111111001
1101110101111110
1111100101011111
1101111001111101
1000111110111111
0111111111010111
1011111010111110
1111111011111010
1101111111111000
1111100111111011
1111111011011111
1111111111101111
0101111111110111
1111111111011010
1111011101111111
1011111111010111
1110111100110111
1011011111011011
1111110111011110
1011110110111111
1101101101011111
1111111111011001
1110110101111111
0111011111110111
1010101111111111
1110111111111011
1101111011110111
1011111101111111
0101111110111111
1110100111111111
1111111111010101
1111110011110111
1110111100111101
1111001111011111
1011111111111010
1111101111110111
1111101011111111
1101111010111111
1001111111110111
0011011111011111