1011111011011110
0101111111111111
1010111011011111
1111100111110111
0110111011111111
1001101111111111
1111111010011111
1111111111110011
1011101001111111
1110101111111101
1101111111110111
0111110111111110
0110101111111110
1011111011111011
0111111111011111
1110111111111100
1011111101111001
1110111010111011
0110111101111111
0111111111111010
1111111111010110
1110110111111111
1111111011111101
1011111110111111
1011110101111101
1011110111111110
0111110111111011
1101111111111101
0011101111110111
1101111111011011
1011111111011101
1111110110111111
0111111111111101
1110111111110110
1100111111111111
1101101011111111
1111101111111010
1110101101111111
0111101001110110
1110111010111110
0110101111110111
1111110001111111
1101111111111010
1011111011110111
1111111110111100
1110111110010111
1111111010110110
1110111011111010
1111100111111011
1111111111101111
1110111010110111
0011111011111111
1011111111010111
0110111110111111
1010111111111110
1011101111110110
1011101101111100
1111111101110101
1111101101111011
0111110111110111
1111110111011110
1111110111111010
1011111101110111
0111111001111011
1110111111011001
1101110011111111
1111110111110101
1111111100111111
1111101111110101
1110111001111111
1111110111011101
1111101110111111
1111111101011111
1111011111111111
1111110011110111
0111111010111110
1011111111111010
1001111011111110
1111111110111010
1110111011010111
1111101111011111
1110101011111111
0011101111111011