1101101101101111
0100111111111111
1111100110111111
1111011111110111
1111100111110111
1110011110111111
1111111111111110
1110111101111101
1111111010011101
1111101111001011
1011111111101101
1101111111110111
1111111011010101
1111111100100111
1111101010111111
1111111101100101
1011101111011111
1011011111111101
1000111111111111
1011111111000011
1101111110111101
1111101111111101
1011111110110111
1011111011111011
1111011111101101
1110101111111111
1111111000111111
0110111101111111
1110110110111101
1101011111111001
1111001111111011
1001011111111111
1111111111000101
1110111101111011
1010110111111111
1111101111100111
0111101110011111
1110011011111111
0011111111111111
0111101011111111
0111111101011111
1111100111101011
1111011111101011
0111011111111111
1110111111110101
1111111011110001
0111100111111111
0111111101101011
0101111111101111
0101101100111111
1111001101111111
1111111011011001
1110111111011101
1011011011111111
1011110111100111
1111111101010111
1111011101111001
1111110110110111
1111101100110111
1010111111110011
1111101011011111
1010111111111101
1111010010111111
1101110111111111
1111011111011111
1100111111111001
0111111111101001
1010111010111111
1111111110010111
1111010111111101
1110111111101111
1010111111010111
1111100011111111
1101011101111111
0111111111110111
1101111111011111
1110110011111101
0111111101111101
1111111111100001
0110111110111111
0111101111101111
1101111011111111
1001111111101111
1111110111011111
1011110110111111
1111101101011111
1110110111111011
0111111001111011
1111101110001111
1011111110011101
1111111101101001
1011001110111111
1111110101111111
1111110111110101
1011010111101111
0111111111011101
1011111101111111
1111011001111111
1111111011101111
0101111111111101
1111111110101101
1011111010011111
1111111110111011
1010011111111011
1110011111111001
1111111101011001