1011011111111111
1111111110011011
1101101110111101
1010101111111011
1001111110111111
1111011111011111
1110111111111110
1111101111111100
1111000111111011
1110101111111101
1110111110111101
1111101111010111
1100101110111111
1111101111011001
1111111111101111
1110011101111111
1111011101111110
1101011111111011
1111100101111110
1101100111111011
1101110111110111
1111101110011111
1011110101111111
1011101111111001
1101110111111001
1011111110110111
1011111110111001
1110111111110011
1100111101111111
1111111100111011
1110111100011111
1111010101111111
1101110101011011
1111110111111010
1001111111110011
1111101101011111
1111011110111111
1001111111111101
1100111111011001
0111111111111111
1111011111111101
1011111111011111
1111100111111101
1110101111011111
1001101111111011
1010111101111001
1011101101111111
1111111011111111
1111111111110110
1111111101111000
1111111110111000
1111111101110111
1111010111110111
1110101111110111
1010110111111111
1111110111011101
1101111101111101
1111111111011110
1111110110111111
1100100111111111
1111110111111100
1011100111110111
1111101101111101
1111111111110101
1101101111111001
1110110111011011
1100101111111011
1111111100111110
1110101101111111
1101111111111110
1011111101111100
1111001101111111
1101101111011111
1111111111010011