0111110111011111
0101111101111111
0111111111111011
1111011101110111
0111101101011111
0111101111011110
1111111011110111
1110111111111111
1111111101111101
0111110111111110
1111001011011111
1111011111101110
1111101111111101
1011011101011111
1111111101111110
1111111111010111
1001011101111111
1011011111101011
1011110111110011
1111011001101111
1111111011111101
1111111111110110
1011101111101111
1011110111011011
1011010111111110
0101101111111111
1111010111011010
1111011011111110
0111011111111111
1011111011111111
1111101111111011
0101111111101111
1011111101101111
1101001011111111
0001110111111111
1111111111011100
1111011111111001
1111111111101101
1101110111111110
0111101101101111
1111111011111011
0011111111011110
1111010111111101
0111111111110111
1101111111011111
1111001101011111
1101101111111110
1101001111101111
1111111110111111
1101111111111011
1011111111111101
1111110011111110
0101111011111111
1101101011101111
1101011111110111
1101110011111111
1111110101111111
1111110111110101
0111111111101110
0111111111011101
1111111111001111
0101111111111101
1101111001101111
1111100111111111
0111111011011110
1111111111111000
1111101111110111
1001101101111111
1011111101110011
1111101011111110
1101010111111111
1111110111101111