1011111011011111
1111110011111111
1011111111111100
1111111001111001
1110111111111111
1111111011111010
1111110111011001
1111110111001111
1011110111110001
1111111111001011
1111110111010101
1111101111111111
1111111110111111
1111111101111110
1011111111101110
1111111011001111
1011111101111001
1111111111101100
1111110101101111
1111111011011101
0111111111111111
1011111111110110
1011111111100101
1011111111001111
1011110101111101
1111111101110111
1011110111011011
1011111001101101
1111111101011111
1111011111111111
1011111111011101
1011111111010011
1111110111110010
1111110101111001
1011111111111010
1011111001111011
1111111011110001
1101111111111111
1111110111100101
1111111111101001
1111111111100110