0101111111111110
0011111111110110
1110111111111111
1111111101110011
1101111111110111
0111101111111111
1101111011101111
1111111001101111
1111111101111110
0101111111101011
1001111111111101
1111111111010111
1011111111011111
1111110111111111
1011111011111101
1011101101111111
1111111011111110
1111111101111001
1101111111111100
1011111111110100
0111111111111101
1001111111111011
1111101101111101
1111111001110101
1011101011110111
1011111001110111
1111111111011100
1111111111101101
1101111111111010
1101101111111111
1111111011111011
0011111111111011
1111111011011111
1101111111011111
1011101111110101
1111111110111111
1111101001111111
1101111101111111
1111111111100011
1111101111101111
0011111011110111
0111111101111111
1011111111111001
1011101111111110
1111101011111101
1101111111101110
0111111111001011
1111011111111111
1111111111111000
1011111101111101