1010011101111111
1111111110011011
1011101101111011
1111101111111100
1100111111110111
1101111111110110
1111101100111011
1110011111110101
1000111111111111
1111101110011110
1110101111111110
1111011110111111
1001111111111101
1111111111010111
0111111111111111
1011111111011111
1111110111111111
1111011011011111
1011111110111111
1110111101111010
1100111111111100
1110111111011111
1101011111111111
1111011011111110
1110011011111111
1010111011111111
1110111111110110
1101101111110111
1110111010111111
1111111111011101
1111111010110101
1011111111110011
1111111011111011
1111111110111100
1110111110111101
1111111010110110
1111111111101111
1101111101011111
1111111111011010
1111011111111011
1111011101111110
1011111111111110
1100101111111101
1010101111110111
1111101101111010
1101111101111110
1011011011110101
1111101111110101
1111111001111110
1111111101110111
1111111111111001
1110101110111111
1111001111110111
1011011101111101
1101101100111111
1101101111111010
1101111110110111
1100101111111011
1010111101111101
1111111100111110
1111101011111111
1101111101111011
1110111110111010
1111101110110010
1110011101111101