0111111111111011
0111011111111101
1111111111111110
1111011111101111
0111111111100111
1111101110111011
1110011111110101
1011011111110011
0110111111011111
1111101111111101
1111111101111111
1111111111010111
1111001111111011
1111110111111111
1111111011111111
1110111110110111
1111111111101011
0011111111111111
0110011111111111
1101111111111111
1110101111111011
1111111110011111
0111101111110111
1110011111011111
1010111111110011
1010111110111011
1011011111011011
1011111111111101
1111101111101111
1111111110101111
0111011111110111
0110111111101101
1111111111111001
1110101111110111
1011111111100111
0111011111011111
1010001111111111
1010101110111111
1111101111011111
0110111111110101