0011111110111111
1011111011011111
0111111110011111
0111101110111111
1111111111111110
1011111110111011
1111110110011111
1110111111111111
0011111111011111
1111111111111101
0111110111111111
1111111011101011
1111111111011011
0111111111110111
0011111111101111
1011111011111011
1111011111010111
0111101111101111
1111111101111111
1111001111111111
1111011011110111
1111111110101111
0011101011111111
1111011010111111
1111011011011111
1111111111001111
1111110010111111
0111111110111011
1111100111111111
1111101011100111
1111011110011111
1111110111110011
0111111011011111
1111011111101011
1111111110110111
0111011111111111
1011110111111111
1101111111111111
1011111111110111
1011111011101111
1111010111111111
0011101111111011