1110100111110111
1111110011101110
1110110011101111
1011101101111011
1111111011110111
1111110110011111
1111111111111101
1111101100011111
1111011101101111
0011011111111011
1011110011111111
1111110111010111
1111011011111011
1111110100111111
1111110111001111
1111100111101111
0111110111100111
1111011111101110
1111101101110111
1011111001111111
0111111111011111
1111010011111111
1111111010111011
1111010111111011
1110111111010111
1111110101101111
0111111111111110
1111001111111010
1111011010111111
1111011011011111
1111111101111010
1110111101111011
1111111111110110
1011101111101111
1011010111111111
1011001111111011
1110111111101011
1111011011111110
0011101110111111
1110110101110111
1111111110110111
1010111011111111
1110110101011111
1101111111111111
1110101101111111
1110101111111011
1011111111110111
0111101111110111
0110111111111111
1111111101010111
1111111101100011
1011011111101111
1110011111011111
1111110101111011
1111011111011110
1011111010111111
1111100111011111
1111111001111011
1111111001011110
1110011101111111
1011110111101011
1111101111100011
1111111111011011
1110111101101110
1111010111011111
1110011111111110
1011111110011111
0011111101111111
1110111011011111
1011111111111110
0111011011111111
0011011110111111
1111111110111110
1110111110111111
1111110111011110
1011111101101011
1011110110111111
1111101111101110
1011111101011111
1111101101101111
1111111110101111
0111110111101011
1010101111111111
1111000101111111
0111110011111111
1111100111111110
1111001111110111
1011011110111011
0111011111101111
1110011111111011
1110111011101110
1110010111101111
1111001110111111
1111001111011111
0111011101111011
1111011011101111
1111110011011111
1111011111100111
1111101011111111
0111110111110011
1011111011101111