1110001111111111
1111111011110111
1111111011111011
1111111111110011
1111111111111100
1111011111101111
1101111111110111
1111111011011111
1110111101101111
1101111111011111
1011111111111111
1111111110111101
1111111101111110
1110111110111110
1111011110111111
1111101111101111
1101111110101111
0111111111111111
1111110111111111
1111111111110110
1111111111111001
1111111101110111
1110101111110111
1111101110111110
1101111111101110
1110111111011111
1111111111101011
1111111011101110
1111111101011111
1101011111111111
1110011011111111
1101101011111101
1111101101111101
1111111001111111
1101101111111010
1111111111110101
1111111111001101
1100111111111111
1101101011111110
1111111101111011
1111111110111011
1110101111111010
1110111100111111
1111111110011111
1111101111011111