1111110111010110
1101111111110111
1111011110111101
0111110111111111
1101011111111011
0101111111011111
1101111110111101
1110111111110011
1111101111111111
1111111101111110
1111010111111011
1110111111010111
0110111111111110
1110110111111111
1100111111111110
1110111101111011
1111111011111111
1100111111111101
1111111111101011
0111111111111100
1111011101111011
0111111111110011
1100011111111111
0111111110111011
1111111110110111
0111011111111111
1110111111110100
1101111110111011
1111111111011101
1110011111110110
1111110110001111
1101110111111110
1111011111011111
1111111111101110
1110011101111111
0110111111110111
1111111111011011
0111111111110110
1111111101101111
1011111111111111
1111111110111110
1110111110111111
1110111111101101
1111011111111100
0111111101111111
1111011101111101
1111111111100111
1111110101111111
1111111111111010
1111111111111001
1111111110101101
1101111101111011
1101111110011111