1011011101111111
0111011101111101
1001101111111111
1010101111111011
1101111110111111
1110111101111110
1011110111111011
1111111111110011
1100111101110111
1111111111111100
1111011111101111
1011101011111111
1111000111111011
1101111111110110
1011110011111111
1111011110111101
1111101000111111
1101011011111111
0111111111111001
1101011111111011
1010011111111101
1101111101101111
1001011111111101
1111101101110110
1111101111111101
1111111011110101
1111111011110110
0111110011111101
0111110101111101
1011111111101110
1011100111111111
1101101111101111
0111111111111110
1111111100101111
1110001111111011
1111100010111110
1011111111110110
0111011100111111
1010111111110111
1011101101111110
1011111110111111
1011110111111101
1111010100111111
1110111011111111
1111111111011111
0101101111111111
1100011111111111
1011011111110111
0011111111111111
1110110111111101
1011111101101101
1111111110110111
0111100111111111
1111111101111011
1110010111111111
0111111001111111
0111101111110111
0110111111111111
1011011011111111
1111111010101111
1101111111111010
1100111111111011
1101110111111111
1111111011111011
0111110111110101
1111001011110111
0111111101110111
1110011101111111
1110111111101111
1010111111111110
1001111111101101
1110111101110101
1100101111111111
0111110100111111
1110111110111111
1111101001111110
1110110111111010
1111111111100111
1110110101111111
1111110101111110
0111001111111111
1111111001111101
1111000101111111
1111010111110111
1110101111110111
0101011111111101
1111001101110111
0111111011110111
1111011111111110
1011011111111001
1111001110111111
0111111010111111
0111011111110101
1001111011111110
1100111111110101
1111111110111011
0111111111101111
1111111100111110
1001111111110111
1111110111101111