1111011111110111
1111111001110111
1110111111111110
1110111101110011
1110111111111101
1111111111111100
1001111111111111
1100011011111111
1101011011111110
1110011011111011
1111101101110111
1111101111111101
1110111011110111
1111111111010111
0111111111111111
1111110111111111
1011111111011101
1100101111110111
1010111011111111
1111111011110001
1111101111111011
1101101011111111
1110101101111111
1111001101111110
1111011111011111
1101111011111101
1111111001111011
1111111111101111
1111111101011011
1110111011011111
1011111111111110
1100111101111111
1111111110111111
1101111111111011
1111001011111111
1011101111111111
1110111001111111
1011111101111111
1111111101011110
1101111011011111
1111011001111111
1010111111111011
1111111101110001
1011011111111011
1111101111011111