1111011111110111
1111111110101011
1001111111011111
1111111011110111
1110111111111111
1111111111111101
1111111110010111
1111111111011011
0101111111110111
0111111111110110
1011111111010111
1001111111111110
1011011010111111
0001111111111011
0101111111011111
1111011011101011
1101111011111111
1111101111111111
1111111101111111
0111111110101110
1011111111101111
1001111111110011
0111111110110011
0111111011111011
0001111110111111
1101111111100011
1111110111111111
1111011011011111
1111111111111010
0101111110101111
1111111011111110
1111111110110110
0111111011001111
0111011111101111
1101011111111111
1111011111111110
1101111110011110
1011111111011110