1111101011101111
0101111111111110
1011011111111111
1110111111111111
1101110111110101
1101111110111111
1111111101111101
1111011111101111
0111110101111111
1111110111010111
1001111101111111
1111011110111101
1101110111101101
0111101111111110
1111011100011111
0111110111011101
1111110111110110
1111101111111101
1101101111101110
1101001111111111
1111011010111111
1111111110110101
1111111011111101
1111101100111111
1111111111011110
1101011111111110
1111110110111111
1111111010100111
0011111111111111
1101111111100100
1111110101110111
1011101011110111
1111110101011111
1101101111110111
1111000111110111
0111111001111111
1111001101111110
0111111111001101
1101011111111101
1111110001111111
1101110101111111
1011110111001111
1011110111110111
0111111011101111
1111111100010111
1111111011011111
1111110111100111
0111111110111111
1111100011111111
1101111111011111
0111111111110111
1011111110011111
1111111101101111
1011111111111110
1101111011111111
1111111110111110
1111010101111111
1101111101111110
1111101110110111
1011110111101101
1101011111110111
1111001011111110
0111001111111111
1111111111111011
0101101111101111
0111110011111111
0111011111011111
1111011001111110
1111111111010101
1011111110101111
1111111110101101
0111100111101111
1011101110111111
1001110111111111
1111010111110101
1111101111011111