1111100110111110
0111110111011111
0011111111110111
1111111010011111
1110111111111111
1101111110111111
1111101111111100
1011110111111011
1111111111110011
1111110111010111
1011101111011110
0101111111111001
1101110111110111
0111110110111011
1111111101111111
1011111111101111
1011100111111110
1101101111101111
1111111110011110
0101111111010111
1111111110110101
1111111011111101
1011111110111111
1111111110110110
0111110110110111
1101100111111111
1111110111111100
1111100110011111
1111101111111011
1101101111110111
0111100111111111
1111110111011011
1101111111111110
1111111010111110
1101110111101111
1111111111011101
0111101111110111
1111110011111111
0111111110011111
1011111011110111
1111111011111011
0011111111011110
1111111111101110
1111111111011010
1111110111111001
1011101111110111
1111110111011110
1101110111011111
1111110111111010
1011111111111101
0111111110111101
1111111110101111
0101101111011111
0111110111101011
1111111110111001
0111111111101101
0111111011110111
1111011111111111
1101111011000111
1111111111111000
1111111110111010
1111101011111111
1111101110111101
0111101111001111
1111111011010110
0111110111111101