0011111110111111
1101101101101111
0111111111111011
1111101101101011
0111111100101111
1111111111111110
1110111111111111
1101111110111111
1111001111101111
1111101111110011
1011110111111011
1111000111111011
1011111111100011
0111110111111111
1111111110100111
1011111110110111
1111011111101101
1111111111110001
1101111101110101
1111110101101111
1001111111111101
1101001111111111
1111101111100101
1101011101110111
1011101101111111
1111111011111111
1111010101110111
1101111111110011
1111001100111111
1111111111011111
0111111111111101
1101100111111111
1111100111101011
1111101101111101
1101010111101111
1101010101111011
1101101111101011
1111011111111001
1001011101111011
1111100110101111
1011110111110111
1111010110111011
1111011110101111
1101011111101011
1111110111100111
1001010101111111
1111101101100111
1111101100101111
1111110111111001
1111001110111011
1111111110111101
1011101111110111
1001111111101111
1011111101110111
1011110110111111
1111101110110111
0111101101110111
1101110111101011
1111111101101001
1111100111111101
1111110111110101
0111001111111111
0111011111110111
1111011101101011
1101011101101111
1111110100111011
1101011111110101
0001111111111111
1111011111100111
1011111101111101
1001111111110111
1111100100111111