1111011111111001
1101011111111101
0011101101111111
0101111111111111
1011011111111111
1010111111111101
1111111111111110
1111011111011111
1101110111111111
0111111111011001
1011101011111111
1101111111111001
1111101110111011
1101101101011101
1001111111111111
0111111110111111
1111111101011011
0010111111111011
1110111111101111
0111111011111101
1110110011111001
1110011111111111
1111101111101101
1111100011111111
1011101111011111
1101011111111011
1111110100111111
1110111111011011
1111010101101111
1111110110101111
0111011101111111
1111111110111101
1011101111111001
1100101111111101
1110111101111111
1111111100111011
1101111010111011
1011110011111001
1011101100111111
1011111111101111
1111110111011111
0110101111111101
1111011110111111
1010110110111111
1111001111111111
1111111100101111
0111010111111111
0111101111011011
1010101111111111
1111111101001111
1111111111110111
0111110111111011
1101101010111111
1110101110111111
1111110101101101
1110101011111101
0111101101111011
1111111111101011
1101111011011111
1111111011101111
0111111101111001
1110110010111111
0111101011111111
1101111111101111
0111111011011111
1111110101111001
0111110111101101
1111111001111111
1011110101111011
1101101111111011
1111111111001101
0111100111111111
1011110110111011
1011100111111011
1111111110011111
1100101111011111
1110111111011101
1111011011111101
0011110111111111
1010111111011111
0011101111111011