1110101111101011
0101111111111110
1111011111110111
1111110001111111
0110111011111110
1101110111111110
1101111011111110
0110111111101011
1101101101111110
1111111101111101
1111001111101111
1111101111110011
1101111101001111
1111111001011111
0101101011111111
0110111111110110
0111111111001110
1111111111011011
1111010011011110
0101111111001111
1011111111111111
0110101011111011
1110111011011111
1101110111110111
0100111111011111
1111011111101110
1111111011110101
1110111101111111
1110011111101111
0101011011111111
1101101111111101
1100101111111111
1111111110111111
0111110111110110
0110101111101111
1101111111111011
0110101111111101
1111010111111011
0111001011111011
1111111111010111
1110011111111101
1111011111111100
0111111101111111
0111111111110101
0111010111111110
1111111111100111
1101110011111111
1101111111101101
0110101011110111
1111110111110100
1100011111011110
1111111111111010
1111101111110100
0111101111101100
1111111101110111
1111111111111001
1101111111111100
0110011111011111
0111011111011110
1101111111101110
1110101011111101
1111111101011110
0100111011111101
1101111011011111
1111111011101111
1111110011110110
1111100111111111
0111111011011110
1101111001111111
1101110111111101
1101101111110111
1111111101111011
1110111011111100
1110111011110011
1101111111110101
1111101111011111
1110110111111110
1101010111111111
1111001101111111
0111110111111100
1110101011111110
1111110111101111
1111111111011101
1110110011111011
1101011011111101