1111100110111111
1111110110110111
1111100111110111
0110111011111111
1111110111111011
0111101110111111
1101110111111110
1101101111111111
1100111011111110
1011111010111110
1111111111111101
1111111011111010
1111111110110011
1011110011111110
1101111111110111
1001111111111111
0101111110111011
1010110111101111
0011111111101111
1111110111110110
1110111100110111
1010111111111110
0111110010111111
1110111111110011
1111101111111110
1111111101111110
0111110111110111
1110111011110110
1110101111111111
1110111110111110
1011110110111111
0111101011110111
1111101110110111
1110110011111110
1111101111101111
1111111110101111
0111111111111110
0111111011111011
0111111101111111
1100110011111111
1011111111110110
1111110101111111
1111101101111111
0111111011100111
1101111100111011
0110111111101111
1010111110111111
1111101011110011
0101110111111111
1111111111101011
0010111111111111
1111111011101110
1110110110111111
1111111111011111
1110111011101111
1111011111111111
1011110011101111
1101111111101111
1010111101111111
1111111001111111
1010111011111111
1101111110111010
1110111110111011
1110111010111111
1111111111100110
0011110111111111
0011101111111011