0101111101111111
0011111111110111
1001101111111111
1110111111111110
1111110110011111
1111111111111101
0111110111111110
1111101100111011
0111101101111111
1111101010111111
1101011011111111
1111110100111111
1101110111110110
1111101110011111
1111101111111110
1111111101111110
1100111110111111
1110111100011111
1011011111111110
1111011110111111
1111111111010111
0111111111111010
0101111111111011
1011111111011111
1011111111110110
1011111110111111
1110101100111111
1111111111011110
0101101111111111
0111111111110011
1010011111110111
1110011011111111
0110111111011011
0110011111111111
1011111011111111
1011110111111111
1110010111111111
1111111010111110
1110110110110111
1111110110110110
1111110011111111
0111111110011111
1100110111111111
1110011111011111
1111011101011111
1100101101111111
0101010111111111
1101111011111110
1111111011111011
1111111010110111
1111111111101111
1110111101011011
1111111011011111
1111011111111010
1100111101011111
0111111111110110
0100111111110111
1110101101111011
0111110111110111
1110110111111011
1101011111110111
0111011111110111
1101011111011111
1101111011110111
1111111101110111
1011111101111111
1110011111111011
1111100111111111
0111111010111111
1101101100111111
1101110111110011
1111001111011111
1011111111111011
1111101111110111
1111111110111010
1111010101111011
1110111110111011
1101101101011011
0110110101011111
1101001111111011