1011111011011111
1111111001110111
1110111101111101
0111111111010111
1111111011111010
1110111011111011
0011111111111011
0111111011110011
1111111101011010
1111111101100100
1011111101111011
1011111001111111
1110111111111100
1111111011110110
1111101111111111
1111111110111111
1011111111101111
1111111111100011
1011111111011010
1111111111010110
1011111101011111
0111111111111110
0111111111110101
0010111111111101
1111110111111111
1011111111111001
1110111111111010
1111111101111001
1111111001011011
1110111111011111
1111111101101011
1111011111111111
1010111011111111
1111111011111100
0111111111101111
1101111111111111
1111111011001011
1011111101111100
1011111111110111
0110111001111111
1111111111011101
1110111111100110