0111111111111011
0101111111111111
1001111111011111
1101111110111111
1110111111111101
1111101011110111
1011011111110011
0110101111111110
0110111111011111
1110101101110111
1110011111010111
1011111001111111
1111111100111011
1110111011110111
1110111100011111
1011111101111001
1011111111011011
0111111011111111
0110111101111110
1111111101011101
1111111111010110
1111011010111111
1111110111111111
1100111111111110
1111111011111110
1010101101111111
1110101100111110
1101111111011011
1010011110111111
0111111111111101
1001111111111011
0011111111111111
1111111110110111
0110011111111111
1101101111110110
1011011111011111
1111101111111011
1101011111111101
1011011111110101
0111111110011111
1111011101011111
1011111110111011
1011111011110111
1111111011111011
1111111111101111
1110011101111111
1111001111111101
0111111111110111
1110111111011011
1011111111111110
1101101111111101
1101111011111111
1100101111111111
1011101100111111
1101111101111111
1111101001111111
1111111011011101
1111111111011001
1101011111110111
1111011101110011
1111011101111101
0111001111111111
1111111111111010
1110101111110110
1110111001111111
0111011111011111
1111111111010101
1111011111111110
1010111010011111
1111111100111101
1101111111110101
1011111101110011
1111101110111101
1111111011010111
1111101111011111
1111011100111111