1111001111111110
0101001111111111
0101011111110111
1110101111110011
1111111111101111
0111110111111111
1110011111111111
1111011111110001
0111101111010111
0110101111111111
1111110111111001
1011111111111111
1111001111011011
0110111111011110
0101111111011110
1111111110111101
1111100111010111
1110111111111100
1111000111111101
1111111101111111
1101110111011111
1110111110111111
1101111111111011
1110111111010111
1110100111111101
0111111111110101
1101111111011101
0101101111011111
0111011110111110
1111110111111110
1111110111110101
1100111111111110
0111011111111001
1111111111111010
1111100111011011
1111101111111001
1111111011111111
1111111111110110
1111010111110111
1111101110111111
0111011111011110
1111101111010011
0101111110111111
0101101111111110
1111010111011011
0111111111110011
1101011111111110
1111110110111111
1101011111110101
1111011111010011
1110111111110101
1101110111111101
1111111110011111
1110111111011101
0101101111110111
1111111111011100