1101011111111101
1011111011011111
1111111111111110
1000111110111111
1111011111101111
1011111111101101
1011010011111111
1110110111100111
1100101110111111
1111010111111101
1101011110110111
1111101111101101
1101111111011111
1011011111111101
1111111110111101
1011111110110111
1111111111000111
1111011111010111
1101111011111111
1111111101111111
1001111111101111
1110111011110111
1010111110001111
1011010110111111
1000111111111101
1111110111011111
1110111111010111
1111001111111111
1111011011110111
1101111110101111
0111111111111111
1100011111110111
1110011011011111
1101111111101101
1111011010111111
1001011111111111
1101101110110111
1111111111111011
1011101111111111
1111111011111101
1001110111110111
1010110111111111
1110101111110111
1011111111110101
1110111110110111
1010111111100111
1110110111101101
1111100110110111
1111111011101111
1011110111101111
1010111111011101
1101110110111111
1111111111100101
1111101110101111
1110111111001101
1011011111011111
1101111111110101
1111111011010111
1101100111100111
1100110111101111
1110101011111111