1111011111110111
0111101101011111
1011011111111111
1101111110111111
1110111111111111
1111111111111101
1101111111110111
1011111111100011
1011111101111011
1111101101001111
1111110111110111
0111011101111111
1111101110011110
0011111111010111
1111011110111111
1011111111011011
0111111111111110
0111111011010111
0011111111110011
1111110110011011
1111011011111111
1111011101111011
1101011111111110
1111011111101011
1111111110110111
0111111111011011
1111101111111011
1111010111111111
1111111101010110
1111111111010010
1111011101011111
1101110111111110
0111111101010111
1101101111111111
1111111011111011
1111111001011111
0111111110111111
1111111111101110
1111011111111010
1101011101111111
1101111111011110
1011111111111110
1111111111000111
1101111111111011
1011111001101111
0101111011111111
1011111101011111
1111110101111111
1011111011010111
1111111110111010
0101011111111111
0111111111101111
1011110110011111
1111111100111110
1111101011111111
1111110111101111
0011111001110111
1111011111001111