1011111011011111
0101111111111111
0111111011111110
1111110011101110
1111111111111101
1111011111101111
1101111111110110
1111101111010111
0111110111111111
1001111110101111
1101011001111111
1111110110111011
0111101111111111
1101011011111110
1111111110100111
1111110111110110
1111100111101111
1101110111110111
1011111001111110
0111111111011111
1111111011110110
1111010011111111
1110111011110111
1111110101101110
1010011111111111
1011111111011010
0111111111111010
0011111110111011
0111111011111011
1101111011001111
1111111101001111
1101111011111011
1011111010111011
0011011111111111
1111111010110011
1111111111101011
1101111111011011
1001111111111011
1110011011111111
1011110111111111
1101101111110111
1111111101111011
1100111111111111
1110010111111110
1110101101111111
1001111111001111
1011111111110111
1111111110011111
1011011011111111
1111110001111111
1101110101111110
1111011101011111
1101111111111010
1111011111011110
1101101101111111
1110110111100111
1111100111111011
1110011101111111
1101111101011111
1110111101101111
1011011110111111
1111011111111011
1101111111011110
1111011101111110
1110101111100111
1111100101111111
1110111011011111
1111111100110111
1111111111000111
1111111110111110
1111110111011111
1111111011010011
1111101111101110
1011111101011110
0111111101111111
1110110101111111
1101110011111111
1011101111111111
0110011111110111
1110111111111011
1111101111110110
1101111011110111
1101101110111011
1111010111110111
1101111111101110
1110101110111111
1111001101110111
1111100111111110
1110111101011110
1111110011110111
1001111011111111
1010111101111111
1101101111001111
1111111111001110
1001011111011111
1110111111001111
0111111111101111
1111101011111111
0110111110110111
1110111100111111
1101010111111110
1111101110110011
1111011100111111