0111111111111011
1101101101101111
1100101111101111
1111100111001111
1111001011111011
1110101001101111
1010101111111011
1110110001101111
1111111111111110
0101011111001111
1110111111111101
1101111111101011
1110101110111011
1111101100111011
1111010011011111
1011101111011111
1000111111111111
0011111111101111
0111100101111111
0111111110101111
1111101110011101
1111111000111111
1010100111111111
1001011111101111
0011101011111111
0111101011011111
0111110011101111
1001011101111111
0011111111111101
1101110101111011
1111011010111111
1101011101011111
1101111001001111
1001111110111011
1111111011111101
0011011101111111
1111111111110111
1101111111111101
1101101010111111
0100101111111111
1110111111011111
1011111100101111
1011010111111111
0111011101011111
1110111111101011
1011001101111011
1111110110111111
1101001111011111
1111110111111101
1101010111101111
1111101110001011
0111111100111101
0111001101101111
1111000111101011
0111110011011111
1011011011111111
0011101101111111
1011111110011001
1100110101111111
0110110111101111
1001111101101111
1011111011001111
1100111011111111
1111111001111011
0101110011111111
1011111100011111
1110011111111111
1111100011111111
0010111001111111
1011111101011101
1111101010101111
0111011011111111
1101111100001111
0100111101101111
1101011110111111
0111111010011111
1111001110011111
1111011111111101
1011001110111111
1111100101011011
0110110011111111
1011111100111101
0111111111101101
1011111111001101
0100111100111111
1001111101111011
0101110101111111
1011101101101111
1101110011001111
0001111111111111
1101101100111111
1011011110101111
1101101111111011
1001101101111111
0111011110011111
1101010001111111
1111011001001111
0111101111001111
1111011100111111
1001111011011011