0111010011111110
0101111111111111
1011011111111111
1110011110111111
1111111110000111
1011111011110111
0111110110111100
0111111011101110
1111010011110111
1101111111001110
1111011111101111
1101111111110110
1010110011111111
1111111110100110
1110110011001111
0111111111110110
1111110011111101
1111111011011110
1111110111001110
1111110111110110
1101110111110111
1001110110111101
1100111110111101
0111111111011111
1111010110111100
1111101111111111
1111111101111111
1011111111101111
0010111111111100
0011111110110101
1111111011100111
1101011111110111
1101111010101111
0110011011111101
1111111111111011
1100111111111110
1100011111011111
1110111111110111
1011110111111110
0111111111101101
1111111010111100
1111011010111101
1001110111011111
1101010111111100
1101011110111101
0110010111111101
1101111110100111
1110110010111110
1101111111100101
1101110110111110
1110110111111100
1110111110101100
0111011111110101
0111110011110111
0111110110110101
1011110110011111
1101111010111110
1110010111111110
0111111010111101
1101111011010111
1100110111101111
1111111111011101
0011110111111111