1111011111011110
1110111111111111
1001101111101111
1111111011011111
1111011100111100
1101011101111110
1101111111011110
1011001110111101
1101111110111101
1101011110101111
1111011111101101
1101111111111011
1111101001111111
1101101111101110
1111011101001111
1101001111111110
0111111111111111
1111101110101101
1101111101101100
1111110111111111
1111111011111110
1111011101101011
1111111111110111
1001101101011111
1011001101111111
1001011101111101
1001111111011101
1111011101011001
1111001110111110
1011111111111011
1101101101111101
1111001101101111
1111101111111011
1001111100111111
1111111010111111
1111101110111100
1111111110011111
1011111011101111
1111111111101000
1011011011111111
1111111111011100