0100111111111110
1011111011011111
0110111111111011
0010111110111111
1010110111100111
1111110100111001
1011110110101111
0110111011111111
1011110101111001
1111111101110011
1110111111111101
1111010011111001
1111111111111100
0111111111100111
1101101110111110
1011111111000111
1010110111111011
1101111111101011
1111011110110011
1011110101011111
0111101111111111
1111110011001110
0011111110111101
1110110011001111
1111110001110111
1010011110111011
1111111110100111
1110111001101111
1011011111111101
1011111001111111
0101111111011111
1110111001010111
1011110011111001
1101010111111011
1110111010111011
0111111111111010
1111111111010110
0011110111010111
0011111111110011
1001111110111011
1101110101010111
0011110111101011
1111101111111001
1011101111101111
1111101100111111
1010010111111111
1000110111011111
0111111011001111
0110110111010111
1100111101011011
1101111111011010
0111010011110111
1110011011111110
1101100111111111
1111110001111101
1111110011100011
1011100111110111
1101110101111001
1110111001011110
1100101111110111
1111110001011011
1100111101000111
1011010111100111
1111111111110101
1101101111110110
1110110111011011
1110010110111011
1110101101111110
1111111110011111
1111010111111110
1101101111011111
1101110111101111
1111111111011101
1111010011010111
1110011111110111
1110110011111010
1101011111110011
0011111011111101
1110110111000111
1111111110101011
1110110101111011
1111111111101101
0011111010111011
1111101111011010
1101110101111110
1100110111111110
1000111111001111
1011110111001111
0101010111111111
1101101101111111
1100111101111010
1001101110111101
0110110110111110
1111100111011111
1110110011011110
1110111001111011
1100111110110110
1010111010111111
1011110110111001
1011010011111111
1101111101011110
1111111101011010
0111111111001110
1110111111101110
1011110101101011
1111011101111111
0100111111110111
1011111111111110
1110110011100111
1010101111110111
1101111011111111
1011111010111101
1011111101110111
1111101011000111
1010110110111111
1111001111111111
1110110110110011
1101111110101110
1111101101101111
1101011111110110
0111111101111111
1101111111010011
1101110110111001
1111100111110011
1101110100110111
1110101111011110
0111111111010011
1100011111011111
1111110011011010
1011111100111111
1111111101110110
0111110011111110
1101011111101111
0011110011101111
0001011111111011
0111011111011111
1110100111111111
0111111111001011
0101111111110011
1101101111100111
1010110101101111
1100101110101111
1010101101011111
1100110111110011
1111100011101110
1111011011101111
1011110011110011
1110101111000111
1111111000111011
0011011111101011
0111111110110111
1110011111001111
1111111011100010
1111101111101011
1010111011101111