1101111001101101
0110111111111011
1111100111110110
1011011101111110
1111110111101010
1110011110111110
1110100110111110
1111111011110111
1101111100111111
0111101111100101
1111111101111100
1101101110111110
1011111111100011
0111110111111110
0111111001111101
0111111011111100
1011011111110011
1010111101111011
1000111001111111
1000111110110101
1110111111110011
0101111011101111
1111111111110000
1001111111110011
1010011111111110
0100111101111111
1111001111110101
0101111111111011
0111111011111010
1110110101110101
1011011101101011
1111111110110100
1111001010111101
1111101101111111
1001111110111011
1010111101110101
1100111101111101
0100110111111111
1101101010111111
0011111111111110
1111111111011111
0110111111111101
0111111111110011
1011011011111101
1101011111111111
1111111001101010
0110101011111110
1011001111101111
1011111011111110
1011110111111111
0111011111111110
1111101111111011
1110111111110110
1111001111101100
1001101110111111
1011111100110101
1101101111110111
0011011111111001
1110111011111100
1111010111111111
1111111111101000
1010111101101111
1111111101100010
1010011111110101
1111110011111111
1011111111111100
1100111011111110
1011111010111111
1111111110110011
1101111111111000
0101111111101101
1011011111101101
0111111100111110
1111110111100111
1110011101111111
0110111111110111
0111111101110111
1110111101101110
1011011110111111
0010111001111111
1111011101100110
1110110111111010
1001111001101111
0111111001111011
1110110110111100
1111111110101111
1110101111100101
1111011101111101
1111100111111101
1110001011111111
1010011011101111
1011111111100110
1011101111100101
0101111110111111
1111001111110110
0111011111101111
1010001111111111
1110011111111010
1101110110111111
0000111111111111
0111111010111111
0011111111101011
1011111111111010
1011111001111011
1110111111111001
1111111110111010
1111111101110001
1101111101111010
1001111101101110
1110111110111011
1001101111101101
0111111110110111
1010011111111011