0101111111111111
1111111111111110
1011010010111111
1101101110111111
1111010011011111
1111101011101101
1110011100011111
1011011111110011
0111111110010111
0111001111111101
0110100101111111
0111101111110011
1010011111111111
0011111101111101
1001011111111111
1001111110111011
1101110110011111
1110101111111001
0111110110011111
0110111101011111
0111011011111011
0110011111111111
1101010111101111
1111011101010111
0111110100111011
1100111111111111
1111011111111001
1101011111110011
0111001011111111
0111110101101111
1111010000111111
0010111111011111
1101111111111001
1110111111101111
0110111110111111
1111000101001111
1001110111111011
0111101111101111
1011111101110111
1111011110111011
1011011010111101
1101111111101101
1011110011110111
1110101111110101
1111010111110111
1111011000101111
1111100001111011
0011110110111011
0111111010111111
0111111011011111
1001100111110111
1101011111011101
1101111010111111
1101110111011011
1011111011101111
0110111011111111
1111111110011011
1011110101011111
0111010111001111
1101010111011111
1011101111011111
0010101111110111
1110110111110111
1111101110011111
1110001100111111
1011111011111011
1111111011110101
1111111010111011
0111011101110111
1011011110011111
1011101101111111
1110000110111111
1111111111101011
1111011100110111
1101111110010111
0110111101111101
1111110111110011
1111101000101111
1111110111111101
0111111111011011
1010111011111111
0111101011111101
1110110011111011
1111100001110111
1110110001111111
1111110110110111
1111111101101101
1001111111010101
1111111110110011
1111111100010111
1110111110010111
1111001011110111
1011010111111011
1011001011111111
1110010101111111
1101111101111111
1011000111111111
1111101110110111
0111101101110111
1011110111010111
1110101011111011
0111111111110101
1111011101111101
1111011110010111
1111111111100111
1011111111111001
1011111111001111
1111111001111101
1111111110001111
1110111111010101
1110011111111011
1111111110101101
1110001111011111
1110111100111101
0011111110011111
1110011010110111
1111100011101111
1111111111001101
1011101110111111
1011011111010101
0111101101111101