1111101011101111
1111011111101111
1111111111111100
0110110111111111
1111111010111001
1111101111010110
1110110111110010
1101011110110111
0110111111011111
1001111110110110
0111111111011110
1111011111010111
1111111101111111
1110111011110111
0111101011110111
1110111111010111
1011111110101001
1111101111001111
1110101111111001
0111110111111010
1101111111111101
1111111111101010
0110111111111101
1111110110111111
1111110011111001
1001111010011111
0101111011011111
0111011111111111
1011110111111111
0111110011110110
1011101110110101
0111101011111101
0111101111110110
1111111111011101
0101111110110111
0111101110111110
1110101111011011
1100110111111111
1101111011111110
1101101111111111
1111111110110011
0011111111111011
1011011110111111
1110101111100110
1011111110011110
1011101011011010
1110110111100011
1110111011011111
1010111111111111
1110111110111111
1101111111111011
1111110111011111
1111001111111111
1101011011110111
0011101111111111
1011011011110101
1100011111110111
1111100111111101
0111110111110001
1111101011110011
1111100111111110
1110100111111111
1111011111111110
1011101110100111
1101111111101111
1111101110011010
0111111111101111
1110111111001110
1011111011101111
1111101111101011
1110011111111001
0111111010011011
1111111011101101