1111101011101111
0101111101111111
1101111111010110
0011111111110111
1111111110011011
1101101011011011
1111110110011110
1111111111111101
1011110011111110
1011110111011111
0111110111111111
0111111011110011
1101111011101111
1111111001101111
1111110000111110
1011111010101110
1101110100111110
0111111110010111
1111110111110110
0101111111011110
1111101111111110
1111111100111011
1110111011110111
0111111100110111
1110111111010111
1011111011011011
1110101111101111
1101110111101010
1111111101100111
1001111111011011
0111101010111111
1001111110111011
1111101101111111
0101111110101111
0001111111011111
1110111101111010
1001101111110111
0111101110101011
1101101010111111
1110111111101010
1001110110110111
1111110111110011
1101110111001011
1011111110110011
0111111110001111
0110111111111111
1101111100101111
1111111110101010
0111111111101010
0111111101010111
0011111111011110
0111111011101111
1111111011111010
1110111011111011
1001101111101111
1111100111111011
1101111101011111
1100111111011110
1011110111101010
1010110111101110
1111110110010111
1111111010010110
1111111111000111
1101100111010111
0111111101101111
1011101010111111
1110111110111111
1011110110111110
1110110111111011
1101110011111111
1110101111011111
1011111111001111
1010101111111111
1001110111111010
1101111011110110
0101111111100110
1011111101111111
1111111001011011
1011111011100011
1111101111010011
0111111011110110
1111111101011110
0101111110111110
0111111111001011
1111011111111111
1110111011101111
1101101110101111
1111110011110111
1100111101111011
1001111111101010
1000111111101011
1101110110100111
0111101111001111
0101101111110111
0011101111111011
1101111110101011