0011111110111111
0111111101111011
1110111110011011
1111101110111010
1101111111110111
1100101110111111
0111101101111110
1101011001111111
1110101010111111
1011111001111111
0111111111011111
1110111111111100
1111011111010111
1111111011110101
1111101110011101
1100111000111111
0110101111111101
1101111100011111
0101101111111101
1100001111111111
1111110111111111
1111101110010011
1001111110111011
1111111011111110
0111101110110111
0101101101111111
0110111101111101
1101111111011011
0111011111111111
1110111111110110
1110101111111011
1011111111110111
0111111100111101
1101011111111101
1111101101011010
1110011111011111
1111101011011111
0110111010111101
1111011111011110
0110101100111111
1111111011111011
1111111110111100
1111101111011001
0011111111111011
1111111111101111
1011111100011111
1100111111011111
0101101111111011
1111011111111011
1111011101111110
1111001101011111
1011111111111110
1101101001111101
1011011011011111
0111101010111101
1101111101111110
1011111111111101
1101011110111111
0110111111110001
1110011111111101
1101111111011101
0111101110111011
1110101111011111
1110111001111101
1011101111111111
1111111101110111
1011111010011111
1001111011111111
1110011010110111
1001011111011111
1111011100111111