0101111111111111
1111110001111110
0110111011111110
1111011111011111
1101110111110101
1111101111111100
0111110111111110
1111111111101111
1111010111111101
0111111011111101
0110111111110110
0111010111110111
0110101111111110
1111110111110110
1011111111111111
0111111111011110
1111101101110111
1101111011111111
1111111110111111
1101111101111110
1111111011011101
1110011101110111
1101011111110110
1110110111111111
1110101111110101
1111111111111011
0111111101011101
1111000111111111
1100111111111101
1110111001111110
1111011001110101
1110011001111111
0111111011110111
1111011111110100
0111011111111110
1111110101011111
1111110011011110
1111101011111111
0111101101111101
1111101111011111
1110111111011101
1110011111110110
1111111101010111