0111111111111011
1110011110111110
1111111010011111
1110101111111101
1110001111101111
1111011110111100
0111101111111111
0111111011111101
1011011111100110
1011111110110111
1111101111111110
1111111101111111
1111111011001110
1111001011101101
1011001011111101
1111111110011110
1111110111111111
1110011011001111
1010111111110111
1111111111000101
1111111110110110
1111111010111100
1110011111110001
1111101111100111
1011101011011111
1111111011110001
1110111011111101
1101111111111111
1111111111101001
0111111111010111
0111111011101110
1010111010111110
1110111110111100
0011111111100101
1011101011101111
1111111111011011
1011111111010110
0110111110111110
0111011011111110
0011111011011110
0010111011011111
1110111111101100
1111011011110111
1110011111111100
1111111011100110
1110111011100011
1111111110101111
1011001111110111
1110101111011111
1011111111001111
1111111111111010
0111011111110110
1011011111010111
0110011111011111
0111011110011101
1010011011011110
1110101011110011
0011011111011100
0111011111101111
1111001111011111
1011111111111011
1011111011110100
1110001110111111
1011101110111111
1110111111001110
1111111110111011
1111001110111101
0110111110110111
1010111011101110
0110011010111111