1101101101101111
1110101111101011
1111100110111111
1111001011111011
1111111110011011
0110111111011001
1101101011011011
0111011011110110
0111111100101111
1011110111111001
1111111111110011
1011111111000111
1100111110011101
1111101011110111
1011110111011111
0101111011110111
0111101111111111
1111111001101111
0101111111111001
1101101111101101
1011011111111100
1110110111110110
1111110111001111
1111111000111101
0111111001011110
0111011011110101
0101111111011111
1110111101111111
1101101110011101
1001111011110111
1000111111111101
1111111101011101
0111011111010111
1011010111111101
1111101011101011
1111000111101111
1001011101111110
0111111011010110
1111011010111110
1011111110111111
1111101111111001
1111111101111001
1111001011101111
0110110010111111
1110101111001111
1111110011100111
1101111101111101
1111011001110100
0111010010111111
0101111011111101
0010111111111110
0110111111111100
1111101000111011
1110111111011110
0111111110111011
0111111011001011
1010111011111110
1111101101111100
0111010011011111
1110111111110101
1111011101010111
1101111001111110
1101111110111011
1101101111110110
1111100111011100
1011111001110111
0111110011110111
1100101011111111
1110111010111110
1111011100110101
1111110011111011
1111101111010101
1101101111011110
1011111111011110
0010111111111001
1011110111100111
0010111111001111
1111011111111001
1111011101011110
1000111111001111
1101111110110101
1101110111111111
1101101101111110
1111010011110111
1111111110111100
1111111111101110
1001111111110101
1101111101011111
1111111101011011
0110111111110110
1110011111111111
1111100011111111
1111111010101101
0100111110111110
0111110111101001
0111111111010101
1111110110101111
1101011111010111
1011011011011111
1100101111111101
1101101111111100
1110110111011111
0101011101111110
1010110111111100
1001111101101011
1111111011011101
1101011110111111
1110111111101101
1101111110101111
0111111111001001
1001111011011111
1111010111010110
0111111010011111
0011111011001111
0111111111110100
0111010111111110
1111110101111111
1011101111111111
1111111111111010
1001011111011101
1010111011001011
1111101011111100
1101011111101111
1111101110111110
0111111110000111
0101011111111101
1010111111100111
1111001011111101
1110111110001111
1100111011011111
0110111010100111
1011011111001011
1111001111110111
1011111011010111
0111011111101111
1111111111100101
1001011011111101
1111011011010110
1101111000110111
0011111111101011
1101101100111111
1001011111110110
0001111011101111
1011111011110100
0111011101111011
1101111110110110
0011011011111101
0011011111110111
1111011111100111
1111010110110111
1011111101111100
1100111010111111
0011110111111111