1110101111101011
1101111011101101
1110011111001110
0110101111011111
0110011011110111
1110100110111110
1111111110011011
1111101001110101
1000111011111101
1110111101110011
1111110110011110
1111001111101101
1111110100011111
0111100101111101
1111111111111100
0110110111111110
1101111010010111
1110101111010111
1010110011111111
1101011110001111
1110011111110101
0101111011110111
1001111011011101
1001011110111111
1111001011011111
1101111101101111
1000110101111111
0111111111011110
1111011111010111
0011111111010111
1111010011111111
1101110110010111
1001111001111101
1010001111011111
1110111010111011
0100101111111101
1010111111101111
0111101111110011
0011011101011111
1101001111111111
1111011101001111
0010111101111101
0111010101111111
1111011001011111
1011010101011111
0111011001111101
1100110111111011
1101011101011111
0111011101110111
1110111110011111
1110010100111111
1100111111111110
1011101101111111
1001101011111111
1010111001111101
1111111011111110
0010011111111111
1010111110111111
1111111110110110
1111101111001110
1111001100111111
1111111010110011
1111111111101010
1011101111101111
0101110111111111
1100011001111011
1111101111100110
0101101111111110
0000111011111111
0101101101111111
0111111111110010
1111010111011011
1111101001100011
1011110001111111
1111110101110111
1110101011011101
1000110111110101
1101111110111011
1101111101110001
1101101111110111
1110110111011011
1110101111111010
1110111111010011
1010010101111101
1111111001011101
1100011101111101
1101101111101011
1110011111110110
1001111110010111
1111111101010111
0101101111111001
1110110110110111
0011111011111101
1100011111110011
1101111111011001
1111111100101011
1111111000101111
0001111111111101
1011111011110111
1101111011110011
1011111000111111
1010110111010101
1001011111100111
1111001101111101
1001111101110101
0111111110111111
1111111101011011
1011100110111111
1110111101101111
1111100011111111
1111110010111011
1011111101011101
1100110101111101
0000111101111111
1011111111111110
1111111100110111
1111111110111101
1011101111110111
0100111111010101
1111011101100110
1111111011111001
1110001010111111
1110001111100111
1111110111111010
1111101101011111
1011111001101111
1111101110001111
1100111111100011
0101111001111011
1101011101111001
1101110011111111
1001110100111111
1011111101100101
0111001111111111
1011011011101111
0110100111110111
0111111111010011
1111000111111111
1101011111101110
1101101011011101
1111110111010011
1111001001110011
0101011111111101
1011011101100111
0100011111011011
0100111101110111
0110010111111101
0010111111110101
1011011111001111
1011111111111011
0111111011011111
0111011111110101
0111011101111011
1101101101111101
1110111111111001
1111110011011111
1001011111011111
0111110001111101
1111111111001101
0111111111101111
1111101011000011
1100011010100111
1101010111111111
1111110111101111