1011111011011111
1001101111111111
1110111111111110
1101111101110111
1101111101001110
1111011101101110
1101000101111111
1111101011001111
0110111001111101
1101011011111111
0111101111111110
1111011001101101
0111111111011111
1011101011111101
1110101111111111
1010011111111111
1111111111010111
1111111101100111
1110011011011111
1111101111001101
1101111001001111
1011110111111110
1111010101110110
1101111111111101
1111001111001111
0010111111111111
1011001101111111
0111010011110111
0111001001110111
1011101101001111
1111111111110101
1100111111111111
1101101011111110
1011011011111111
1110011111110111
1111011101011111
1011111011110110
1111010011110110
1111010101111100
0011111011111111
1110110001011111
1111111101001101
1111111110111111
1111110111011110
0011100111111101
1011111101110111
1111101101011110
1111111111101100
1001110111100111
1111111111111011
0111011111110110
0111100111110111
1111111001111110
1111110111011101
1010111111100111
1110011001111111
1111110111101101
1111001111110110
1111111011101110
1110110011110111
1011011101111100
1111001111011110
1001111011111111
1111010111101111
1111100011101111
0101011111111111
1111000101111101
1101110101011111
0111111111101111
1010111101111101
0110110111111101
0111101101111101
1111111111100110
1110011101111101