1011111101011011
1101101101101111
1011111011011111
1111011110111110
1110101011101111
1110110111101011
1001111101011111
1110111001110111
1101101111001101
1110111111111110
1101100011011111
1011111100110111
0110110101111111
1111101111110011
1011110011111111
1011110111011110
1111011110111101
1100110111101101
1111010011011111
1111011011111011
1101111110111101
0101111011101111
1111110111010100
1101111111110001
1010111111101111
1001101001111111
1011101001111011
1101111111111100
1011111101110101
1001110111011111
1110111101010101
1100100111111011
0111011101011111
1111110011001111
1011011111110111
1001111111111011
1101101011111110
1101011111111101
1100110101111111
1111001111011100
1110011101011111
0101111111101101
1111010111111100
1011101011101111
1100111111011111
1111010011101111
1111101010101111
1110111001011011
1101100011101011
0101011011111111
0111101111101111
1111111101110100
1110111110111111
0100110111111001
1111010101111110
0011011111111101
1110111011011101
1111011011110110
1111011111110011
1111110001111011
1110111011010011
1001110110111111
0101101111011110
1110101111110101
1101011111011111
1101101111001011
1111010111110111
1111100111111110
1101011101111011
1100100011111111
0011110111011011
1110101111011001
1111111100111101
0100011111111111
1100111101111011
1011110101010111
1111111100111110
1011111011101110
0111110111111100
0111101111111001
0101111001111111
0111100111011101
1111100110111111
1100101111101111
0111111101111011
1110110111110001
1111011111010101
1100110111110101
1111100011101101
1000111011111101
1110000101111011
1111001111101110
0110100111111101
1011101011111110
1001110111111101
1110111011110001
1111101011110111
1100111111101011
1100011001111111
0111101101111110
0111111011111101
1011101111011110
1111110001110111
0111011101111110
1111101101110111
1101111011001110
1111011111101101
1100111101110101
1010100111111111
1111110101101111
0000111111110111
0111110011101111
1011111111110110
1001100111111111
1011110111111100
1111111101001111
1111110101011100
1010101101111111
1010111011110011
0011101111011011
1111101110110100
1111111110011100
0011111111111110
1111000111011101
1011010111111111
0101111011110011
0101011111101111
1011111111011101
1101011111111110
0111000111111111
1110101111101101
1111011110011111
0111101011111111
1111110010010111
1111101101111101
1010110111111001
1111111010111110
1110000111011111
0110111111001101
1011011011111111
1101011100111111
1101111100101111
0101110011011111
1111010101011101
0111111111010110
0110111111101011
0111011011011111
1101011111101011
1110010101111101
0111111110111111
0111111101111101
0111110101010111
1001111111010111
1111110101011011
1101001111101111
0111010111011110
1010111101110111
1101111101111110
1111011101111100
0010101111111011
1111111111100111
0010110111111011
0110001101111111
1011111111001111
1111101001011011
1111111001111101
1111111111111010
1110110011011011
1001111110110111
0110011111011111
0111111001110110
0110100111011111
1101101011101001
1111111110101101
0110111011011111
1111010111101110
1111110101111001
1011110111110101
1101111110110110
1111111111001100
1101110101011111
0111010111011011
1111111110111011
1101010111111111
1111111011010110
1101111110011111