0111101111011111
0011000111111111
1001101111111111
1111111001001111
1111111111111110
0011011011111111
1001110111111101
1111011111101111
1111111010011101
1111101111001011
1110011110111101
0111111011111101
1011111110101011
1011111011011001
1010011110111011
1111011011111011
1010011111111101
0011100111101101
0100111111011111
1111110101111101
1011111110001111
0101110110111011
1100111000111111
0001110011111111
1011001111111001
1101001111111111
1101100110111111
1001111111011011
0111111110011011
1111011010111111
1010000111111111
1110111110011111
0110111101011101
0111011111111001
1101111011001111
0110100111111011
0011110111101011
1111111111110111
1101111101111101
1101110100101111
1111010111111001
1101111101011011
1111110000111111
0111111011001011
1111101110101111
0111111001011011
1101101110011011
0111100001111111
1111010001111111
1111101001111011
0110111001111111
1000011111111011
1100011111111101
1111110101111011
1110101011011111
1000111110111111
1111011111011111
0011100110111011
0011111111011111
1011111010111111
1011101011001101
1110111011111011
1110010111111101
1001111011101101
0101101011111111
0111111101001111
0111110010101011
1110111111011011
0110111110111111
0110011011111111
0101111001011111
1100101111111101
1101110111111001
0001010111111011
0101011011111111
1111110111011111
0011001110111011
1111101101101111
0011010110111011
1110110111101111
1111101011011011
1111111001111101
1111000101111111
1110111110111001
1011111101111111
1110011001111111
1111101101011101
1010110110111101
1100101110111011
0000111111111011
1111011100111001
1010111110101111
0101111111111101
1110110010111111
0010010111111111
0010111111101011
1011100011101001
1100110111111101
1101101111001111
0111111001101111
1000111111101011
1111101110111101
1110011100111111
0101100111111111
1100111111101001
1101011011111101