1010101110101111
0101111101111110
1000111101011111
1110101111101011
0111111011111110
1110100100111111
1111001110111100
1101011011011110
1111000110110111
1101111100111111
1100111111001111
1011111100110111
1110111111111101
1111100101101111
1110001111101111
1010101001111111
1011110111011111
1111101101010111
1110101010111110
1111101000111111
1011001111111111
1101010111011111
1101011111111010
1111111000111101
1011011111111101
1101111101101111
0110111111011111
1110101101110111
1111001100111110
1110100111101111
1111110101111101
1101011110101111
1011011100101111
1100111110111110
1101010011111111
1110111011110111
0110111110101111
1011010101110111
1111111001010111
1011100001111111
1111000011011111
1111111111010110
0111010111110101
0101110111011110
1111111100110101
1011111110111110
1110011010111110
1110010110111111
1111111110110110
1101111101111100
1011010110101111
1111010111001111
1111001111001111
0111000111111110
0111111111110011
1001111011010111
1111100110111100
1010011111110111
1011111111010011
0011111111111111
1111100111110101
0111111101011111
0111111110100111
1111101101111101
0110100111111111
1111110101011111
0100110110111111
0100110101110111
1111111011111100
1111111101111011
1001011110110111
1101011111111100
1111111111101101
0111001011111111
1111111010110101
1011111111111100
1111110111111011
1100111111111011
1011110111110110
1101101111111111
1111111011111011
1101111011111101
1101110011010111
0111010100101111
0111001100101111
1111101011011101
1010111010111111
1111111110010111
0110111100111111
1011010011111111
1111110111100111
1111010111111100
1111111111101110
1110011101111111
0111101111110100
1111101111100011
1111101101100111
1111100001111110
1101110010111111
0111010011111101
0101111111001111
0111111101111101
1010110111101111
1100011111010111
1010111111111110
1111111111000111
0111100011111111
0111011111111011
1110001010111111
1110110111011111
0111010111011111
0110110111110110
1111011110110101
1111010010011111
0101111010110111
0111111110111101
1111011011110110
1011111110100111
1111111111011000
1011101011010111
0110001111111111
0100110111101111
1011110001110111
1001110101110111
1111011111011011
1011101111111110
0110011111110111
0111111111011101
0111100111110111
0110110011111111
1001111010111111
1111011110001111
1111001101110111
1111101111011100
1101111001011111
1110001111110111
1111111101011110
1111011001111111
1111111011101111
1000011110111111
1011011111001111
0111101111111011
1110001111011111
1011111010011111
1011111101111110
1101110101110110
0111110000111111
1110001110111110
1110101100011111
1111110011011110
0101011111111111
1010101111110011
1111111110111011
1000111111110111
1001111111110110
1101011010111111
1101111110011111
1011110010111111