0011111110111111
0111110101011111
1111111111111110
1001011110011111
1111101111110001
0111110010011111
0111111001110011
0111101111111111
1111010011011111
1111011001111011
1001011110111011
1110110100111111
0110111010011001
0111010111110111
1011011111111101
0011010101111111
1110011111010111
0111110001110111
1110110110011011
1111110101010001
1110110010011111
1111110010110111
1010111101011111
0011110101110101
1110110110111101
1111100011110111
0010111111111101
0111111100011011
1000011111111111
0011111101110011
0110011101110111
0111011001111101
0101111110011111
1111100011011111
1011101101111111
1101111011111011
0010011111111111
1111010101110111
1110101111111001
1101111111111101
1111111100010011
1010010101111111
1111011100110111
1011001111111011
1001011100111111
1101111111011011
1110011110011111
1011011111110111
1111011011011001
1111101101110011
1110111111110101
1011111110111101
1111110001011011
1011111001110111
0111110100111011
1110110101011111
1101101011111111
1011110011010111
1100011100111111
1111001101111111
1011100011111111
1011011011111111
0111110110010011
0110111100011111
1110001111011101
0010110111010011
1111011101011111
0111011011111001
1011111100111011
1101110111111111
1011111010111111
1111010110111011
0111111010110001
1111111111101111
1110111101011011
1111010111111101
1100111111011111
0010111101111111
1110110010111011
1111110011111101
1111100101111111
0111011110111101
0100011011111111
1111101001111111
0101111010110111
1010110011110111
1111101101011111
1111111011010011
1010110110111111
0111111001010111
1011111111111001
0101011110111011
1001101111111011
0111011011110011
1011001111011111
1100111011110111
1010101111111111
1000111100110111
0110110110111011
1111101110111111
0111010000111111
1110011001111111
1101111001011111
0111011111011111
1110100111111111
1011101111011011
1110011111111011
1111111100111101
0111011110110111
0111111000110111
1101111101111011
0110111110110111
0111111001110101
1101011010111111
0110111101111011
0011111011110011
1101001111111011