0110111111111010
0100111111111110
1101110010110111
0110110111011111
1111011101110111
1111101001101111
0110101111011111
1111111110000111
1101101110111101
1111101111110001
1101111100111111
0111111110101001
1111111111111100
0101100111110111
1111110111010111
0111110010011111
0111110111111110
1111101100111011
1111101101010111
0111011110100111
0111101101111111
1111110100111111
0101001110111111
0110101111111110
0100111111011111
1100110111110111
1110011111010111
1100111110111101
1111011110100101
0111111111011110
1111011111010110
1101010011111111
1111101110111001
1110111101011101
1111110110111101
1111100010111111
1111111000101011
1111011011011111
0101111110011111
1111010111100111
1111111011111101
0111111110100011
0111101110101011
1101111101111101
1100101111011001
1111111110011101
1100111101011011
1101001111011111
0111111101011111
1100111001111111
1101010110110111
0111111111100101
1111101101111110
0110010111101111
1111101001111011
0111111110001111
1110110111111110
1111111101100011
1101100001110111
1111110110110110
0111100111101101
1110111100101011
1111101111011010
0111101110111110
1110011111011110
1111110111111011
1110101101011011
0110111111010111
1110101001011111
1111100110101111
1101110111011101
0111110111001101
1111111010110110
0101110011111111
1111111001011110
0101011111011111
1111010111111101
1111111111101110
1111011111111011
0111111111110110
0111111101111101
1111111111100001
0111111100111010
0110111110111111
1111111100001111
1011111111111111
1101000110111111
0111100011111111
0110110111110111
1110111110111110
1111101110110111
1110001100101111
1110110011111111
1110011111111101
0111110110100111
1111011101111101
1110110101111111
1111111011010010
1111001011111111
0101101111011111
1100101011011110
0111011110110101
1100011111011111
1101100111011111
0111110001111111
1110101111110111
0110101111101101
0110111011101011
1111011010101111
1111011110001111
1110111110001111
1101111001011111
1111101101011101
1110111101011110
0111101010101111
0101111111111101
1101111111101111
1100111011011010
0111111001101111
1101111110110110
1100111111110101
1111110011011110
0111110101110111
1111111101110001
1111111100011011
1100111010111111
0101101011110011
0110101011101111
1101111101010111
0101111001111111
1110001100011111
1100111111010010
1110111111100111
0110111111110101
1111111001100111