0111111101111010
1011111011011111
1001111111011111
1101011011011111
1101111100111111
1101111110111000
1111011111101111
1011111111101100
1101111111101011
0111110111111111
1110010011011110
1111100110111101
1110110010011101
0101011110111101
1111101110011111
1111101111111110
1010111001111111
1111111100111011
1110101111111111
1111111100011111
1011011111111110
1111110101101110
1011110101011101
0001111011111101
0101111111111010
1111011010111111
0001101111101111
1101110111111011
1110111101111011
1111101111111001
0011111010101110
1100111111111100
1111111111110111
1110111111101010
1100011111111110
1110010111011011
1011101001101111
0111111110111011
1111111011011011
1010110011101111
1111011110011110
1111110111111100
0111111101011110
0111111111011011
1011111110111101
1000111011101111
1101110001101111
1101101111011111
1111110011111011
0110111111111111
1110110100111101
0011101101111111
1100111110101111
1101011110111010
1100110111111111
0111101110111111
1010111111111101
1101110111111110
1100111011111101
1111100110101111
1000111110111111
1101111011111110
0011111100101111
1010111010111110
1101111101111001
1111111001011110
1100111111011111
1110111101101111
1111101111101101
1111011101111111
1111011110011011
1111110110101110
0111011111111010
0101011011111111
0011111101011101
1101110111011111
1111110111111010
1101110110101101
0101111101101111
1011000111111111
1001111001101111
1101111110011011
1110111111101101
1101111110101110
1110011111111101
1111111111011001
1111011111111100
1011111101011110
1011101010101111
0001111110111111
1101011110011101
1111111001111101
1010010110111111
1111111111001111
1101100111101111
0111011111011111
1100111111101110
1111100001111111
1111001111011111
1011111111111011
0111111011011111
1111001110111111
1101111010111101
1110110110101011
1110111111111001
1111111100111110
1110111110111010
1101010111111111
0101111001111111
1011110101101101
1111111011101101