1100101111101110
1111110110111001
1110011111001110
0100111011010111
1111111110011011
1101110110111101
1111001001111011
1111011011011011
1111101001110101
0111100100111011
1100111111110110
1100111101110111
1100101111001111
0101111000111111
1111011100111101
1100101110111111
1111101111010110
1111011110110011
1101011001111111
1110101110111010
1111101010111111
1101011111111011
1110110101111100
0111111101011011
1111111111110010
1111101110011110
1110010110111100
1110111111110011
0111111110101111
1111011111101101
1100101011111011
1111111010111011
1111100111101101
1110001111110101
1111010111111011
0111101011011110
0111111111111010
1101011110110101
0100111101111110
0100111111111011
1111001111111010
1111110100111100
1111101110101100
1101110110110111
1111011011011110
1101101110110111
0110101011111001
0101101101011111
1101110111111010
0110110110110111
1110101111111000
1101101011001111
1110111101010101
0111111011001111
1101110111101001
1110011011111111
0111101101010111
1101100111111111
1111011110011111
0100111010111111
0110111101011111
1100111100111100
1100111001111111
1101101011111101
1111011111101011
0111011111111111
1101010111101111
1111011111011101
1110111111110100
1101111101110001
1110101101111111
1110111001110110
1111111010111110
0101101100111111
0111111100111101
0100111110110111
0110101111011110
1111101111010101
1111111101010110
1111111111010011
0101101101110011
1111011111111001
1111110011111111
1111101111011011
1101111111100111
1101110101111111
1110011101011111
1111111110110001
1101101101111110
0111110110111100
1101111011110011
0111111111101001
1101010110111110
1111101011111000
1111110111100111
1110111010110111
1101111111011110
0111111111110110
1111111101101111
0100111110111110
1011111111111111
1110111001011010
1101111100110111
0101101111101110
1101101111111100
1111111101110100
0110100110111111
1111110111011111
0110111011110101
1111011100111011
1100111111101100
1101011011110111
1111111111011000
1100111101011101
1111011101111100
1100011111110111
1100111110101011
1111110111101110
1111100111111100
0111110111101011
0110101110111011
1100001111101111
1111000111111111
0111110101110001
1111111110111000
1100010111111101
1111010111110111
0110101111101101
1110111100111001
1110110111101101
1110111110001111
1101101111010111
1111001111110110
1111111111010100
1111111011101110
0101111111111101
1110111011101111
1111110110110101
1111111111100100
0111111110011101
0111100111101111
0100101011111111
0111101111100111
1101110111111100
1110110110101011
1100111101111011
1111111111001101
1111011111100110
1110111001111000
1101001110101111
1111011010110101
0111101111001111
1101011010111111
1111011100111110
1101111110011111
1101111110101010
1101001101111111
0110111101111011
1110100111111001
1101011011111100
0101111011111011
1111111101011001