0011111110111111
1111101011101111
0001011111011111
1111011111110111
1101111111010111
0110101111011111
1101001011111110
1011011101111110
1101101011011011
0101111111011101
1000010111101111
1011110111111001
1101100011011111
1110111111111101
0110110101111111
1000110111111110
1101111101001111
1010110111011111
1011110110110110
1101111101101010
1111010001011111
1110110011001111
1011101101011011
1111001011011111
1001111111011001
1111110111001110
1101110111110110
1001011111111100
1111110101111101
1011111001111111
1010111101111010
1101111110111100
1110111111001010
1101111101110100
1111011111101100
1111111001001010
1110111011110111
1111111010111011
1111001001111111
1101010011111110
1111010111111011
1000011111111110
0111000110111111
1110011101001110
1101000101011111
0111111011111111
1110000111101111
1011111111011010
1101110101101111
1111111111010110
0111111111111110
0111010101111111
1111001111111010
0001101111111111
1111110111001101
1101110011110101
1001011111101110
0011111111111101
0110011111001111
1101111010110101
1111101101001101
1101110111111011
1011111011111100
1101101011111001
1010110101111110
0101110111111111
1101111101011011
0101101101111111
1011101011011110
1010110011101111
1101100111111110
0111111101011111
1111110111110011
1101101001110111
1111110101110111
1100110011011111
1111111011110001
1111011101101101
1111101101111110
1011101011110110
1011111111101011
1110101111111011
1111111110011111
1111110011111011
1111111011011001
0111111110111001
1010111111011110
1111111101010111
1111011111111001
1101111111011000
1011011111001101
1111011011001011
1111010111011101
1011111111110011
1001111111001110
1001111101101111
1001111110111111
1011111011001110
1101111001111100
1101111011110011
1101011101101011
1101111101111001
1111101011111000
1110111101011011
1001110111101110
1111001111111101
1101111101011110
1111111101001100
0111011111111011
1011101111001111
1011111110111001
1111011101011101
1100111101111111
0111101111101111
1101001111101111
1110110111011110
1110111110111111
1111110111111010
0101111101101111
1111101110110111
1101111101011101
1101011011001111
1111111110101111
1111111001101100
0111111111110101
1101100111110111
1111111111100111
1111011110111010
1101111111101101
0010110111111011
0111101111011011
0110001111111111
0111110111101011
1111111100111111
1110001011111111
1010101111111111
1111111001110011
1011100011011111
1111101111110101
1111111111001000
1111010011111101
0111111111101101
1111101011110010
1011100111010111
1110011001111111
1011100011110111
0110011101101111
1110111101101010
0101111110111111
1111011001111110
0111111111001011
1011111101011001
1101111001101111
1111110010111110
1111110011110110
1101110011001111
1001011011111101
1111110111001011
1010010011111110
0100011111111111
1011101111111101
1101101111111010
1001011011011011
0011100111110111
1001100011111111
1101011010111111
1000011011111111