0101111101111111
0111111101111011
0111011111101101
1101111111111010
1111101101110001
1110111011111011
1110101110111011
1110101011110110
0111101111110101
1111111110101001
0111111111110110
1111011101111111
1111111101101111
0110111110111111
1011111111111111
1111011111101110
1110111101110101
1111011110100101
0111111111100001
1111111010111011
1111101110110111
0111111110110011
1110101001111111
1111011110110100
1111011011110110
1111011011111001
0111111011111111
1101001111111111
1110011111111100
1111101111101111
0110101111110011
1111110111111111
0110001111111111
1110001011111111
0111001111111110
1111111001110011
1101111100111011
1110111101111001
1111111001111110
1110011110110111
1101111111111101
1111101011110011
1111001011111101
1110001111110111
1101101000111111
1111111111011111
0110111111111101
1111111110101100
1111111110100011
1110011111111010
1101011111111110
1111011110110010
1101111111101111
0111011110111001
1111111100110011
1110001110111111
1101111110110110
1111111001110101
0101011111111111
1100111111111111
1101101011111110
1111111100111110
1110101101111110
1110111110110000
1111101110111101
0101101111110111
1111111011101100
1110111111100111
1110111111101000