1100101111101111
1111101101101011
1011111011011111
1111100110111111
1111110101101010
1011001010111111
1011110111111001
1001110111111100
1101111111001110
1110101101010111
1010101110110111
1001111101111111
0111110111111111
1011111011100111
0111111011111101
1111101000111111
1111110100111111
0001111011111111
1101111101101110
0110101101111010
1110011110111000
1101110111110111
1111100111101110
1111010101101111
1111101110011111
1111100111010111
1111100001101111
0111111111011111
1110111111110011
1111011111101101
1011100111111110
0101101110111111
1100111000111111
1011011111111110
1111010111111011
1011110101011101
0100111101111111
1010111101011111
1101001111111111
1101111001100111
0100111111111011
1101110111101010
1011100111101011
1110001101111010
1110110111111111
1111011011011111
1011011100011111
1111110101110101
1100111111111110
1110011000111111
1111010110111111
1111101111111001
1111111111110110
1001111111101100
1010101111101110
1111111110011101
1101011010110111
1111110110111110
1011001101111011
0101101101111111
1011110011101111
0110101011111111
1111101101111101
1101111100111101
1010111011111111
0111011111111111
1011111001110111
1111111010111110
0101111111101110
1011011101101111
1011111101101110
1100101111011111
1101110001101111
1101111011010111
1111111001011100
1111011011111101
1011101111010111
1001011110110111
1100011111111101
1011011010110111
1011100101101111
1101011101111101
1011011111110101
1010111111111101
1100101101111111
0111101101101111
1111011111011110
1000111110111111
1111111011111011
1101111011111100
1001101110111100
1111010101111100
1111101011011101
1101011111101011
0011111111100101
0101111101101101
0101101011111111
1111001111111100
0111111101110111
1001010111111111
1111111111011011
1110111101101111
1111010111011111
0101111111110111
1111110011111101
1110011001111110
0011101110111010
1110111100110111
1101110101111100
1111111111000111
1111011101100111
1011101100111111
1110011011110111
0111111110111101
1110101001111111
1111111111100011
1111011111110011
1111111110101111
0011101110110111
0011111010111111
1011111101100101
1011111111111000
1110011100111010
1011001101011111
1011111111001110
0110101100111011
1111101111110101
0110101111101100
0111101001111111
1110001111101010
1111110111011100
1110111111010101
1111011100111001
1101101111101100
1111111011101110
1110111111100101
1111110101001110
1010111111111011
1101111010111101
1010111101111110
1101101111001111
1111110011011111
1111111111001101
1101110101011111
1111101001011111
1101111101111011
1111100111100111
1011111101110011
1001101111101101
1101111001011101
1101111110011111
1011110010111111
0011101101111110