0111111111111011
0111111011111110
0110110111011111
0101111111111110
1011011111111111
1111110011110101
1000110111111101
0010101111101111
0011101111101110
0111111101100110
0110110101111111
1111101111110011
1111101111111100
1100101111001111
1110101100111011
0111101101111111
1101111011101111
1110110111001011
1110111011101011
1011101111011111
1100011011111011
1111110100111111
1110011011111010
1110110111110111
1111001111011011
1101110111001111
1011111111001100
0111110111100111
1111011111101110
1111101101110111
0111111111011110
1111111111001010
1101111110110011
1110011101101011
1111011111101101
1111011111100011
1101110110010111
1110111011110111
1011100111111111
1101100111101101
1110111010111011
1111011110111111
0111111111000111
1010111111011011
1110011101110111
1111111001101101
1110011111110010
0110111111111110
0000111110111111
1110110111001101
1111001111010111
0101111110011111
1111110101110100
0111110010111101
1011111011111101
1101111011111010
1110110101011100
1110111111000110
1000110111011111
1010101111101110
1001110111011110
1010110011111011
1100011101111111
1010111111011101
1110100110111101
1101001111011111
0111111101011111
1111100111101011
1111110011100011
1110101101111101
1101101110011011
0011111011101111
1010111110111101
1111101101111110
0111100111111111
1111101110010111
1110111011111101
1011111111101010
1011111111110111
1011111010001111
1101111011010111
1111001101111111
1101101111011110
1100111111100110
1100111110101111
0111101110011101
1111110110001111
1111111101101100
1110111100101011
1100111100110101
1101110101111110
1111110101111011
1110111010101111
1011111110111011
1100111111111010
1111011111011110
1101111001111101
1111100110101111
0111110111110101
1111010111110011
0110101111001101
0101111111101101
0101011111011111
1111111001011111
1101010111110111
0110111101110111
0101111111110111
1111011101010011
1110111011011111
1101111100001111
1101011111010111
0101001111111101
1101111111000111
1100111101111110
1111111010010101
1111111110111110
1110010101111110
1111110111111010
1101101101011111
1111111011010011
1111110011111110
1111101110001111
0101111011111111
1111011111111100
1111101101101111
1100110001111111
1111011101111101
1101111111011101
1111110111101110
1111111001110011
1111010011111101
1111111001111110
1000110111111011
1111000111111111
1111111111111001
1110101111110111
1011111101111111
1110111110001111
1110111111010100
0111011111101111
1100101111101101
1111111111100101
1110111110100011
1110011001111011
0111111011011111
1111010111101111
1111011011101111
1111110011011111
1011101110111111
1100111111110100
1111101011111111
1100010111111111
0111111110110111
1110011111001111
1100111111010011
1000111111011110
1011111110101101
0101111100111101