0011111110111110
1110100110111111
1011110110101110
1111010111101100
1110110110011111
1101111100111111
0011001111111011
1111101111110011
1101111101110110
1100111101110111
1111010011111001
1111111101111100
1011101110001111
1011111111101100
1110011110111101
1001111110101111
1111011001111011
1100111111010101
1101011011111111
1000101111011111
1101101111101101
1111011101110101
1001011111111100
1111110111110111
1111011001101101
0101111111011110
1111111011110101
1111110110011001
1111111111110001
1011110011011101
1110111011110111
1101011111101100
1101101110111001
1111001011101101
1111111100011111
1110001111110101
0011101110011111
1010111111101110
1010011111111111
1111111101011101
1011001111111001
1101011110110101
1111111111010110
1110101111101110
1101101110100111
1111010011101101
1111111110011110
1110011011001111
0101111111010111
1011011110011111
1100111111111110
1111101101111111
1111001111100111
1111111101001110
1111111011111110
1101111101110011
1101111011111001
1010111110111111
1111101011010111
1110011110101011
1111010111111000
1011101111101110
1011110101011011
1110011111000111
1111011110110110
1011010111111111
0011111001111011
1111010111011011
1101111111011011
1111110011001111
0111111111111101
1111110001111101
1001011111111001
1001111001111011
1100101111110111
1111011111010011
1110110111011011
1100111110111011
1111101111111010
1110111011111101
1111111010111111
1011111111110111
1101011111100111
1111111111101001
1110011011011011
1100011101111101
0111101111110111
0110111111111111
1111111101010111
1111100011111101
1110111101101101
0111010011111111
1011011111101111
1111011101011111
1111011111011110
1101110111111111
0101001111111111
1111010110111011
0011111101011111
1111111110111100
1110011100101111
1111100111111011
0111111100111111
1101111101011111
1110011101111110
1001001111111111
1111011011011101
1011011011011111
1111011101100110
1101101111111100
0101011101111110
1011110111001011
1111010101111111
1010110111111100
1000111111101111
0111001011111011
0111111110110011
1110101110110111
1110110001111011
1110111111100011
0011101111111110
1111111001100011
1001111011011111
1110110111101111
1111110101111110
1111011100100111
1010111111111001
1001101111111011
1111101111110100
1110000111111111
1101111011110111
1011110001011111
1110111100111001
1111101111011101
1011111011101101
0111100111011110
1101111001101111
1111111110101101
1101011101111010
1011110001101011
1011100111101101
1110111100100110
1111111111100101
1110111101011010
1111110101001111
1111011110001011
1111001111011111
1111110110101011
0111011101111011
1110110011011111
0111110110111110
1001111111101010
1111111111001101
0111111111101111
0011111011011011
1110111011001011
1011101011001111
1101111110011111
1111101111101011
0011011111011111
1111100111001110
0001111110111011
1101001111111011