0011111111110111
0110111001111110
0110011111111101
1110111101111100
1001110111111101
1101000111111111
0110111101111001
1101011001111111
0111101111111111
1101100011111011
0111111111111000
1000111111111111
1111110101110011
0101010111110111
1111101101110111
1110010011111111
1110010110111110
1110111111110010
1100111011110110
1011100111111111
1001111111111100
1110100111110011
1111110110110011
1111110100111100
0111111011111010
0110011110111111
1001011111111110
0111011100111111
1111111011111101
1011110101111101
1011111110111111
1111101111111000
1010110111111111
0100110111111111
1111010101110110
1111011110110110
1111111111011111
0011111001111111
1110110100111110
1011011001110111
1100100111111111
0110011111111110
1101111001111110
1111111111110101
1010101101111001
1101111110111011
1111111011110011
1111111010111111
1111001101111111
1101001011111111
1111110011111010
0010111111111001
1101011111111100
0111010011111111
1011110111110111
1110111110111100
1101111111111001
1100010111110110
1110111001111011
1011010001111111
1111111111101111
1110011101111111
1111100011111110
1110100101111011
1101011101111110
0010111101111111
1111011111111011
0111111101111100
0001111101111111
0111011110111100
0110110100111111
1101101111110011
1101101111111100
0101011101111111
0111110111110110
0110111110111101
1111011011110110
0111010111111110
1001101111111011
0110011111110111
1011101111111110
1111101110111111
1110001111110111
0111111001110111
1110100111111110
0101110101111111
1101010111111101
0101111101110110
0111010111111101
1011011101111100
0001111111111110
1001111011111111
1100110111111101
1011101111110011
1100101101111101
1111010110110111
1101111101111011
0110111110110111
1110111110111011
0111111110110110
1110101011111111