1101111111010111
0111110101011111
0111101111011111
1101111110111111
0111100111110011
1111101110111011
1110011011111011
0111111101011011
1111111011110101
0111100101111111
1111110111010101
1110111111110010
1100111011110110
1111010011111111
1110010111111011
1110101111111110
0111011111010110
1110111111010111
0111101111111101
0111111011111111
1111001111111011
0111011110111111
1111110111111110
1111011011011111
1101110111111011
1100111011111011
1111101111111001
1111111110110110
1101111111111101
1111011110011010
0110111111111000
1111011011111110
1111110110111111
0111111110111010
0111111111011010
1111101101111101
0110011111111111
1111111011110010
1111101101111110
1111111010111111
1110001101111111
1101101111011111
1111110011111011
0100111101111011
1111110001111111
1111110101111011
1111111001111001
1110111011111010
0111011111011011
1111111111101111
1101111101011111
1100111111011111
0110111111110111
1111111101011010
1111110011111101
1111110111111001
1011111111111111
1111111110111101
1110111110111111
1100011011110111
1111111111011000
1111011111110011
0111111111110100
1111101111011110
0110111111011100
1110011111011011
1111111100111111
1110001011111111
1101011111011110
1110110111011101
1111111101110111
1111110111010011
1110010111110111
1110111101011111
1111001111110111
1110011111111010
1101101111111011
0101011111111110
1111101001011111
1101001101111111