1111011101110111
1100111100111111
1111001101101101
1111111001110110
1011101001111110
1111100110011110
1101000111111111
1111110101010111
1001111101111111
1100101110111111
1011110110001111
1111111011010101
1011111110101011
1111110001110111
1111011100011111
1101110100011101
1100111110111101
1011110101111111
1111111111110010
1111111011001111
1101101110111001
1111110101101111
1111101011101011
0111111111111111
1111110110111100
1101110110110110
1110110111111111
1011111111110110
1001011111111111
1111110110100011
1111100011011111
1010111111110111
1110101110011100
1101111011111011
1101110011011101
1100111101111101
1101111111110011
1011101111101111
1111001101001111
1010111100011110
1110111001110101
1101101011111101
1111011111011101
1011111110111100
1111111111110100
1111101111111010
1011100111011111
1111111010111111
1011111101101111
1111100011111101
1111110100110110
1111111101100011
1010111111111101
1011111011110111
1011111100111010
1101111011111110
1111011111100101
1111011110101111
1111111001111010
1111101011111001
1110111011111010
1111111001011111
1111111111101110
1110111111101111
1100111111011111
1111111111011011
1111111110101001
1111100001111110
1111011111111011
1101111111011110
1111111111100001
1001111111010111
1011110110100111
1111111100001111
1011110111110001
1111110110010111
1011101110111011
1110101101111011
1101100101011101
1111110111111010
1011111101110111
1011000111111111
1111011110110101
1011111011101011
1110101001111111
1101011111110111
1101110001111111
1101110110111001
1011001100111111
1111001011111111
1111111110001101
1101011111011111
1010101111111111
1111000100111101
1011011111010111
1111111110111000
1110101011111101
1101111100010111
1101011110111101
1111011111111110
1011111011011100
1001101011011111
1101111111101111
1101110101110110
1110111110010110
1111101111110111
1110111111111001
1110101100011101
1111011011101111
1001110111111111
1111010111110101
1111010110110111
1101111111110101
1110111110111011
1011110111011100
1110011101111101