1000111111111001
1110110011101111
1000101111111111
0110011111111100
1011011111011101
1011101011111111
1010111111101101
0111110111111111
0111111011111101
1011001111111111
1010011111111101
0011111111101111
0100111111011111
1111110010011101
1100111110111101
1111101110011111
1100111110111110
1111011111101101
1111111101111111
0101111111101011
1010110011111001
0111101111111100
1101101111101111
1110100111111100
1101001111111110
0100111111111011
1101100110111111
1111011010111110
1111011011011111
0101001111111011
1011111110111111
1101111011111010
0001011011111111
1111111111110111
1000110011111111
1011111111101001
1011101111101111
0010111111111111
0101101111111110
1100011111111110
1110011011111111
0110111110111011
1110011110111100
1101110011011111
1011100111011111
1110010111111111
1111010111111110
1101101111011111
1101110111101111
0001101111111011
1111111111011100
1010111111011111
0011111111111001
0111011010101111
0111111111101001
1111100111111011
1111111111101110
1100111111011110
1111111111011011
1101110010111111
0011101111111101
0111111110111110
0111101011111011
1110111011011111
1011111111111110
1001111011111011
1110110110101111
0111011111111010
1111100011011110
1101110111011110
0110111110111101
1110110011111110
1110101011111010
1001010111111101
0110001111101111
1110100111101101
1110111010101011
0100011111111101
1011011011101111
1111111111001111
1111101110111110
0111011110011101
1101010011111001
1111001011111101
1110101011111100
1111011110111001
1101111011011110
0101111110111111
1100110110111011
1001010111111011
1011110111101111
1111111110101101
1110110010111111
0110101111111011
1111111111111000
1100111011111100
1000111111101011
1110101010111001
1111111011101101