0111111101111010
1110111101111101
1111001111101111
1111111011110000
0110110101111110
1111111101111100
1111110111010111
1101111111101011
0111101101111111
1101111011101110
1111011011111010
1101111101101110
1110110111110111
1111110111001111
0111110111100110
1010111011111011
1111101111111101
1111101111111110
0111110011111101
1111011111101101
1111111001110010
1011111111101111
0111111111000111
0111011111010111
1111111101010011
1111111011101001
1101001111111111
0101111111111010
0110111011111011
0111011101110111
0110011111111001
1011110111111101
1111011011100110
1101111101110010
1110111011111110
1110111111011111
0011110111110111
1111111111011110
1011111111011101
1111110001111101
1111110111111100
1101100011101111
0111011011111011
0111011001111110
1111011111101010
1111111001110101
1110111111110110
1100111111111111
0101101011101111
1101011111100110
1110111011111101
1111011001110111
1101010111110101
0111111111001101
1111011011110011
1110011111110111
1110111001100111
1111011101011111
1111110111111011
1010111111111101
0111111111101010
1101101101111111
0111110111110101
1110111001111011
0011111111111011
1111111011011111
1110011101111111
0011111011111111
0101111111110111
1111111011100101
1101011111110001
1101111111011111
0111111101111101
1101110001110111
0010100111111111
0111011111111010
1111010011110101
1111101101111011
1111111110111111
1111011101100111
1111110011111110
0101111011111110
1111101101101111
1111111001100011
1101011101111001
1111011101110011
1011111111111001
0111110001111111
0101011111111100
0111111111101100
0110100011111111
1011111101111111
1110111101101010
0111111011110110
1111100001111111
1111001111011111
1111010111101111
1111101111110111
0101110111101101
0111111111010001
0011011111110111
0111110101110110
1101111111110100
1111111011100010
1010011111111010
1011010111110111
1101011011111100