0111101111011110
1111001111011100
1011111111001010
0110111111010111
0111111111011001
0111111111010110
1111111101111101
1111011111101111
1110101101110011
1011111111100011
1110001111111101
1010101111101011
0110111111001111
0110111111110110
1011101111011111
1110011111111110
0111111111100010
1111011111010111
1110111111110010
1111111110111111
0111101111110011
0111101111111101
1010111111011010
1110011111110011
0111111101111111
1111110111111111
1011111111111001
1110101101011110
1111011111011011
1111111011111111
1110111101111010
1011111101111111
1110101111001111
1111111111010101
0011111111111111
0111011111110101
0110011111111111
1110111111110101
1111111101000110
1011011111011110
1101111111111111
1011101111101100
0111101111001111
1110111111011101
1111111111101000
1010101111101101
1110111101100011