1111011110111110
1101110110111101
1111101011110101
0101111111011100
0111101111100101
1111110110011111
1110111101111110
1011101011111111
1101101110111110
1111011101001101
1111101010111110
1101011011111110
1111111110100111
1111110100111111
1111001011011111
0111101101011101
0101001110111111
1110101101110111
1101111010110111
1111110111110111
1011111001111111
1010111110110111
1100111110111111
1110101111111110
1011111111101111
1000111111111101
1111111111010111
0111111011111111
1111011011011110
1111110111111110
1101111010011110
0111011100111111
1111101111001101
1111111110110101
1010111011111101
0011011101111111
0011011111111110
1101101110011111
0101110111111111
1111001101001111
1110111111011111
1110111000111101
0111101110011111
0111101111011100
1111101110101111
1001101111111100
1011110111111111
0111100111111111
1111010111111111
1011011011111111
0101111110110111
0110111111111111
1111111101101100
0111111100011111
1011111011110111
1001001111011111
1111111110111100
0111110110111101
1001111110111101
1011101100011101
1101101111011101
1110111111101111
0111111101110110
1010011111110110
0111111101111100
1111111101110101
1011111010111101
1010101100111111
0111001101011111
1101111101111111
1111101110110111
1110011011110111
1111101111101110
0011101111111111
1111100001111101
1110011111111101
1110110101111111
1001011111110101
1110101111110101
1111111111111011
1100111011110111
1111111001111110
0101011111111101
1111001111110111
1111111011101111
1101011110111101
0111011111101111
1011111011011100
0111110101011101
0111111110011101
1000011111110111
1101111111101111
1111001000111101
1011111101111100
0101001111011110
1111011111001110