1111011111110110
0111110111011111
0110111111111011
0111011110111011
1000111101111111
1011110011111111
0111111011110011
0111010111110111
1111011011111011
1101011111111011
1000111111111110
1011110101111111
1010111011111011
0111011101111111
1010111101111011
1011111011111010
1111101111111111
1111010011111111
0011111111010111
1111111101111110
1001111111111100
1110111111010110
1010011111111110
0101110111110111
0111111111111110
0101111111111011
1101110110110111
1111110111111110
1010111111110111
1011111110111111
0111110101111011
1011110111011011
1011111111011101
1111110111110011
0110011111111111
1110010111111111
1111111010111110
1111111110011111
1110111111010011
1110111111011100
1001010111110111
1011011011111110
0111010111111011
0001111111111101
1111011111011110
1100111111111011
1111010100111011
1111111011011111
1111111111101111
1111010111111101
1101111111011111
1110111111011010
1111110111111001
1110011101011101
1111111110111101
1111111011111001
1110111110111111
1011111101110111
0111011111011001
1111011111110011
1111011111111100
1111110111110101
1110110111011101
1101111011110111
1110111111010101
1110011111111010
0100111111111101
0011111101111011
1111110011110111
0011111111110101
1111111001111111
1101111010111111
1101111111110101
1011111101111101
0111110111111101
1111111101011001