1111011010010111
1111100111110111
1111110011101111
1111111001001111
1101011110010111
1111001111101101
1111110110011111
1110111111111111
1011011111010011
1001110111111101
1011110011111111
1101000111111111
1101111110010011
1111011110110011
1011111001011101
1001011110111011
1111011011111011
1111001011011111
1101110100111111
1101111101101111
1011110101111111
1111111100011110
1011011111111110
1111001111110101
0111111111111111
1101010111011101
1111110111001101
1001111111011011
1011111111110110
1111011010111110
1011011110011111
1001111110111010
1011110111111110
1011101101111101
1101100101011111
1111011110101011
1111011000111101
1101111111110010
1111111100011101
1111111110011100
1011000111111101
1111101011001011
1111110000111111
1101011100111101
1101111111011010
1111001100111011
1111011111011100
1011101101001111
1111111000011111
1111101111111010
1011111111101011
1011101111101101
1011101110011111
1111111010101111
1011011111101111
1011011111110101
1011111111111100
1111110111111011
1101001111010111
1001001111011111
1011101011110101
1001111100111101
1111010101111100
1101010110111110
1111111111101110
1011111100011011
1111001101011111
1111101110101011
1001111111010111
1111001011111100
1111001010111111
1011101110111011
1101111011111111
1101101111111101
1101111101111110
1101101110110110
1111101001111110
1011111001101111
1011110111101101
1011011001111111
1111001110011111
1011111110010011
1111111111100111
1111111111111001
1111111101110111
1101011111101111
1111011110001111
1111101111010011
1111100111111110
1111011001111110
1111111111010101
1011111110101111
1111100001111111
1111101010111011
1101011101111011
1011101111011011
1111110011110111
1111011011010110
1011111101111110
1111101110011011
1111110011011110
1111101001011111
1001101101111111
1111010111110100
1101101110010111
1111101110111101