1011011110110011
0101111111111111
1111111110100001
1101011111110011
1101100111111101
1111011011011011
0111011011110110
1101011111011011
0111111111010110
1011101111111011
1110111111111111
1111110110011111
1111001111101111
1101101111110101
1111101110111011
1111011010110111
1111101111010111
0111110111111111
1001111111111111
0111111110111111
0011011111010111
1101110111100011
1111010011011111
0111011011101111
0111101111110101
1011111110101011
0111111111111001
1101010111011111
0111101111111110
1111001011011111
1111110111110110
1111101110011111
1101101111111110
1101011110101111
1101111011111111
1111111101111111
1101110111010101
1111111110111110
1011111111111101
1011111110100111
1111101111100100
1111011111111100
1111001111111011
1111100111110011
1101111111101100
1111111011111101
1111111111001111
1111000111111111
0111111011101010
1111010111110111
0111001111011101
1011110110110011
1101100111101111
1011011111110010
1101111110010111
1101001111111101
1101011111111110
1011111110011011
1101110110111111
1111101110100101
1111001111011110
1111110111111100
1111010111101110
1111111111111000
1111011111101011
1011111011111111
0111101111100111
1111110010101111
1111111011110011
1111100011011011