1000111101011111
1011101111011001
0110111111111011
1111110101110001
1111101101110001
0110110101111111
1011101001111111
1011111111000111
0110110111111110
1110101111110011
1110101111111100
1000111111100111
1010110011111111
1110110111110010
1111101100111011
1111101000111111
1001111001010111
1000111110101111
0111111111111000
1111110001110111
1011101101011011
0011111010110011
0111111011010001
0011111111101111
0100111111011111
1010101111111001
0110111111101100
1111111101111110
1011111001111101
1111101110011101
0111101111111100
0011111100111011
0011101011111111
0111111110011011
0011111111111101
1111111000011011
1111111110110101
1011110111110011
1011110111111101
1110111101111001
1111111110110110
1111111100011101
1110111110110111
1101111111111101
1111111110010011
0011100101111111
0010110111110111
1111111111101011
1111100100110111
0000111011111111
0011111001111111
0011101110111111
1111110011111001
1110110111111101
1111111000110111
0111111101011111
1011100111110111
1100111001111111
1111111001110101
1111111011110010
0111111111100100
1010110110111011
1111101111010100
0111101111110111
0010101111111111
0101111011111010
1101111101100111
0110111111010111
1010111101110011
1101110111111111
0011111111011111
1100111011111110
0111110110111101
1010101011110101
1110111011111011
1011111111110001
1101101001010111
1111101101011001
1011111100011111
1110111101101111
1111100011111111
1010111111010011
1101111111011110
0111111101111101
0110111110111110
1011111111111110
1111101001111101
0110111000111111
0111101010111101
0111110100111111
1100101111111111
1111110110101101
1111110111011111
0110111110111101
1101111101010011
1011111110100111
1111101111101111
1111100111111101
0101101110111110
0111101110111011
1100111110011011
1100111011110111
0111110110111010
1001111010111111
0100111111100110
1001111110110111
1111111110111000
1111101010111010
1110111111010101
1110111110001111
0111111011110110
1110100111111111
0101111100111111
1111111011101111
1001111110011011
1111110010111111
1111011111111111
1110111111100101
0110111011011111
1110111100111101
1011101111110011
1101101111111011
1011101101110101
1110101100011111
1110111110111010
0111110111110010
0111101111111001
0001111110111011
1001111011011011
0011101111111011