1011001111111101
1111101101101011
1101111111010111
1111110011110101
0011101111101111
0111111111011001
1111101111111100
1111111111110011
1010101101111011
1011101011111111
1101111111110110
1001101111111101
0001011101111111
1010110011111111
1110100011111011
0111011111101011
0111010111110111
0001111011111111
1111011101110101
1101100111111011
1111100111101111
1011111101100111
1000111111111111
0100111111011110
1011101111111001
0101111101111011
1101110111111010
1110111101001111
1111111101111010
1111111101001110
1100111101111101
1110110111111000
0111101101111011
1111011011111111
1111101111100111
0110111111111101
1011011111110111
0111111101011111
1101101001110111
0110011111111111
1010001111101111
1101010111101111
1011101101001111
1001110111110101
0101111111101111
1110111011111100
1001111111111001
0111111001111111
0111001101101111
1111101111010101
1111110011111010
1110111111101001
1010111111011111
1111011111111001
0010101111111111
1111001111111110
0110110111101111
0010111111100111
1100111111111011
1110110111011010
1111011111011111
1111100111011111
1110010111111101
0011111111111011
1111111001011111
1110011101111111
0001110111110111
0101101111111011
1101011101111110
0111111101111101
1110111011011111
1011111111111110
1110111101110101
1001110111111011
1111111011111001
1101001111101111
1111111110111111
1001111111101111
1101110111011111
1111101011111010
0110101101110111
1111111011011101
0111110111011011
0111111111110101
1101111111101100
1101110011111110
1110101111011110
1011110011110111
1111110101111111
0110101011110110
0111111111101110
1110011111101100
0111111111101101
1111111001111110
1011111111001101
1001111001110101
1110010111110111
1111110111101101
1111100111111110
1110111111010100
0100111101110111
1101111011011110
1111001111110111
1111111011101111
1011110111101111
1110111101101011
1100101111101101
0111101011010110
1001001101111111
1111111111100101
1010110111110101
0111011101111011
1110000111111011
0011001101111111
1011101101110101
1110111111001110
1111010111110101
0101101011111101
0111110111111101
1011101101011101
1100111111011101