1111101011101111
0111111101111011
1111100101110111
1011111011011111
1111100111001111
0111001111101011
1111011110111110
1111110011110101
1111110011101111
0111111100101111
1011101101111011
1101111100111110
1111101111110001
1111110110011111
1101110111110101
1110111101111110
1011110111111010
1001011111010111
1111111101111101
1101111101110110
0001011111111111
0110110111111110
1011111111101101
0111001110111011
1100110111101101
1111101010111111
0111110111010011
1011101111011111
1111110101001011
1101110100111111
1001111101111010
0110011101111111
1011100111111101
1001011111111101
1011110101111111
1111101110011110
1101111110110011
1110011111101101
1110101111111111
0111110111111000
1111100111101101
0111010111101011
1010111111101111
0111101111111101
0010111111111101
1101110110110110
0111111011010111
1100110111101011
1001111111011011
1010111111110110
1010110111111101
0101111111010110
1011111110111111
1111010100111111
1111101011010111
1110111011111111
1011111111110100
1001110111011110
1110111111011111
1011010111111111
1111011011111111
0011110111110111
1100011111111111
1111011111110101
1111100101111011
1011011111110110
0111101011111111
1111011100101111
1101010111101111
0111011111111110
0111100111111111
1111101111111010
1111011111101001
0101111111101111
1111001110101111
0101110111111100
1111111111011101
1110110110110111
0111101110010011
0111111100011110
1111111000101111
1111011101011111
1010111111111100
1111101011011110
0111111101010111
1111111011111011
1101101111111111
1111010110111011
0011111101011111
1111111110110010
1011111111110001
1111111111101110
1111111101011010
0110111101110111
0011111011111111
1111100011111111
0010111111111010
1010011101110111
1101011101111111
0111010111111001
1111111100110111
1111111110111101
1011101111110111
0110111101101111
1101111011111111
1110010101111111
1011110011110110
1101111101010011
1111011111111100
0111111000011111
1100111110101011
0111111111110101
1111111111100111
0111101111001011
1110110111110100
0111110001111111
1111011101101011
1111000111111111
0101011111111101
1111100111111110
1101010111110011
0111010101110111
0101111111110010
1111101100101011
1101010111011011
0110011110110111
1111001111011111
0101111111011011
1111001101101111
1110111111111001
0011001101111111
1111110011011110
0111011110011111
1011111011101111
1001111111110110
1110011101110011
1010011111111011