0011111110111111
1110101111101011
0110111111111011
1111011101110110
1111100111110111
1011011111111111
0111011110111011
1010101111111011
0110111111100111
1101111110111111
1111111111111101
0111111111100110
1111110100111010
1110111110100111
1001111101100111
0111011101111110
1100011101100111
1111011111100011
0100111101111111
1111111101100110
1111001111111011
1010111111110111
1101110111111011
1111111011111111
1101111101110011
0111101100110111
1011101111101111
0101110111111111
0111101100101011
1111011110110110
1110011101111011
0111111101110011
1111111111011111
1110101101100111
1101111101101011
1111101110101110
1111110101110111
1110110111111110
0111010110110111
0010101111111111
1110111110101010
0110101111110110
0111111111101010
1101101111111111
1111010110111011
1111011110101111
1110111100110011
1101010111110110
1011100100111111
1101011101111110
1111101101100011
0111011101101111
0111111110111110
0110111110111111
1011111111111110
1111101101111010
0110101111101110
1111101100110011
1110110101111111
0111001111111111
0110111101101110
1110101101110110
0101111111100111
1110101110111111
0001111111111111
1011110101111011
1111001101101111
1111000100111111
0111101111100111
0101011111111111
0111110111110010
1111110111101111
0011110111111111