1111101110100111
1010101111111011
1110111111111110
1111111111111100
1111011111101111
1111101110111011
1100101111001111
1001111111111111
0111101111111111
1011101111011111
1010001101111111
0111011111110001
0111111111011110
1111101111111101
1111010110110011
1011011101011110
1100111110111111
1011111111101110
1011100111111111
1111111100011111
1111111111010111
1011010111110011
0010111111111101
1110110111111111
1011111110111110
1111111011111111
0101110111111111
0101111110110101
1100011111111111
0111111110111011
1101111100111101
0110011111111111
0011111110101101
1010011111011111
0111011111111110
1111111101111011
1111101111111010
1011111101101111
1110011110110001
1110111111101001
1111111110101010
1100111111100111
1111110110110110
0111010111111011
0111111110011111
1011111111110010
0111111111101011
1111111110110010
0010111110101111
1101010110111111
0101111111101101
0111111111001111
1101111111011110
1011111110011111
1111001101011111
0111111110111110
1110111111011011
1111110110101111
1101111111111011
1010101100111111
1100101101011111
0101111101101111
1111110111011111
1111111111100011
0110111111110001
1011110111101101
0111111101111110
0111010110111101
1111110111101110
1011111111111001
1111110101111111
1111011111011010
0111111101101101
1111000111111111
1111111101110111
0101111111100110
0011110110111111
1010111111100111
1011011100111111
1111111111100101
0100111101011111
1101011110011111
1101111110110110
1100111111110101
0011011111110111
1101010111111110
1100111111011101