0111111101111010
0101111101111111
0111110111011110
0110111111111011
0111111011111110
0111111001011101
1110111011010110
1001101111111111
1011101111000111
1101101111110100
0011011101111011
1000111101111111
0011111101101111
0110111011111101
1011111011100110
1111101011101101
0001111111101110
1111101111010010
1101111101101111
0110111111011111
1111111011001101
0101111111011110
1110011111101111
0011111111010111
1011100101011111
1101011111101100
1110101111111110
1010111111101110
1111110101101111
0111111111000111
1010011111111111
1010101111100111
0111101111111101
1100111111010111
1111001111111011
1110110111111111
1011011111101011
1101111011001111
1110111101111011
0001111111011111
1111001011101111
1101110111010110
0011100111111111
1001110111011111
0101110111111111
1100001111111101
1101001111111100
0010111101111110
0111111111111100
1111011011111110
1101111111100100
0101111011011111
1111110111111101
1111011111101010
0100111111101111
0111100111111110
1101101011111111
1110111001011101
1111010111111111
1010111101101111
1101111011101100
1011111111011110
1110011111110111
0111011111101101
1010111111110010
0001011111101111
1011111101001011
1111011111011111
0111111111010110
1111111111000010
1111111011111011
1110111111001100
1010111011110110
0011111111111010
1111111101101110
1111110111100110
1101111101011110
1110111111011010
0101111111010101
1110111101001101
0111011111111010
1111100111011010
1101001111101111
1111111110111111
1101111111111011
1110101111000011
1111101001111111
1011111111111101
1110011001111101
1111101101011110
1101110011101111
0011110101111110
1011110111010111
1101111011011100
1111101111101110
1100111101011101
1101011111110111
1111011111110011
0011111011110111
1110101101101111
0111110111101011
0111011011111101
0111001111111111
1011101111111110
0110111101101101
0111111111010011
0111110011111111
1111111001111110
1111111101110111
1111111111111001
1110111111010101
1111101101011101
1101101111010110
1011100011110111
1011101101101111
0111111111001011
1101110111100111
1011101111011011
1110111011101111
0111100111101111
0111101111100111
0101011111111110
1011101011001111
1011011111111010
1100111111011100
1110011101111100