0111111111111011
1111011011011011
0111111011011101
0101111111011101
0111011111111100
1111111111110011
1011110111011110
1001111111111111
1101110111101100
1100111111010101
1111010101101111
1111110111110111
1111101111111111
1111011111101101
0101110111001110
1011010111111100
1111111101111010
1110111101111011
0100110111111111
1011110111011011
0101111011111100
1111010111011011
1111011011111110
1111011111110101
1110111111011110
0011111111111111
1101110111001011
1110111111110100
1111110101011111
1111110101101011
1111111111011100
1101111111011001
1111110011111111
1011011111101111
1100111111111010
1111111001011111
1110111111101111
0110111111110110
1111110111111001
1010111111111110
0111011011111111
1111011111011001
1111111011111001
1111111110111111
1101111101111111
1111011011001111
1110111111011001
0100111011111111
0110010111111111
0111111101111110
1011011111010110
1111111101110111
1101011111101111
0101111111100110
1111111101011110
1111011001111111
1101010111111101
1101111011101010
1011110101101110
1010011011110111
1111111111100100
1011010111011101
1100110111111100
1111010111101110
1100010111111110
1011111011101111
1011011111111010
1111111011010110
1111111011101101