0011111100111110
1111100101110111
1010111011011111
1111111010011111
0110110101111111
1100111111110111
1110101111111101
1011110111011111
1001111111111111
1100011011111111
1111101011101101
1110011011111011
1111001111011011
1100111110111101
1011110101111111
1011111001111111
1110101011010111
1100111110111110
0110111100110111
1111111100011110
1010111101011111
1111111101011100
1110111110100101
1011011111110001
1110011001011111
0011111101111101
0110011110111111
1101111000111111
1111111100110101
1011011100011111
1101110111111010
0111111110100001
0111011111111001
1101111011111011
1100111111111100
1111111111110110
1011111111101001
0111111001111001
1111011110110111
0110111111111100
1010101111101111
1111101111100111
1111011101111010
1100111011101110
1111011001011101
0110011001111111
1111010101011111
1110111001110101
0111011011111011
0011011100111111
1110010001111111
1100111110111011
1111010001111110
1111010100111101
0011110110110111
0111110101111001
1111011011110011
1101110111101110
1111111101010111
1101100111111101
1101111111100111
1111010111011101
0101111111110101
0111110101101111
1100101101111111
1101001011101111
0011111111111011
1110011101111110
1111111101011010
1011110111101011
1101011101111110
1111111010100011
1010111111111110
1111110111111000
1110111111000111
0110111000111111
1111110110101101
1110111011011101
0101100101111111
0011110110101111
1011111101110111
1111011001111100
1111101111101110
1110101101101111
1101110001111111
1110110101111110
1111100111111100
0011111010111111
0111111010111001
1110110011101011
1100110100011111
0101101101101111
0110110011111111
0111111111101100
1111010101111001
1100111101101110
1111001111110111
1101011101111011
1111110010111111
1011101101011110
1101110111110011
0011011111110111
1111010111110101
0111100101111011
1101111010111110
1010111110001011
1111011111001111
0111111101111010
1101000111011111
1101110110111100
1111110011101110
1011101101111011
1110110110100111
0111100111110011
1011111111000111
1101000101111111
1111110101101001
1111110110111011
0101011111101010
1111001011011111
1011011010111111
1101011101110101
1110101101110111
1111110100011101
0111111111011111
0111111011100101
1110011111101111
1111011111101101
1101010011111111
1110111011001111
1100001111111111
0100111101111111
1101011111111001
1111111101100111
0111110011101111
1011011111101010
0111101011111001
1111011011011110
1010111111110111
1010111011111101
1111111101001111
1110111101111011
0011011101111110
1111111010111100
1111111110010011
0101110111111110
0010111111111111
1110011110011011
1110111111011110
1111111011011011
1111100111110101
1010010111111011
1011100111110111
1111101101110011
1111101101111101
1011001111101111
0101110110111111
1111110111011011
0110111011101101
0111111010101110
1110111101101100
1011110111100111
1111000111011110
1011111111111100
1011111011110111
0100111111101110
0110111010110011
1100111011111101
0110111111101011
0011111100101111
0111110100111101
1101101111010011
1101010111110111
1111100011111111
1011001011111111
1010001111111011
1101110011111100
1101110101111101
1111011011101011
0111110100111110
1110101101011111
1011110110111110
1111111010110001
1111101001111110
1101101101011111
0101110111111001
1110110011111110
0101111011111111
1110011111111101
1111111111011001
1101111111011101
1100111111101101
0111010111111111
0011011111101111
1111001011111110
0111001111111111
0110101011110111
0101110111101111
1101111100111011
1011011111010111
1111101110111111
1111001011111101
1111011100111001
1011111110101110
0111100111101111
1110001111011111
1110111100111101
1111010111101111
1111110110011100
1101111110110111
0111101011101111
1111011100111110
1010100111111011