1111111010011110
1110111111111110
1101111010111100
1101111111101010
1111110110111011
1011111101111011
1101011111011001
1111111111001010
1101111100111010
1111101111111111
1011010111111101
0111111111111111
1111110110111101
1111011010111111
1001011111111111
1011111011111101
1111111010011011
1111111111110111
1011010101111111
1111110110111110
1101011100111101
1101111100111100
1111110111011011
1010111101101111
1111111111011100
1010111111011111
1111111100101011
1111111111101101
1111110011011101
1111111001111011
1101111101111000
1011010011111111
1110110011111101
1011111111111110
1001111011111011
1011011011011111
1100111101111111
1110111110111111
1111110111111010
1101111110011011
1111011100111011
1101111110101111
1011011100111101
1011011001111111
1111111010101010
1110110101111111
1011010111011111
1011110011011111
1110011001111111
1101111011011111
1011111110101111
1111111101011111
1111011111111110
1110011111111011
1101110001111101
1011111010011111
1100110111111101
1110111111111001
1001110111111111
1011110110011111
1011111011101111
1111110111101111
1101011011111101