1111100101110110
1010011101111111
1111101011110101
1111101111110010
1010110101011110
1001101111111101
1001111101111111
1011111011100111
1101111011101110
1011011011111100
1111110001110111
1101011111111011
1111110111001111
1111100111101111
1001011111111100
1111110101111100
1110111101111000
1011111001111101
1011100001111111
1110100111111100
1111101011101011
0111111111111111
1100110111101011
1011111111110110
1100111111111110
1110111111110111
1101111001111010
1001110111110111
1001101111101011
1101001111111101
1010111101011100
1110111111101010
1111011101111011
1111110001111101
1101100111111111
1011011001011110
1010111011111111
1111011111011101
1111000111110111
1111111011110011
1111111111110100
1011111111101010
1111101001111011
1001111011101111
1111111111101001
1110110011111010
1111100011111101
1111110001111110
1111110101111011
1011001111101101
1101110111111110
1110010111111101
1111001011110111
1111001101111100
1001111111110101
1111111111011011
1111011111111010
1011001111110101
1101111111011111
1011001011111111
1111111101101111
1111011001010111
1111110011111100
1110111011011111
1001111011111011
1100111101111111
1111111101110101
1111111110111111
1111010101111110
1110111011111000
1011000111111111
1011111011101011
1110011001111100
1011110111010111
1110111111101101
1111011111110011
1011111111111001
1110001001111110
1011111111001110
1111110111110101
1011101111111110
1111101011111100
1110001111101011
1111001011111101
1110010111101011
1011011101111101
1010111111111011
1101110111111101
1111000101111101
1111011111100111
1111101111011111
1011111011101110
1011010011111101
1101011001110111
1011001101110111
1111011111001111