1110110010111101
1101111111001111
1111101011101101
1101111110111110
1111100111101101
0111101111111101
0110111111111110
0001101111111111
1101110011110101
1110111111110111
1011101111101110
0101101111111110
0111111111110011
1100111111111111
1011111111101010
1111101110101001
0111111111101011
1111110111100110
1011111110011111
1111111010101101
1110111111011010
1111110111111001
1101101111111101
1101111111111011
1111111011100111
1111100110111011
0111111111101101
1101101011110110
1111101111101000
0101111111111101
1111011111111111
1110111110101101
1010111111111011
0101101111110111
1110111010111000
0111110111111111
1011110111100101
1110110010101011
1111111101111111
1011111111011011
1111101010111101
0111111011111111
1111111111010110
1110101111101111
1110100110111101
1111100111110100
0011101110111110
1011111011111111
1111111011110011
1010111111011111
1111100011111101
0111111110011110
1011111111111100
1001111110111111
0111111111010111
0011111111011111
1011100111110110
1111111010110111
1111101110110001
1111111011011111
1111110111011111
1101110011101111
1011111110100111
1111111110101110
0011101110110111
0111111111011100
1011101110111101
1011111111100110
1110101011111100
1001111111011101
1011101111110010
1001111111110111
1111101111011111
0111111110110110