0111111101111011
1111011110011100
1111011111101111
1011011111111100
1111111101111110
1110101111111111
1111001111110100
0111111111111110
1111110111111111
1011101111110100
1111111011111111
0110011101011111
1011101111101110
1111111111101011
1011111111011000
0010111111111111
1010111111011001
0111111111110011
1111101101110011
1110111111110101
1011111110111100
1101111111111111
0111001111011111
1111001101111111
1111001111011100
1010111111111100
1111101111000111
0111111101010111
0011111111011111
1110111111001100
0111111110111111
1111101111101100
0110111101110111
1011001111110101
1111011111111011
0011101111111101
1011111101011101
0011111101111111
1110111111011010
0111101111010111
1110111110011100
0011101111100111
0111111101101111
1011011110011110
1011111101110111
1111101110001110
1111101110110111
1010111110100111
1011111111010101
1010011110110110
1111111100111111
0110111111101111
1111111110111001
1011101111011011
0111101111111011
1111011110010101
0111011111110101
1010111101111111
1111111110111010
0111101101111101
0111101111001111
1111111111100110