0101111111111110
1111011111110111
0111101111011111
1111111001110110
1110111111111110
0011011011111111
1111111101110010
1111101111110011
1011101011111110
0111110111111111
1111111001101110
1111111101100100
1101011111111011
1010101111011111
1110110111110111
1011111011111010
1101111110111110
1111111111110000
1110111001010111
1111111010111011
1011100111111111
1011111111101111
0101101110111111
1011011111111110
1111011110111111
1111011101001110
0111101111111101
1101001111111111
1010011011111111
1000011111111111
1110111111000101
0000111111011111
1001110111110111
1111101011010111
1100111010110111
1001110111011110
1110111000111101
0111111111110010
1111110110111111
0111111011010101
1001111111111011
0100111011011111
1110110111111101
1111111011000111
1111110101110111
0110011111111111
1101111001111111
1111111011110001
1111101010011111
1111101101111110
1111111010111110
0110101111110111
1110011011111101
1101101111011111
1110111111101001
0111111110011111
1110011111011111
0111101110111110
1111110101111011
1010111111110011
0110111111010111
0110101110111111
1101110011010110
1010111011110111
1111111100010111
1110111011111011
1110001111111101
1111111000001111
1011010111111011
0010111111111011
1111111111011011
0101111111110111
1011111111010111
1111110011111101
0111101011111011
1101110011110011
1010111110011111
1101110101111100
1111110001011111
1100111101111111
1111101101111011
1110110111011111
1011101010111111
0010111011011111
1111101001111111
1011111111111101
1111011011001111
0111111110111100
1111101111101111
1111011111111100
0011111011110111
0111111101111111
1101111111011101
1101100111110111
0011101110110111
1111101111011110
1111001011111111
1011001111011111
1101011111011111
1111111001111100
1111101101110101
1011111101111111
1111101111011101
1100101110111011
1111100111111110
1101010101111101
1111011001111111
1110111101101011
1110111110100011
1101111111101111
0100101011111111
1001101011110111
1111000101111101
0111111111101111
1111111101110001
1101111111110101
1111110111101111
1111111011101101