0111111011111110
1111110011101111
0101111110011011
0101111111011101
1110111101111101
0111111111011001
1101111100111111
1110111101111110
1100111111110110
1001111111111111
0101111001110111
0111111110010111
1101110111001110
1111110101111101
1011110101111111
1111111010011001
1111111111001011
1111101111111111
0101110111110111
1111111101011101
0101110111011111
0111111011111011
1111111110011110
0101111110101111
1101111011111010
1101110111010111
1110111110110110
1111111111101010
0101110111111110
1101110010111110
0011110111110111
1101111110100011
1101111111011010
0111110110101111
1011110110101100
0111111110100111
1011111011111111
1111111111110101
1111111011111100
1111111101111011
1111110110100111
1101111011100011
1010111111011110
0110111111111111
1111110100110110
1111110001111110
1100110101111111
0111111100011111
0111110111101110
0111110110111101
1111111010110111
1111111010001111
1110111111101111
0111111101110110
1010111111010111
1111111110101001
1111110010111011
1011111110011111
1111110111111001
1101111111000111
1110110111011111
0101111101101110
1111110111111010
1011111101110111
1110111011011101
1101110111101011
0111110001011111
1011111101011110
1101111111101101
1100111110011011
0111110111101011
1111110001010111
1011111100111111
1100111110111100
1011111111100111
1110111101011111
1111011111111111
1111110011110110
1111110101001110
1100111011011011
1011111111111011
1111111101000111
0111110000111111
1101111110110110
1110111111111001
1101110111111101
1101110101011110
1110111110111010
1011110111011101
1111111001100111
1100111111011101