1100101111101111
0100111111111111
1011101110101111
1001111101011111
1110011101101111
1100101100111111
1001111110101111
1111011111001100
1011101111011111
0111110111011101
1000111111111111
1011100111111101
1100101110011111
0111111111011110
1110011111101110
1110111111111100
1111111101111110
1011111111101110
1011010110111111
1011011111111110
0110111101111111
1101001111111111
1111110110111101
1111101111001101
1111111011111111
1111111111110111
1101111111111101
1111001101001111
1111111110011101
0011111111111110
1100011111111110
0010101111111101
1011111111011101
0111101111011101
1111011110011111
1110110111111101
0111111101011111
1110011111011101
0111011111111111
1011010111001111
1011111111011110
1011100111101111
1110001111111110
0111101110111111
0010111111011111
1001101101101111
1101111111011110
1101011101111111
1011011101001111
1111110110101111
0010100111111111
1111111101001101
1111111110111110
1111110111011110
1111101111101110
0001111110111111
1101101100001111
1110111110101111
1111110101111111
1111111111111011
1111101101011101
1110111101011111
1010001111111111
1001110111111111
0111111111101111
1011111101111101
1111101110111101