1111110010111100
0100111111111110
0101101110111011
1011100101111111
0011111110011101
1100111111001111
1111101010011101
1111011011100011
1101101111001110
1111101100011111
0111111110101001
1011101100110111
1101000111111111
1010110011111111
1001111111111111
1111100100111101
1111110100111110
1011011111110011
1011110111011010
1111011100011111
1111100111101111
1010110101111111
0011001111111111
1111110110011001
1110101111111110
1011101110010101
1111010111111010
1111111000111110
1111111010000111
0111101111111101
1010111101011111
0101111111111010
0110011110111111
1011110010101111
0010111111101101
1011110101111100
1111111010011011
1011101010011111
1110111111110111
1111111111110110
1110101111001111
0111011101011111
1110011011111111
1101001111011111
0111011111111110
1111100111010011
1111011101010111
1111101111111010
1011101111100011
1011100110111101
0111101111110111
0101111111001101
1111110001111110
1101111111100111
1110111110101011
0111101110111110
1110011101011111
1011111110000111
1011011011011011
1010111010111111
1011010111000111
1100111111011110
1110111101101111
1110100101111111
1011101011011011
0011101110111011
1111101110101011
1011110011001101
1111111010100011
1111101010101111
1111100011011101
1101111011111111
1111010101111111
1111110011100101
1011110001101101
1110101001111111
1101011110111111
1111011111001011
1111110010001111
1111011111111101
0110001111111111
1011001111011111
1011100011011111
1101101111001011
1110101111011101
1011111011101100
1110111110001111
1111101101010011
1111100010011110
1011110111101110
0011111100110111
0101101110011111
1010111111111010
1101110111110011
1011110011011011
1110101110011011
1101110111111101
1011111100001111
1110111111001110
1101111110101011
1111010110011111
1011011101111110
1101101100111101
1110111101111101
1101111101110111
1110111101111110
1101111101001111
1111111000011101
1110001111101111
1101111110011101
0111110111111111
1011111011100111
0111101101111111
1111101110000111
1110011110011110
1101101111101001
1110100011111011
1110110000111111
1011011010111111
1111011010110011
1011110011011110
0111111111011110
0100111101111111
0111111011111111
1111101010110011
1011111101010101
1111001111111011
1110111111011000
1111100000111111
0101111111010111
1011110111110011
1111111101111010
1111011001101111
1011111010111011
1010111110111110
1111110011010111
1011100111111100
1111111111101010
1010010111111111
1111101011001011
1101111101011011
1011110110101101
1111100111110101
1110110111111101
1111110011101100
0111111111011011
1111011111010011
1011001101100111
1110111011111100
1110111111101001
1100100110111011
1011010011011111
1101110101111110
1111110101111011
1011110101001111
1110100111011111
1111010011001111
1011110110011100
1111110111011000
1110111011111010
1111110101100111
1101101111011101
0101011111011111
1011010111111011
0011111101111110
1111101101111001
1011101111001111
0111011111111011
1011100110011110
1101101101011111
1111111001011001
1010111011101011
1111101001100101
0100111110111101
1111101000110111
1111111110101110
1110111011101101
0111111111110101
1111010110101111
1111101001000111
1110011110111011
1110110111101111
1011111111111001
1110011111011011
1011000011110111
0111111101101100
1101011111101111
1111101001110011
1110101011111101
1111111101101011
1111110000110101
1011111011011100
1100101110101111
0010111111101011
1111010111101110
1111111111000011
0101101111101011
1101111111110101