1111101001101111
1110110111101010
1111001011111010
1111111001001111
1011100111011110
1011101111111010
1111011101101110
1011111111101100
1010110011111111
0111110111111111
1111110111101001
1111010011011111
1011001111111110
1010111101111011
1111011111101101
1110101111111111
0111111111111110
1111111101111010
0011101111101011
0111011111001111
1011110111111101
1111111111110111
0111111011001111
1011010111111010
0111111111111101
1110011111101011
1111110101011110
0111001111011111
1101111111111111
1111011011111101
1111111111011101
0110111111111111
1010111111011110
1111011111111001
1111100111111001
1011000111111011
1011110111001111
1110010111111101
1011010101111011
1111111111011011
1010110111101110
1111010111011110
0111101011111011
0111011111111011
1011101111001111
1111100011101011
1111111011111001
1111011011101011
1111111110111111
1011101111101001
1111101101011111
1111110011111110
1110110101111110
1010010101101111
1111111001111101
1111111001111110
1110111101011111
1111111101101011
1111011001111111
0011001111101111
1111111111111000
1010111101111101
1011111101111100
1011111011101111