0100111111111110
1111110011001101
0101011110111111
1111111010011111
0111011111110010
1111011101101111
0001011111111111
1011110011111111
1011011001111101
0100111111111001
1111011100011111
1010011111100110
0111011111110001
1101111110110011
1101111110111101
1111101111111111
1101111100011110
1111111000111111
0011011111101110
1111110100111101
0111011110101110
1000011111111111
0110011110101111
0101111110101111
1100111111111100
0110011111111010
1110011111000110
1101111111011010
1101111110100111
1111011101111011
0111011011101110
1101111111100101
0111011011111011
1001111111001111
1110110110110111
0101111111110101
1110011101011111
1010111111111100
1010111011110111
0111110110111101
1111111011111010
0110111011101111
1010111010111111
0111011110010110
1111110111100111
1111010111111101
0011110111111100
1110111101101111
1011011110111111
1111010111011111
1111110010111011
0101111111110110
1111111010101100
0110011011111111
0111111011011011
1111110110101111
1100111111000110
1100111101111110
1101111011111111
1001111111101110
1110110111011111
1111110111111010
1110111110111110
0110111111110001
1111011111111100
1101011111110111
1111110111101110
1011111100111101
1111111101110111
1111010111110110
1110011010101111
1110111110001111
1011111011101101
0111111011110111
0101111111111100
1111110011110111
1011111101111110
0110111110110111
1110111110111011
1110011100111111
0111011111011101
0011111110111110
1110011110011101
1111110110111001
1111111110011010
1111011011011011
1111110100011111
1111111101111100
0111111110110101
1111111001101110
1101111111010100
0110111111011110
1010111110110111
1111011111101101
1111111001101101
1011011111000111
0111111110011011
0110111011111011
1110111111000101
1110111101111001
0111110111111011
1111111110010011
1101111101111101
1111111111101011
1011010111111111
0001110111111101
1010111111011101
1101011111111110
1111110001111101
0110110111101101
1110111011011011
1111011111010011
0011111011101110
1010011111011111
0001111111011101
1110111011111101
1111111110000110
1111111001011101
0000110111111111
0011111111000101
1110110001111111
0111110111010101
1011011111110101
1111110101111011
1001111101101111
1100111111111010
1011111001001111
1011111010111110
0111011011011111
1110010111110011
1101010110111111
0011111111100100
1111111010110111
1011110101001101
0111111111010100
1011110110111110
1011110111010111
0111111101111111
1110011111011011
1111110111110100
1011011011101110
0111111111010011
1001111110110111
0111110011111110
1111011010101110
1110110010111111
1110011011010110
1001111111011100
1011111111111011
0011111110011111
1100110111111101
0101110111101101
0100010111101111
1011110111011100
1001111111110110
0111011010111110
1010111011101111