1111011111110110
1111100110111111
1111011101110111
1011011101111111
1111110111101010
0110111011111110
1101110011111011
0111011101111101
1110110100011111
1000101111111111
0101111011101011
1111111101110011
1111011101101110
1110110111010111
1111111101111100
1101101110111111
1110101111111100
1111111010111001
1011110111011111
0111110111111111
1111110111101001
0111111011110011
0111101111111111
1101111011011011
0110111011111001
1101100111111011
1111001111011011
1000111111111110
0010111111101110
1101111010110111
1101110111001111
1111011001101101
1110111111001010
0011111111010110
1111011111100011
1111101110011101
1110111011110111
1111111011001111
1111111100111011
1110101110111001
1101010111111010
1111011011111001
1101001111111111
1100111111010111
1101111011100111
0111111011010110
1111101100111101
0111011110111111
0110111101011101
0010111111101101
0101111111010110
0111011111111000
1101111011111010
1111101111111000
1001110111110110
1010101101111111
1010111110111111
1111110001100111
1111010111001110
1101111111111101
1011010111111110
1111011111000111
0110111111001110
1111111000110111
1111110101110110
1011111011111111
1011011111011111
1110111111110110
1111010001111111
1101111110111011
1111111111110101
1111111000011111
1101111111000011
0101111111101110
1111110111011010
1111011011011010
1100101111011111
0110111111001101
1111000111011111
1101110111101110
1110111101101101
1111110101111010
1011101101110111
1100111011111111
1111111110110011
1101011111101011
1011011111101101
0101011111011111
1111101111011001
1111010111111100
0111111101110110
1001010111111111
1110011111111111
0110111101110111
1110100101111011
1010110111101110
1111001110111011
1110111011011111
1111110011100110
0111011011111110
1111011111011000
1111110001011111
1111111110111110
1010111101110111
0111111101101111
0111111000111101
1011111101110110
1101111101111111
1111101110110111
1111101101011111
1111111011010011
1111010010011111
1111111111101100
1111111111100010
1111111011011101
1111101111101111
0101111011111110
1111111110101111
1011111101011111
1101111111010010
0001111110111111
1111011110010111
1111100101111101
1111011101011011
0111011111110111
1101011111011110
1101111011110110
1111100111011011
1111010011110011
0111111111100011
1110111111001001
1111111001111110
1101100111011110
1111000111111110
1111010101111001
1110111001111111
1110101111011101
1111111101101010
1100111111101111
1101111011011110
0111111101111001
1111001111011110
1011111111111011
1101110111110011
1010111101111110
1101011111010011
1110111111111000
1111101011111111
1110111111100111
1101011011110011