1101011111111101
0011111110111111
0111111101111010
1111110100111001
1111110110110110
1111100111110110
1001101111111111
0111011111110011
1101111100111110
1110111111111111
1111101111111100
1011111010111110
1001110111111101
1101101110111110
0101011111110111
1011110011111111
1101111101111001
1111111111101111
1111010111111101
1111011110111100
0111111101110111
1011010111111011
0111101111111111
1111001111111101
1011100110111111
0101111100111011
1111011111111010
1011011110111111
0111111101111101
1011111101111010
1101110111110110
1111101001111101
1111110101110011
1011111110110111
1011111110111001
1101111011111111
1101101111111101
1111101101111011
0111110011110011
1111111111110001
0011011111111101
1101111101110101
1011101110111010
1001111101110111
1111011100111011
1101011110111111
1101010101111111
1111011101110011
0111111111110101
1111110100111100
1111100111110011
1111100111111101
1111001011111110
0111010101111110
0111011110111111
1111011010111111
1011111111110110
1001011111111111
0111111010111001
1111111100110100
1101110111111010
1011111001110011
1011110111111100
1111010101110111
1111000111111111
0111110110110111
1101111111111100
0111110101111011
1111111111011111
1111110010110101
1011011111110111
1111100010110111
1001111111111011
1101100111111110
0111111010111110
1111001110111111
1111110101110110
0111011101111011
1101111110110111
0101011111111110
1011101011110111
1001111100111111
1011110110111011
1111011001110110
1111001101111111
1111011100111110
0111111001111110
0011110111111110
0011111011110011
0101110111111101
1011011011111111
1101001111111011