1010101001111111
1001111111111111
1011011111110011
1011101111111001
1111111111110010
1111101111111110
1101011011111001
1011111011011011
0111111111111111
1111011001011111
1111011110110111
1100111011101111
1110011011111110
1111111111110101
1100111111001110
1101101111110111
1101101011111111
1101001110111101
1111010111111111
1111011011110011
1010101111101101
1110011101011111
1011111100111011
1110111110111101
1110111110110011
1011111110011111
1111100110001111
1110111011011110
1101110111011111
1111111011100111
1101011111110111
1110111110101111
1101011111011110
1111110011011001
1111111101110111
1011110011011111
1111110111101101
1011111011101101
1101111011011111
1110101110011011
1111011111100111
1011001111011011
1110111001001111
1110111111100111
1111110110111001
1101110110111101
1100111110011110
1111110011101111
1111001111101111
1111111110011001
1110110110111011
1111110111001110
1111110111110110
1110101111010011
1111111101111110
1011111101111001
1111110101101111
1100001111111111
1111111111010110
1110001111010111
1111100001011111
1011111110111110
1011111011111100
1011110111111101
1111001100111111
1110101101111001
1100111110010111
1111110101011101
1110111110110110
1111111111101011
1110110110111110
1011001101111111
1011111111011101
1011111111010011
1111100101111011
1011111101101101
1011001111010111
1111011111011101
1011011111011110
1111111010111111
1111011011011010
1111110110110111
1100111011111110
1111111110111100
1110110011111101
1010110111101111
1101110011110011
1110110111111001
1101001110111011
1111101001111101
1101111101111111
1111011100111011
1111011011001111
1110101011111011
1110110011111110
1011111110100111
1111111111011000
1110011111111101
1011011011111011
1101111111011101
1011111111001111
1110001001111111
1100111011110111
1100011111011111
1011101110111101
1010111100111111
1111101111011101
1110100111111111
1111100011111011
1011111011010111
1111101101101101
1111111110101101
1100110110111111
1110001111110011
1111110101111001
1011101111110011
1011110101111011
1011011101011011
1100101111111011