1101101101101111
1111001011111010
1110011110111110
1111000100110111
1111111001110111
1000101111111111
0110011111111101
1111011011100010
1111011101101110
1101111111001111
1110101111111101
1101101110111111
1101000111111111
1101111101101010
1110101110111011
1111110101111100
1101111110111101
0110110011111110
0111111110101111
1101101011111011
1001101111100111
1110111000111111
1101111100011111
0100111111111010
1101111011100111
0100101101011111
0111011110111111
0111001111110101
1111111100110100
1100111111110011
0011011111111110
1101111111111100
1000111111101101
1110011110110111
0111110101111010
1011101111101110
1010101111101111
0101101111111110
1101011011111011
1011000111011111
0111011111100101
0111111110111011
0111011001111111
0111011011111011
1111011100101111
0111111111100100
0111110101111001
1001110111011101
0011111100111111
1110111101101101
0111010011111111
0111101110111111
0110111111010111
1101110111111110
1111011111100100
0111110111110101
1110111110110010
1111111110010111
0101111101101101
1101001111110111
1010011111110110
1111101111100011
1111101111101101
1111110011110011
1111001110111011
1101111100110111
1110110111011111
1111010111110001
0101111101101110
1101111010111010
0111111101110101
1101011110111111
1101111110101110
0101111001111011
1011111101011111
1110101101101111
1111100111110011
1111011110111010
1100111110011011
1001011111110101
0111001101111111
0111110001111110
1111001110100111
0110011011111110
0111011111011111
1111011110111001
0111101111111011
1101110110111111
1011011110101111
1011101101110101
1101101111111001
1110111111001111
1111001110111101
1111011010110101
1111111100011011
1111110111101111
1101001101111111
1110111111100110
1111011111001111
0010111110111110
1010011101111111
1111011101110110
1111110110111001
1101111111010111
1111011110011101
1101111000101011
1101110111110101
1110111101111110
1011101110110110
1011011111011101
1111101011110111
1100111111101010
1001111100101111
0101111011110111
0111111011111101
0010101111110110
1110111110110100
0111111111000111
1111101010111101
0111000111111101
0111111011111010
0101111101111010
1001011101111110
0011111111111101
1011101101111110
1110111101111011
1101111001111010
1011110111111110
1010110111111111
1101111010110110
1110111110011101
1011111111110100
0101110111111111
1111101100111110
1001011111101101
1111111111011110
1110110110111111
1100011111111111
1111111101100000
0111101011111110
1110111010100111
1011111011111111
1110011111101010
1011000110111111
1111111011111100
1011101110110101
1110111011111101
1000111101111101
1110111011110011
1111110011111010
1110110011111011
1011101111010111
0101101101111101
1101101111101010
0011101101111111
1110001111111111
0111111110011111
1111011101011111
1101101101111110
1100111011111111
0111110011111011
1110010111110011
1111110111011001
1111111011011111
1110100111111011
0111111101001111
1101111101100101
1101110101110011
1111001010111110
0111011111111010
1111101101111011
1010111101110111
1111011101111101
0001111101110111
0111001111111110
1110011111101100
0110111111101111
1101111110110010
1011111111100110
1111101111011101
1110011001111111
1011101101101111
1111001011111001
1110111100111101
1011111111111011
1111110110011101
1111010010111101
0101011111111111
1111111111001101
1011110110011111
1110011110101101
1110010111110101
1110101011111111
1111101110110010
0111111110110111