0101111101111111
0011111110111110
1111011101110110
0010111111110111
0011111111110110
1110011100111110
1011100101111111
1001101111111111
0111011111111101
1110111101111101
1101110111110101
1011111100110111
1001110111111101
0011111111010101
0110101111100111
1101101110111111
1111110111010110
1110101111010111
1011110110110110
1001111101111111
1011110111011110
1111011110111100
0111111100110100
1011001111111110
0101110111011101
1100111101101111
1011011111111100
1110110111110111
1111100111101111
1111110101111100
0101101111010111
1111101110011111
1111101101110111
1111011111101101
0111111110101111
1111111100011111
1011111111101111
1001110111010111
1010010111111101
1111111101011101
1111111101100111
1111110110111100
0011111101111101
1110111100101110
1111011010111110
0111011100111111
1110000110111101
1110111110011110
1111111011111101
1111111101001110
1111010100111110
0011011111111110
1111010111001110
1011001101111111
1100111011101111
1111010110100111
1111111000110111
0111111101011111
1110011111011100
1100101111110111
1011111011111111
1110111111110100
1011011111011111
0111111111100101
1101111111111110
1111101111010100
0110111001111111
1100011111001111
0101101111001111
1011101111010111
0101111110110111
0110011111100111
1101011111111101
1011011110111101
1101010111010111
1110111011100111
0111101111010101
1111110011111111
0110110111101111
0110101111110110
1110001111111110
1101111111100111
0111101100111110
1110111010101111
0110101100111111
0111101101101111
1101111100110101
1111011100101110
1110111110111100
1110111110010111
0111101100111101
1111111010110110
0010110111111100
1111111011011111
1010111101010111
0101100111011111
0111101111010110
1111110110101110
1111110110010111
0110010111011111
1111101100111100
1111101110110111
1111101101011111
0011110101111111
1111111111101100
1111101111101110
1101111110101111
1111111011100110
0011101111111111
0110010111111110
1100111111101101
1010001110111111
0111001111111111
1111110111110100
1111111111111011
0111011111110110
1100001111101111
1111111001111110
0111110100110110
0110101111101101
1111111110001111
1111010111110110
1111100111111110
0110011101101111
1111011001111111
1111001111110111
1011011100111111
1101010101011111
1110111011101110
0111010110111111
1101110110111111
1110010111101111
1011111101111110
0001111111111111
0011111110011111
1100111110110111
0100011111111111
1000110111111111
0110110110111111
1111011011101111
1111111111001101
1111011111100110
0100100111111111
1111101011111111
1111111110010101
1100010111111111
1101101111010101
1101011010111111
1110010110011111