1111111010100100
1110011110111111
0110101011111101
1111001111101110
1111011101101111
1101111010010111
1111011110111101
1111111101100101
1111011100011110
1111111011001101
0111011101111110
0101111111011110
0111111110101111
1111111011001110
0111111100110111
0110111101111111
1101101111101110
1110101111101111
1101011111001111
1101111010101111
0111111011010110
0111011110111111
1111110111111111
1111001111100111
1111111110011100
1111011011111111
1101001111111100
1111101110101110
0101111011011111
0110011111111110
1111011111011101
1100111111111111
0101111111101110
0111111100111101
1110111010111110
0110101111110111
0111111110011111
1110011111011110
0111111011101101
1101111011111110
0111111011101110
1110111110111100
0110111011101111
1111111100010110
1111111101101110
1111101111101100
1110111111101110
1011111111111111
1111111111000111
1110111100010101
1101101110110110
1101111101111111
0101111110111100
1101001111110101
1110111111101101
1101111011011101
0111111011110101
0111111111110100
0110001111111111
1111111111111011
1111111110001110
1110101111110110
1111011110001111
1110001101110111
1110101100110101
1110111100100111
1111101011100111
1111001110111110
0111111010111111
1101011110011111
1111111001111111
0111101111100111
1110111100111110
1111101011111110
1111101111011111
1110111010110101
1110011111001111
1110011101111100
0110111111110101