1011111011011110
1001001110111111
1110011110111110
1011110100101111
1011100101111111
1111100111101001
1101101111001101
1111111001110111
1111000111111011
1111101111001011
1011110011111111
1101111111110111
1100101110111110
1111011110111100
1111011011111011
0100101111111110
1111111000111101
1110010111111011
1101101110111001
0011101110011111
1001111111111101
1101001101111011
1000011111111111
1100110110011111
1111111010011011
1011110101111101
1100111111111101
1111101011010111
1111001011101111
1110101111001111
1100100111111011
1010101111101111
1110011111110001
0111111111111101
0111111110111011
1101111101101011
1101001110111110
1100110110101011
1110101110101111
0110011111111111
1111011101101101
1001101110111110
1011010100111110
0111111001111111
1111101011100101
1011010111011011
1101000111101111
1111111100110001
1000111110111110
1101111011111110
1011101101110111
1111110011010011
1111110011011101
1111111110010110
0111011111011011
1111001111110011
1111001111111101
1111011010011111
0110111110111110
1101011110011011
0101011011111111
1111111011111001
1010100110011111
1101110110101101
1111101011111011
1011001111110110
1111011111001011
1011111111010101
1011010111011110
1110110111110100
1010111111001111
1101111111001011
1111010101111001
1111010111110111
1110001111101011
1101101110111010
1001011110111110
1111111101011111
1111110010111110
1101110000111111
1111100111001101
1010111111111010
0111111011011110
0001111111111111
1111111100111100
0101111111011011
1001110111111111
1001111111101011
0111111111101111
1110110110011110
0111011110011111
1001011101101111
0011111110111110
1111100111110111
1101110111001101
1011100110101101
1100011110101011
1111100101101111
0101111010111111
0111110111111111
1101111011011011
1111101010111111
1111111001101111
1110110111001111
1101011011011101
1100101110011111
1110111101111111
1111010011111111
1111011111100011
1111111011001111
1111111010111010
1010001111011111
1110111111010111
1010111111011011
1101011111111001
0111111011111011
1111110110111100
1111101100111101
1011010110101101
1010111111110111
1010000111111110
1111101110010011
1011111011111101
0011011101111111
1110111011111111
1111011010111101
1111111110011101
0010111111111111
1001101111011111
1011111111010011
1111101101111100
1011111110110011
1111111011111100
1011110110111010
1010110110111011
1110111111011100
1101010110011111
1001011111111011
1011110111110110
1011111010111111
1111010110111011
1101010111001111
1110010111111100
1110110111100111
0111111100111111
1111111111101110
1111111111011010
1101111111011110
0111111111110111
1010110111101111
1011011101110111
1101000110111111
1011101111001111
1011101110111011
0111001011011111
1011110100111011
1111011100111011
0011101101111011
1011011110110110
1110100111111101
1111101111011110
1011111111111001
1001101101111010
0100101110111111
1111111010010111
1111111110001111
1101101100111011
1001111110011111
1111111110100011
1011101110100111
1111101100101011
1110110111101001
1111111111111000
1101101101111101
1100101111111010
1110011111100111
0111001111111010
1101010111111110
0011101101111110