0111111101111011
1111111101101100
1111110101111010
1011111011111001
1111111101110011
1101111011110011
0111111111100111
0111110101111111
1111101011110110
1010111111101101
1110101011110111
0101110111111011
0111110111111110
1010110011111111
1101111011101111
1110111111101110
1101111101101111
1111110111001111
1110110111110111
1010111111110100
1111111111110010
1011101111111000
1111111111000111
1001110111111011
1101101111110011
1111111110111111
1111111111110001
1001111011110111
1100110111011111
0111111101110101
0111101111111101
0111111011111111
1111101111101111
0111111101001101
0111111111001000
1011111111011111
1101110011111111
1111101111011110
0101111101010111
1110111111111011
1101101101111011
1111111101111001
1011111101111111
1101111111111101
1011111111101001
1110111111010101
0011111111111110
1100111111101111
1110111101011111
1111111011101110
1111011111111111
0111101111111010
1110111111011110
1111111011011011
1111100111111111
1111110111111101
1111101101111100
1111111001111111
1110111111001101
1011111011111110
0011110111101111
1101111111111110
1111101101011011
1111111011010110
1111111111100110
0110111111111111
1010111011101111
1011110111100111