0111110111011110
0111111111111011
1011001011110111
1111010011100111
0111110111100101
1110111111111111
1001101111111101
1101111111110111
1111101100111011
1111011110111100
1111111011101010
1011110111100101
1011011101111001
1011101001011111
1101110111001111
1011111001111110
1011110101111111
1111011111101110
0011111001101111
1111101111111110
0101110100111111
1111111111110001
1111011101101001
1011010110111111
1101011111101101
1111111100011110
0101101110111111
1101011001111101
1111111101011101
1101111010101111
0111011111100111
0011111111111100
1001011111111111
1111011010111110
0101111110011111
0111100110111111
0111110011110101
0011111010101111
1111101111111001
1111111101111000
1111111110110110
1111111010111100
1101101011001111
1001110111011111
1011101011101011
0111001000111111
1011111111011101
1001111111111010
1011011111110110
0111001011111101
0111011001111110
1111101101111101
0011110010111111
1111111111110100
1111110011010101
0101111111101111
1011111101101110
1101100010111111
1011101110011111
1111110111111011
1011111110111011
1101111011111110
1011110111110110
1111011111011111
0011111101011111
0111110110111101
1101001011101111
1101111111111000
0011011010111111
1111111110010111
1101010110111111
1101001110111111
0011110111111101
1111101111100011
1111111111011011
0011111011111110
1101111111011110
1111100101111111
1111101110101011
0001111101111110
1111001011110011
1101110110101110
0111111111010101
1001111111101101
0111100011111111
0111101111101101
1111110001011110
0011011111111101
1011110110111110
1101101101011111
1101011000111111
1001111001101111
1111111111101100
1011111110100111
0101111011111111
1011011011111011
1001111011011111
0011100111011111
0111010111111111
1011110011110111
0111011011111100
1011111111001111
1011011001101111
1011111100111111
1111101111110101
1111111110111001
1111111101110111
1111111110001111
0101111111111101
1111111110101101
1111110101001110
1011001001111111
0111100111101111
1111100010110111
1011110110110111
1011010011111110
0111001110101111
1101110111111100
1101101010011111
0101011111111111
1111011110100011
1101111101111010
1111101110111101
0111111011000111
1011111011101110
0111111110110111
1111000011101111
1111111011101101