1001111111100101
1011110011111101
1010100111011111
1101110101110101
0110110101111111
1111101111111100
1101111111001110
1111111111110011
0011111110011110
0111101110101111
0110111111111001
0101111111111001
1110111111111100
0011101110011111
1101111100011111
0101110101111101
0101111111111010
0010110011111111
1110111100011110
0011101111101011
1110111111110111
1111101011010111
1111101111001111
1110101111111001
0110101100011111
0111111110111010
1101110011110111
0111111110100111
1100111111111111
1011111010001110
1101110110101001
1001110010111111
1111111101010110
1110110110001111
0111101110111110
0111110101101111
1010111111111101
1111101110010110
0111101101101111
1101101111111111
1111110011011101
0011111111111010
1110111011011111
1101110111011111
1011101010111111
1010110110111111
1111101111101110
0111111011110101
0111101111011011
0110111101101101
1101111011110110
1011111101111111
1111111010001010
1111101111101001
1111011111111111
0111101111111010
1111110111001011
0111111010111110
0111111011011111
0101111111011011
0111111111101000
1110101110011011
1110110100101101
0010111111011110
1111110010011011
1001111011111101
1111100111100111
1101111111101000
0111100110011111
1101111110101010
1101110111100101
1111111011101101
0011111111110110
1111110011101111
0110111110001111
0111111100101111
0111111111011001
1111110100011111
0110100111111101
0001111010101111
1011111111000111
1111100101101111
1110101010111111
1011110111100101
1011110110101001
1010111010101111
1011111011111011
1111111011110100
1011111110110110
1111111100111011
0111110111111001
1010111111011011
0001111111110111
0011111111111101
1111110111111110
0111101010111111
1111111110110101
1111111101001111
1111111110011101
0101111011111101
1110100011111111
1111100101111011
1110100110111101
0010100111111011
0010111011101111
1111100101010111
0011110111101111
0011110010111111
1011101011110111
0101110110111111
1111101101111110
0111100110111011
0111111111001101
0111111111010111
1111110101011001
0111110101110101
0011101111011110
1110111011111011
1001111110111000
0111111110111100
0111111101111110
1111101111110101
0111111011101011
1111101111011101
1111111101101011
1111111110101100
1101111100101101
1110110010111111
0111110101011101
1111111001111111
1101111110110111
1011101110111110
1101111101111011
1111111011010110
1010111011101110
1110101011111110