0111110111011111
0111111101111011
1111011111010101
1111111110000111
1111110110011110
0110111111100111
1111101111111100
1011011111011101
0011011111111011
0101011111110111
0011111101101111
1111101011110110
0111101111111111
1101011100110111
1001011110111111
0011111111110001
0111111001011111
1101100111111011
1011110100110111
0010111111101111
1101111010110111
1111100111010111
1110111101111111
1011111110110101
1101111011110101
1110111011110111
1011111101111001
1011010110111111
1011011111111110
1110111111010111
1001111111111101
1101111100011111
0011110111111011
1111111101011101
0111111111111110
1001111111011011
1010111111110111
1111110101110100
1010111011111100
1011110111111101
1111111101001110
1011110111111110
1010110111111111
1101010011110111
1110111110110110
1111011100110110
1011010101111111
1110011110011011
1111110000111111
1111110010110100
1011111100101110
1111011111000110
0110111110111011
1011101011011111
0101111011011111
1011111111000110
1111011111101011
1011111110110011
1110111111110100
1100111111111111
1111110111011011
1101111111111110
1110111010111110
1101111011010111
0101110111111101
0011111100111111
1111111101010111
1111011111111001
1101111100101111
0011111011111101
1111111111101101
1011011111110101
1111011101011111
1101101101111111
1111111011111011
0011111111011111
1111011110101111
1110111110111100
1101111101111001
1111101111011001
1111010111111100
1001010111111111
1111010111011111
0101111111001111
1011111100011011
1110110111111001
1110111011011110
1001110111111011
1111111010010101
1111111110010001
1110011110110101
0110110111110111
1011111101110110
0110111110111101
1111111011011100
1111111111100011
1111001111111111
1111101111101111
0111111011110101
1001111011011111
1110100111111101
1101111111011101
1110111110101111
1111101111011110
0101011110111011
1110101111110101
1101111001110111
1111111111111010
0111110011111111
1001111110110111
1011110011011111
1111101110111111
1001111110101011
1111111101101011
1111011001111111
1111111011101111
1001111110011111
0110010111111101
1111111100111101
1101011110011111
1011101111111101
1111110110011101
0111111110101011
1111101001011111
1011011010011111
1110101011111111
1111110111101111
0111111110110111
0101111110111001
0101111001111111