0111011111110011
1111101111001011
1111111000111001
1100011011111111
0111011011101111
0111110110011011
1111100111101111
1101111000111101
1111111111001010
1111111111110001
0111111110101110
1110101111111111
1111111100011111
1111110100111101
1101011111001110
1100111111111110
1100111111110011
1111010100111111
1101111111111100
1111111000111100
1101110111101001
0111110110011110
1101111110100111
1101011111001101
0111111000111011
1101010111101111
1110011101101100
1110010111111110
0111110101111001
0111111100111101
1111011011111101
0111011101011001
1111010111011100
1111110011111111
1111100111111001
1111111010101110
1101111010011011
0111111010111100
1111101011011110
1101101111111111
1111010101111101
1111101011011101
1110111010110111
0111000111111011
1101111110101101
1110111111011011
0110111110111111
1110111011011111
1101011011101010
1100111101111111
1111001111100110
1110110111011111
0101111101101110
1111101011111011
0111011111011000
1111010110011011
1111110110001011
0111110110111000
0111111111101101
1111101011111100
0111011110011100
1111101101011100
0101111110111111
1111011001111111
0111101111111010
1101110110111110
0111111011011111
1111001111011111
1110111111111001
1110111110111011
0111101111001111
0111011100101111
0101111001111111
1101111110101010
1110111111100111
0110111011111111
1111011111010101
1111001111101101
1111111101110010
0101011101110110
0110110111111111
0101111011110111
0111111011110011
1111011101110101
1110010101101111
0111101111011001
1110011111010110
0110111111011111
1111110111110111
1111101101110111
0101111111011111
1111111011110110
1101111101110101
1111111001010111
0111011111010111
1111111001101101
0111111011111010
1111011110011000
1111110111001100
1110111110011111
1110011010111110
1111111101001111
1111111110110110
1101111110010111
1111001111111001
1110111111101010
1110110111111101
1111110101011111
0111111010101111
1101011111100111
1111111111101000
1101011100111110
1101111111011001
0111010111111010
0111110111101111
1111010111001011
1110111011111010
1110111100111100
0101110111111011
0110111101110110
0111000101111111
1101011010011111
0111101111010110
1011111111111111
1100110110101111
1101110101111101
1101111111000111
1111111111100010
1101011011110111
1111010110101110
1101011011001111
1111011101110011
1101111111010011
0111010110111101
1101111101101101
1111111001110011
1101111100111011
0101011111111101
1111101110111111
0110011101101111
0111011111101110
1111111111100101
1101011101010110
0110011101111010
1111111010011100
1111110110011101
1111000111111010
1111101001011111
1101111101111010
1101010110111001
1101010111111110