0111101111011110
1001101111111111
0111011111111100
1110111111111110
1111101111110011
1110001111101111
1110101011001111
0111111011111101
1111110011001110
1111111001101111
1111101011101101
1111001011011111
1011011101111001
1101110111110111
1111101101001111
0101111111011110
1111011111101110
1111101101110110
1110111111110011
1111011101101001
1011111111101111
1101010111111011
1011011111111110
1001111111011010
1111001111001101
0111011101011101
0111101111111101
0101110111011111
1111111101100110
1111001101111010
1001111101011011
1111001111010111
1000011101111111
0111110011101111
1100110111101011
1111100011011111
0011111111011011
1011101101111101
1100111111111101
0011011111111111
1110101111111001
1101111101111101
0111111101110011
1101001111111101
0101101111111111
1101100111111110
1110001011110111
1111110111111101
1011111011111111
1101010111101111
1011011111011111
1111111111110101
1111000111110110
1101111111001100
0101011101111011
1110101101111111
1100101111011111
1111011001110111
1111011011111101
0110111111111111
0111110011011110
1101111111011001
1100111111100111
1001011101111011
1011111111110010
1111111011111011
1111111001011111
1100001111110111
1100111101011111
0111111111001110
1111110011100110
0111011011111110
1111111111000111
0111101111101110
1101101111111100
1101111011111111
1111111110111111
1110110111011111
0111111101101111
1010111101110111
0111100111111011
1111110111111010
1111111111100011
0011101111111111
0111010111111111
0111101101011011
0111110111101011
1111110101111111
1101011111011111
0101110111101111
1111100111011011
1100011111101111
0111111111101101
1111011111001001
0101111111111100
0111101011010111
1101011101111010
0011111101111011
1111110111001011
1010111111111011
1101101111001111
0111101111100111
1001110111111111
1011100111111011
1111101011111110
1001111111110111
1110011111001111
1101111101010111
1111101111101011
1110011101111101