1001101111111111
1111111000011110
1011110011111110
1110101101111100
1011110100101101
1001111101111111
1100101100111111
1010011110111011
1011101110101101
1110011011111011
1111101110011111
1111010100001111
1011101011111101
1111111100111011
1110111001111100
1111110010011110
1011010110111111
0111111111111111
1110110111111111
1110001010111101
1111111111110111
1101111111111101
1110111000111101
1001110111101011
1100101010111111
1101011111111111
1011111100011110
1010111011111111
1111101111111011
1101110011011111
1111010001111111
1101111111111110
1110001110101111
1111110110111000
1111111111011101
1011100110111100
1010011110111101
1111010110111011
1111111001111011
1111010101111101
1001110011111011
1111010111001011
1111111111101110
1110011101111111
1111100011111111
1000111110011111
1111100101111111
1110111011011110
1111110001011111
1011011111011011
1111011110101001
1011111101001111
1111011000111111
1100101101011111
1110101100111101
1110111101101001
1011111111111001
1111110101111110
1111011101011011
1110011111011011
1001110110111111
1010111100111110
1011101100111101
1100111111101111
1111111011101111
1111011111111110
1110001111011111
1010011111101101
1011111111111010
1111001101101111
1110111111001111
1011111110001011
1010111101111101
1111110010011011
1101110111011011