0011111110111111
0101111111111111
1110100110111111
0111101111011111
1111011110011100
1111011111010101
1101101110111101
1011100111011110
1111111010011101
1111011111101111
1101101110111110
1110111011110001
1011111111000111
1101111010110011
1100101110111111
1011111011100111
1111111111010001
1110011111110101
0111111011110011
0111110110101110
1101011011111111
1000101111011111
0111101111111110
1011011111111100
0111001111111101
1111101110011110
0111111111011110
1100111110111110
1111111101111111
1111101110011101
1011111110001110
0111110111111001
1101001110110111
1001111111111100
1110111111010111
0111111111111010
1011111011011011
1110111111011000
0011110111010111
1110011011111001
0111111110011011
0011111111111101
1111011010111110
1110111110011111
1011111011110011
0111011111111001
1111111111110110
1100111111111101
1010110111111111
1111111111101011
1111001011011110
0111010011110111
1011111111010011
1011111111011100
1011001110110111
1111110011111001
1110110111110011
1111101110101110
1111111110000101
1110101111111011
1110110111111110
1001111111111001
0110111111111111
1011011011111111
1111110110001110
0111010011111110
1111110110110111
0011010111110111
1101001111010111
1010111111111101
1111111110110001
1001111110111110
1000111110111111
1101110111111111
1001001111011111
1111111011111010
1111010111110011
1011111111110001
1101101111011101
1111110111100111
1111010111111101
1110111111101111
1111001111110011
1100111111011110
0011111011111111
0111111111001111
1101011111110001
1111111010101101
1011111110111001
1101101010011011
1000011111011011
1010101111110111
0111101110100111
1111111011010011
0111111110110011
0111111110111101
1110101110110111
1111101110001111
1011111011010101
1111001110011111
1111011110111011
1011101011010111
1001011111110101
1011111111001101
1111101011111101
1111110111011101
1111001111011010
0111011111011111
1001111110011111
1101011110111101
1110001111111100
1101111111101111
0111111011011111
1011111111111010
1101111010111101
1111110011011111
1111101110111100
1111101110110011
1111100111111000