1011001111111101
0100111111111111
1111011101110111
1101111111010111
1001101111111111
1111111111111110
0101100110111111
0011011011111111
1101111100111111
1111111101111101
1110101111111101
0011111101101111
0111101110101111
1100101110111111
0110111011111101
0111101101111111
1110101010111111
1101100110111101
1101111101101111
0111001111111101
1111110111110111
1101110111001111
0111110010111111
1111011111010111
0101111011101111
1111001011101101
1011100111111111
1111001110110111
1111111100011111
1111100111101101
0011110011111111
1101101111101111
1010111101011111
1110110110111101
1111111100101111
0001111111110111
0101111110011111
1000111011110111
1100111111111101
1010110111111111
0111101110110111
1100111010110111
0110110110011111
1001110111011111
1001011111101101
1101001111111101
1101100001111111
0111111010010111
0101011111101111
1111110011001111
0111110110101111
0111101011111111
1111011110011111
1011110001111111
0010111011010111
1111100110011111
0110111101011111
1101101011111101
0111111110100111
1100111001111111
1100101111011111
1111010111111111
1110111101010111
1111111111011101
0101111111110101
1101111110110101
1111100110101111
0101011011111101
1111011110101111
0011111101011111
1011111011110101
1010111000111111
0110111001101111
0101111111101101
1001111111110101
0111111100111111
0110100111101111
1110011111111111
0111111111001111
1111110011111101
1011101111001111
0011011110111111
1011101001110111
1011110110111111
1111101101011111
1111101011000111
0101111010110111
1111101000110111
0110110011101111
1011011110110111
1110111110101111
0101101111011111
1111111111111011
1101011111011111
1001111110110111
1110101111110111
0111111001110111
0111011111011111
1011111110101111
1111111110101101
1011011111001111
1111111111100101
0011111110011111
0111011111110101
1111001101101111
0101011001111111
1010111010110111
0110110111111101
1100111110011111
1011111011101111
1001111001011111
0110111111110101