1111101101101010
1111100101110110
1111011111110111
1110110111101011
1111011101101111
1111101101110010
0110110111111111
1101111111110111
1111101111010111
1011001111111110
1101011111111010
1101110111001110
1111110101111101
1100011111101110
0111111111011111
1110111111110011
1011111101111001
1110111111010111
1101001111111111
1111111101011100
0001101111111111
1111111101100110
1010111111110110
1011101101111111
1011110111111101
1111111011111111
1010110111111111
1011111101110101
1110101111001111
1101111111111101
1111010111111001
0001111111101111
0111000111111111
0111111111111101
1101100111111111
1110110111111101
1111110111110010
1111011111101011
1111101101111101
1011001111101111
0110011111111111
1101010111101111
1110111111110101
0100111111101111
1110101111111011
1111111111101001
1101101111011111
1111001101111110
1111111101010111
1110011111111000
1111100111111001
1111110111000110
1100111111111010
0110111111101010
1111011111011110
1011110111110111
1011011111101101
1110110111100111
0110111111110110
1111111111011011
1111010111011111
1011111111010111
1111001101011111
1101101111111110
1111111110111111
1110110111011111
1111010101111111
1011111101101011
1101111101111111
1111111111100010
0011101111111110
0111111101111111
1110110101111111
1011111111111000
1010111111111001
1001101111111011
1101011111011111
1010111111001110
0101110111101111
1111101111110101
0111100111110110
1110101111110111
1111110111011101
0001111111111010
1111101111011101
1111110111101101
1111111111010100
1001010111111011
1011110111101111
0111011111101110
1011011101111100
1111111111100101
1110001111011111
0011010111111110
1011101111110010
1101010111111110