1111101011101111
1111111001001111
1111111101111101
1111101111110010
1111011101101111
1110101111010111
1111111011010101
1101011011111111
1111111011001101
1111111011110100
1101111001111011
1110111111110011
1111111111110000
1101101011111011
1110111011001110
1010001111011111
1101101011011111
1011101111100111
1001111111111101
1100001111111111
1010111111011011
1011101111011101
0111111111111111
1111110111111111
1001011111111110
1111011011100110
1110101111001111
1111111111101011
1111011101111010
1011001101111111
1111011111110101
1001111111111011
1100101111110111
1011111011111111
1110111111110110
1110101101111111
1011111101101110
1100101111011111
1111001101111110
1110111111011100
1110001111111110
1111011101011111
1100111111111011
1111111001111010
1001001111111111
1010001111111011
1110001111111001
1001111111010111
1101101111111110
1101101111111101
1100111101111110
1111111110111111
1111101101111011
1110111011111000
1110101011111010
1111111111011001
1011111111010100
1111101111011110
1111111011010010
1010111111111000
1011011111010110
1111111101110111
1111111101011110
1101111011011110
1111001111110110
1111011001111111
1111011011010111
1111111111100101
1101111111101111
1011011111101100
1101111011110010
1111011111001111