1111011111110110
0011111111110111
0111011010111111
1011011111111111
1111001001111010
1001110101111101
1111111011110111
1110111111111111
1101111100111111
1111111111110011
1101111101001111
0111110101111111
0111101111111111
1101111111010101
1001111111111110
1101101101110111
1101111110111101
1111010011111111
1101110001011111
1111011111101101
1111111010111011
0111111100001111
1101011101100111
1011111111101111
1111111111010110
0111111111111110
1011111111011111
1111101111001101
1011111110111110
1101111011001111
1011101001111011
1111101111111001
1011110111111110
1111101111100111
0011111001111111
1111110110111111
0111110111010111
0001111101111011
1111110101110111
1111111110110111
1111110101011110
1111111111110100
1101101111011111
1111101111010101
1111111111101000
0001110111111111
1101100111111101
0011111101111001
1111011101011111
1111110111111011
1111001111011101
1001111110111111
0111111011101111
1011111000111111
1101001011101111
1101011111101011
1101111101111001
0101011111011111
1111111111011011
1111100011111111
0101111111110111
1111010111011111
1111110011111100
0111111100011101
1111011011011101
1011101111110111
0111011111111011
1111011000111111
1111101101011110
1111111011011100
1111011100111011
0111111100111001
0111111001111011
0111111111110101
1111011110111010
1101111111101101
1101100111110110
1001101111111011
1111111001111101
1111111110111000
1111111110001110
1111101011111101
1111110111011101
1111101110111111
1101111111101110
1101001101111100
1101010101111101
0101111111111101
0111111011011111
1111001011001110
1011111001111010
1111111111001100
1101111101111010
1101111010111110
1111101111101011