1010011101111111
0111101101011111
1110110101111011
1111100111111001
0111111101011001
1111011111010101
1111110110101001
1110110110011111
1111101111000111
1111111111111110
0111111101010111
1010111110111011
1111111111110011
1111011101100101
0111111111100111
1111111110001011
1111001101111101
1111110101101001
0111101111110101
1010111101011001
0111111101001111
1110100101111111
1111011111111011
0011110111011111
1111101110101011
1010111110011111
0111011101110101
1011101111110111
1111000101001111
1011011101011111
0111110111110111
1011111111101111
1111011110111111
1110111111101101
0011101111111111
1111101111100101
1111001111010111
0111010111111111
0111111110011011
1111111100111111
1111010111100111
1111101101110101
1110111111110111
1011110111111101
1110000111111111
1111111011111111
1011110110010111
1011111101110101
1110101111011101
1111110111011101
1110111110001111
0111110110011111
1010001111111111
1111110110110101
1111110111001011
1110101110011011
1010101101111001
1101111111111111
1111110110100111
1111111110010101
0111101101111101
0111111110110111
0111110111111101
0011011111011111
1011010111110111
0111011111011101
0110111111111111