0101111111111111
1111110111101011
0111111110010101
0111111011010011
1011101111111011
1110011110111101
1001111111111111
1111111011010101
1111100100111101
0111101111111110
1100111101101111
1010110101111111
0111100101111111
1101111110111110
1011111111101111
1100111000111111
1111010111111011
1101111100011111
1111001101111011
0111011111100110
1111111110100100
0011101001111111
1111000111101111
0111111011010110
0111111101010011
1101111011111011
1101111111111100
1101110110101111
1111011011111111
0011101101110111
0111111111110010
0111111111111100
1111011111110101
1111011110110010
0111111110111010
0111110111010111
1101110011110110
1110101110101111
1110111111110101
1101101111110111
1011111001110111
1111101111111010
1101110011011110
1110010111111111
0111110101111001
1100101011111111
1101111011010111
1111001101111110
0011111100111111
1110011111110111
1111011111111001
1101011111110011
1101111111100111
1111101011011111
1111100110101111
0111110110111101
0111110001111011
1101111110101001
1111110011111101
0110111110111110
0111011110110011
1010111111111110
1101011111010111
0110011111111011
0110111000111111
1101110111111001
1111010101111111
0110111110111101
1101111101011101
1010110110111111
0011111011111001
0111110001011110
1111010111010110
1111011111011011
1110111110111001
1110101111110110
1110101110111110
1111110111101101
0111100111011111
1111001111110111
1111111011101111
1101011110111101
1111110010111111
0111110111011001
1111001110111110
1111001111011111
1101101111001111
1110111111111000
1010101111111101
1111111100111110
1111101011111110
0110111110110111
1011011111111010
0111101111001111
0011111011110011
1111011111001110
0111111101111010
1100110110111101
1111011110011101
1111111110011011
1111101011110101
1011111011111000
1111111101111100
0110110111111111
1111111111010001
1111111100100111
1110100011111011
1110101101110111
1110011111101111
0111110001110111
0111111101100101
1111011111101101
1111111100111011
1011100111111111
1011010110111111
0111101110110101
1100001111111111
0110111101111110
1011011101111011
1111111110011110
1010111111110111
1110111101111011
1110111011111110
1111010111001111
1111111010111101
1011110101011010
0011111111111110
1110111111011111
1110110110111110
1101011111111110
1011111111010011
1111010110100110
1111110111110011
1011111111110000
1011111110111101
1111111011110010
1101111110010101
1111101010110111
1111111111011100
1100011111111101
1111111110101010
1111111101100011
1111110111000110
1101110101111111
0111110111101110
1111111110110001
1111111001111001
0110111111101010
1101101101111111
0011111111011111
1011111010111111
0111101101110101
1111101111011001
1111111111100001
1111111001011010
1100111100110111
0011011101110111
0111110100111111
1100101111111110
1111100101100110
1011110111010111
0111011110101111
1110011111111100
1111100110110100
1011011110110110
0111111000011111
1100100110111111
0111010111111111
1011001100111111
1111101111011110
0110001101111111
1011011111010111
1011110001011110
0010011110111111
1111111110001111
1111101001110011
1110101011110011
0011111110110111
1111101101101101
1110110011110111
0011111101111011
1011011101111101
1011110111110101
1011101001111101
1010111101111101
0111101100111111
0111110101110110