1101110010110111
1111101101101011
1011101110101111
1001111111011111
1110011110111110
0110111011111111
1010110110101111
1010100111011111
1011111100110111
1100111101110111
1111111111111101
0111110101111111
1101101110111111
1000111111100111
1111101100111011
0111101111111111
1110101010111111
1111111110100111
1011010111010111
1011011010111111
1110110111110110
0110110111100111
1111100111101111
0010111111101111
1111011111101110
0111111111011110
1011111001111111
1110011111101111
1111101111111110
1111111101111110
1111011111100011
1100111011001111
0100111101111111
1010111101011111
0110111111111110
0001111111110111
0111011100111111
1110111110011111
0101111111010111
1111100011011111
1111011001101111
1100110111010111
1001101101110111
1111101111001111
0011011111111111
1110011100110111
0011111010011111
0110111101110011
1101011111111111
1001110111101111
1110011011111111
1111101101110011
1111111011110011
1001111100111111
1011111111101011
0101111111101111
1110101111111011
0001110111111111
1101111100101111
1111110001111111
1110111110101011
1110011111011111
1111110111111011
1101110101111111
1110101011011111
1011111110111011
1101110111111110
0011111110101111
1100111011111110
1111011110101111
1110111011111011
1110111100110011
1111111111011011
1010111111010111
0111111110111110
0011111101111111
1111001110111011
1111101010101111
1011111111111110
0101111001011111
1110101100101111
1111110110010111
1111000110111111
0111011111111011
1110110111011110
1101111111111011
1111101101011111
0111111001111011
1111011011110111
1111111011100111
1011011110110111
1110110101111111
1111011110010111
1011001110111111
1111110010011111
1011111111001111
1101101001111111
0111111111101110
1101111001110111
0111111101100011
0111110011111111
1111111110001110
1110101111110111
1110010111110111
0111011111011111
1011101101101111
1110110011110111
1000110111111111
0111110110111111
0110111110110111
1101111110011111
1010110010111111
1010011111111011