1101111110100101
1111111110100001
0111110111011110
1101101101101111
0111101111011111
1111011110011100
1010011111011101
0110111111100111
1011110111111011
1111111101111100
1101111111001111
1111110111010111
1110111010111001
1110110111001011
0110111111111001
1001111111011001
1110110111110111
1010110101111111
1111101111111101
1111101111111110
1111001110110111
1011010111111101
1111111011101001
1111111111010110
1111111101100111
1011111101010101
1010111111110111
1111110101110101
1011110101111101
1110110101011101
1111101011010111
1101101110011111
1110101101001111
1101011111111111
1111110110111111
1011011111110111
1110011011111111
1011111101101101
0111001111110111
1011110111001101
1011111011111111
1110111111110101
1011111110110011
1111101111111011
1010111110111101
1001101110111111
1100111111111111
1111111101111011
1111101110010111
0111110111001011
1111111010111110
1111010111111110
1110110111111110
1101111110010101
1011101111010111
1110011111110111
1101110111111111
0111111011101101
1001111110111101
1111111111101110
1110111010110111
0111111110111111
1111011111111011
1101111111011110
1111011101111111
1110110011111101
0111110011100011
1110111011011111
1011111111111110
1110111110011100
1101111011111111
1011111101001111
1001111111101111
1111011011110111
1011111110100111
1110111011100011
0111111101111111
0111111111110101
0110101011110111
1111111100111111
1111111111111010
0111011111110110
0011110111001111
1110111110001111
1111111101011110
0111111011110110
0011001111101111
0101111111110011
1110101011100111
1111100111111111
1110110111101001
1111110101001111
1010111111111011
1010011111101101
1111111010010011
1111010111110101
1001101101111111
1011111111100001
0010110111111111
0111110111111101
0101101111110111
1011111110010111
1111011111001111