0111110111011110
1101101110111101
0111111100101111
1011011011010111
1110111111111111
0011011101111011
1111011100111101
0101111011110111
0111001010111111
1101111111010100
0101111101111101
1101111010110111
1111111111110010
1111011101101010
1011111110110110
1111101111111110
1011111001111101
0111010011101111
1011111111101110
1101011111101101
1111001001111111
1101010111111011
1101111011101001
1111101010111101
1111111110100101
1101111011100111
1101110110110111
1111101100111101
1001011111111111
0111011100111111
1111010110111111
1001111001111111
1101111011010101
1101011011111011
0011111001111111
1011011011111101
1001111011010111
1111011111110101
1101111111100101
0111111110111011
0111110111010111
1101100111111111
1111111000110111
1111010101101011
1111110111111101
0101111011011110
0011110111101111
1111111011111100
1011110011010111
1111111110011111
1001111111111001
1011110001100111
1101111011010110
1101001011111111
1111011001110110
0111111001111110
1111000111011111
0101101111111001
1101011111111100
0011111011111101
0111111111110001
1111111110101011
1011011010110111
1111111101101101
0111010111111010
1011111111110011
1101110101111110
1001111110111111
1111111110110001
0111111111101011
0101011011111101
1101011011101111
1011111010111110
1111011110101110
1111101011111001
1101011111101011
1111111001011111
1101111101011111
1111001111111101
1111111111011011
1101011101111110
0111111111110110
0111011101101110
1111101100101111
0111011110111100
1101010101101111
1111011011011101
0111011011111110
1101011111010110
1111011011101011
0111111000111101
0011011111111100
1011110100111011
1011111011101011
0111111001111011
0111011110101111
1101011011110111
1101110111101011
1101011110111110
1011011110111001
1011111011010101
1111011111110011
0111110110100111
1111110001111011
1111011110111010
1011010111011111
1101110011111111
1101101001111111
0011111011011111
0111011101111001
1011011011101111
1011101111111111
0111111111011100
1111111111001111
1011111100111101
0111111111101101
1111010111110110
0111011111011111
1101110110111010
1011111110101111
1111011001111010
0011010011111011
0011111111110101
1101110111110011
0001111111111111
0101101111011101
1011111101111110
0011010111111110
1001111011111110
1111100011101111
1111111111111000
1111101111110111
1101110101110111
1101011100101111
0101111110100111
1111011111100111
1111111101110001
1011110101010111
1101111101111011
1101010111111110
1001111111110110
1011110010111111