1111011111110110
1011111011011110
1011101111011001
0101111111111111
1000111111011111
1111101001101111
1111001011111011
0111011011110111
0111011101111100
1111101111110011
1110001111101111
1101111111110111
1111101001110110
1111111011101011
1011001111111110
1011101111011110
1111101011101101
1011111101111010
0111111111011110
0111100101111111
1011111001111101
1111011111101100
1111001001111111
1001111111111100
1111110101101111
1111111111010111
1111000101011111
1110111101100111
1110110111111111
0011111111111101
1101111011111011
1100111111111100
0011101111011011
0011011111111111
1110111011111111
1111110101011101
0111110111111010
0011100111111111
0011111111111110
1011010101111111
1011011011111001
0110111111111100
1010101111101111
1101111111011010
1110101111101100
1111101101100110
1101011111111111
0111000111111111
1101100111111111
0111101011111111
1111110111110011
1000111111111010
1111101011011100
1111011111101011
1000101111111101
1111111111110101
1110111111110110
1111111011110011
1101101011111111
1111101001111011
0111001101101111
1110111111011101
0111101111110110
1011011011111110
1111110011111111
0111010101111011
1011100111101110
1110001111111110
1110011111011111
1111001111011100
1011111011110110
0110111111101011
0111111111101001
1111101011111001
1011000111111001
1101101111011100
0110111111110111
1111111101011011
1111010111011110
1110101101101101
1110111111011011
1101110111111001
1111111110111111
1011101001110111
0111101101101010
1101111101111111
1010111101101011
0111011111011001
1101111011011101
1111011111110011
1011111101011111
1110101101101110
1111111101101001
1111100101111101
0110001101111111
1110101111011111
1111111111001111
1111010111110111
1011111111100111
1111001111011010
0111111001110110
0111100111101011
1111011001111110
1111111011101110
1010001111111111
0111111101111001
1101111111101111
1001111111011101
1011011101111101
0010111101101111
1111111111111000
1110111111111001
1001110111111111
1011001111011011
0110001111111011