0110111111111011
1011101110101110
0111011110111011
1000101111111111
0110110101111111
1110101111111101
0111101111111111
1011001111111111
1010011110111011
1101111101101110
1000111111111110
0110110011111101
1100111110111111
1110111001111100
1111111000111110
1001011111111111
1011101001111011
1111111111110111
1101111111111100
1111011011111111
1101100001111111
1110110100111110
0011111001111111
0110111100111110
0111011111111110
1001111011101111
1111010111111111
1101100111111101
1110111000101111
1101111011111110
0111110001111011
1111110110101111
1101111111111011
1011101010101111
1110101101101111
1111110111101110
0110111101101110
1110101110111111
1101110001111101
1011011111111001
0111111010111110
1111001110111111
0001111111111111
0111110001111100
1011101011111001
1111101011111110
0011111110111110
1111101001101111
1110110011101111
1101111100111110
0110110111111110
0011111101101111
1111110110111011
0100111101111101
1010111010101110
0111111010111011
1010111011111011
1011011101111011
1111100000111111
0011111111111100
1001101011111111
1101101010111111
1111111111101011
0110111101111100
0010111111111111
1111111111011111
1100011111111111
1111101101111101
1011110111111111
0101111111101111
1110110001111110
1111111111101101
1110011110101111
1111101100101111
1111111110111101
1111111111111010
1100111111101111
0101111100111111
0011111101111011
1111110101111001
1010111101111110
1111011100111111
1110011111111001