1000111101011111
0100111111111110
0101111101111111
1111111011110111
1111111111111101
0111110101111110
1110001111101111
1110101111010111
1010110011111111
0111101101111111
1001111111111110
1101111101101111
1111101111111110
1011011101011110
1111011001101110
1010001111011111
1010111111101111
1111110101101111
1110011101110111
1111111101100111
1111111111110110
0011011101111110
0101101111111111
0011101111110111
1101011111111111
1110011011111110
0111101011111111
1011110001111111
0111111101011111
1010111011111110
1100111111001110
1100101111011111
0110101111110111
1110011101011111
0110111111010111
1101111011111110
1011101101110111
1111110111100111
1011011111001110
0011111011111110
1110101111100111
1110111011011111
0111011011111110
1111111110111111
1111110111011111
1111101101011111
1011111001101111
1101110001111111
1110001011111111
1011111101001110
1111111111111011
1001111011001111
1000110101110111
1110010111110111
1101101111010111
1001110011101111
1111100111111111
1111001101101111
0111111111101111
0011110111111111