0111111111111011
0101111111111111
0111011000111111
0110111011011101
1111011110111110
1111110110011111
1011111100110111
1011110011111111
1011111111100011
1111110111010111
1011001111111111
0111110111011100
1110110101110011
1110110101111101
0110001111111101
1011110101111110
1110010001111011
1101111110111110
0111111110101111
1111010100110111
1010111111101111
1010011111111111
1111100010111111
1110101111001111
1101111111111101
0111111001001111
1111011111000111
1111100100110111
1110011011111110
0111101101010111
1100010111101111
1111110101110110
1110101110101111
1111111111110101
1101110011011111
1100111110111011
1011010100111111
1110010111111110
1100101011111111
1001111011101111
1101101111011110
1011100110110011
1111011111111000
1111001111111110
1101111111100110
1111111010101111
1101110111111110
1111100110101111
1111011110101111
0111110110111101
0110111011101110
1001101111101111
1101001111110111
1011110111101010
1101011101111111
1101100101111111
1111110111100010
0110011011111111
1111110111111000
1111101100010111
1111000101110111
0111110111110110
1011111101110110
1110011101111001
1111011111001011
1011111101011110
1111100111111101
1100110011111111
1011010111011111
1101111111100011
1001101111111010
1111001111011001
0110111101101101
1111101011111101
1110010111101011
1110101110111110
0111011111011111
1111101010111011
0111001100111111
1101110110111111
0111111100010111
0111111011011110
1101011110011111
1111111100111101
0111110110111110
1100111101111011
1010101111110011
1101010011111011
1110010010111111
1001100111011111
1110011101110011
1111101111101011
1110111111100111
1111111011101101
1110110110110110
1000111111011111
1111101001101111
1111111011110111
1111101101110010
1011111111000111
1111111110011001
1110101010111111
1011101111011110
1111001110010011
0111010111110111
1011100111100111
1100110111001111
1110101111010011
1101101101001111
1011111011111011
1101111001111011
1111111011001110
0111000110111111
1001111111011010
1111111101100111
0110011100111111
1110111100101111
1110111110011110
1011011110011111
1010110111111111
1101101110011111
1011010111111110
1101011111111110
0011111111111111
1110011111011100
1011011001011111
1111101101111101
1010111011111111
1111110101011111
1111110111011010
1111111011011001
1110111111101001
1101110011101011
1110101011011110
1011111010111111
1110010111110011
1011010111111011
1111011101111110
1110110011111101
0110110111001111
1011110110111110
1011111111111101
0111101110010110
0111111101111110
1111001100011111
1011101110011011
1111011101011011
0110011111110111
1101111100111011
1110111101110110
1000101111111011
1111010011111101
1011011111010111
0111110011111111
1111111001111110
1111111110001111
1111111101101011
1110111101011111
1011101101101111
1110100111111111
1001111110011011
1100111011011011
0111111110011100
1010111101111111
1110110011011111
1101111110110111
1111111110111010
1111011011101111
1111111111001101
1101111101111010
1110111100111110
1001111111110111