1111110010110011
0101111111111110
0101011110111111
1101111111110110
1011110111011111
1010110011111111
1011111010011011
1100111110111110
1101110111010101
0111101111111101
1111111101010011
1111011001011111
1100110111010111
0011011111111111
1111111100011101
1111111101010101
0111111111110011
1100100111111111
1011101011011111
1111111000110111
1000111111111010
1100101111110111
1111101111111011
1101111110111010
1111111111110100
1100101111011111
1110111101010111
0011111100111111
1101011111111101
0111001011111111
1000111110111111
1101110111010011
1111010111110010
1111010111111100
1111010111011111
1100111111011010
1011111000011111
1001110111111011
1011101010111110
0100111011111111
0011110111111010
1100110011111111
1111100111111100
1110101111011110
1000111111111100
1110101111110101
0111011111110111
1010101111111111
1101011110110011
1101111011011111
0101111001111101
1110110110110101
1111001110111110
1110110110010011
1100101101111101
1111110011011111
1011110011111100
1101111010111111
0111111010111101
1011111101111101
0101101111110111
1111100110111111
1001111011111100
1000111101111111
1111011010110111
1111101011110110
1011111101111011
0111111111011111
1111111101111110
1111111100111011
0111101011110111
1101111101110101
1110111010111010
0101111101111011
1001111111011011
1111010110111111
1110111101111011
0101110111111111
0010111111111110
0011111011111011
1110110111111100
1011111110111101
0011110010111111
1111011111011101
0111100111111110
1111011011011010
1011111111110111
1010110110111011
1111110011111010
0110101110111111
1001111110111110
1101111001110011
1111111110111100
1111111111101111
1110011111111111
1111100011111111
0111111110111110
1010111110011111
0111011111111010
0101011111111011
1111110111011110
1111101001111111
1111011110110101
1111111011011101
1111110101111111
1111111111111001
1111101111011101
1110111111010101
1111001011111101
1101001011110111
1100110110111011
0101111100111111
1101101100111111
1001101101111111
1101111110011111
1111011100111111