0101011110111111
1110111111111111
1101111111101011
1111011110111100
0111111011111101
1111011101110101
1111111000111101
1111111111110010
1111101111111111
1111111101111110
1101011111101101
0111111111111110
1111110111111111
1111011100101011
1101111101111101
1111111111011111
1111011011111110
1111011101101101
1111111010111110
1101111111111110
1101011100111111
1101011101110011
0111011111101101
1101111111100111
1111011010111011
1111111111101110
0111111111110111
1011111111111111
0111011001111011
1101111011111111
1111011011110111
1111111111111001
1101011110110011
1111111110111010
1111011111100111
1111111000111011
1111111011100011