0011111111001111
1111110011110101
1111111111111110
1110111101111101
1110011111101001
1111110110011111
1011111100110111
0111110101111111
0011010111011111
1111111110100111
1111110100111111
1011011101111001
1110110111110111
1011111101100111
0110111111011111
0111011111110001
0011111001101111
1111101111111111
0110111110101111
1110010111111011
0111110111111001
1011010011110111
1110110101101111
1111010111000111
0111010111010101
1110111000111111
1111011011000101
0111111111000111
1111011011111001
0111111011111011
1111111100101111
0111011111100111
0011111101110011
1011110010101111
1011111011111101
1011111011110011
1011110111110011
0011111111011011
1110111011001101
0111111011001111
0111110011011101
1110111111110101
0111110011110111
0110111011101101
0011110110110111
1101111111111111
0111011011101101
1111011011110011
1111111110101011
1111110001111111
0011111111111001
1110011111011111
1111110101111011
1011110111001111
1011110101110111
1011111011001111
1111010111110011
1111111110010111
1111111010110111
1110111110110011
1111110101100111
1111111010001111
1111111001100101
1111011010011111
1111010011101111
1111011110011011
1010111111111111
0111011101110101
1011011011011111
1111111110111101
1111010010111011
0011110110101111
1111111111100011
1110110011111111
1111111111011001
0111111010011111
1111010110101111
0011011111101111
1110111101110111
1011011111010111
1111110111010011
1111110111101101
0011011111011101
1111011001111111
1111111101011111
1110010111101111
1011110011011011
1011011110101111
1011010111101011
0011011111110111
0110110111111101