0111111111111011
0111101111011111
1111101011011111
0101011111001111
1101110111111110
1110111111111111
1101111111001110
1011101001111111
0111110101111110
1011111111101101
1101000111111111
1001101111101110
1111100111111011
0011011100101111
1101110111101101
1111010111011111
0101111101111100
1001011101001111
1111110110101111
1001111001111110
1111011111101110
0101111110101101
1111110101011011
1101111101001101
1111010110111101
1111010101111110
1101111111111011
0111110111001111
1111101011111011
1111101101011111
1111110101101111
1001111111111101
1011111111011011
0011011101011111
1111111111011000
1011011110111001
1011001111001111
1111110001111011
0111001101111111
1111111011111101
0111111101011101
0101011111111100
1111111111110111
0101011101111101
1111101110111111
0011111111111110
1111111111101011
1111111101011110
1111011011111111
1101111011011111
1101001111111101
0111100011101110
0101111100111111
1011111110101110
0011111001111111
0111000111111110
1111011101111011
0111010110111111
1111111011011011
1011011101111101
0001111111111111
1011111111111010
1111101101111101
1111001101101111
1011110111111111
1111111111001100
1101101011111111
0111111100101110
1111111010111111
1111111110011111
1101101111011111
1111001101111110
1011111111011110
1101011100111111