0111111101111011
0111111011111110
1110111111010010
1101101011011011
0110111101100111
1110101111111101
1110011110111101
1101110111101101
1111110001110111
1111110111001111
1110101110011110
1111101101110111
0111111111011111
1110110111010101
1111111101111110
0111101011110111
1111001111110101
0110111111111110
1111110110111101
0111101111110010
1111111111000101
1110111101111011
1111010100111111
1100111111111101
1110111011111111
1111111110011101
1101011111111111
0100101111111011
1111110111110011
0111110101100111
1111111110110111
1111011111101011
1100101111110111
0111100111111110
1111110111011011
1111111010111111
1100110111101111
1101101111011110
1110001111111111
1111101111011010
1101110111111110
1111100111011111
1111110011011101
0101111111100011
0100110111111011
0111111110111111
1111010111111101
1110111111101110
0101111111110110
1111100101111111
1101110011111101
0111001001111101
1011111111111111
1100111111000111
1101101111111101
1110110111011110
1111111011010011
1100111111100011
1111101111101111
1111111110101111
1100100110111111
1111011101110011
1101111111011101
0111010111111111
0111111111101110
0111011111110111
0111110001111111
0111111111101101
1111111111111001
1111010111110111
1101101100111011
1111110101101101
1111101111011100
1101101111010111
1111101111010011
1111110111101100
1110100111111110
0101110101111111
1100110110111011
1111111011101111
1111111101011111
1101110111100111
1111011111111110
0100111111110011
1110111111001101
0101100011111011
1101111110011110