1001111111011110
1110101011101111
0011111111110110
1111111110011011
1101010111100111
1000110111111101
1000101101111111
1110011101101111
0111111111100111
0101011111110111
1110101111010111
0101111010111111
1010111111101101
1111111011101011
0011111110111101
1011011011110111
0111011111101011
1111111110100111
1111110100111110
0010101111110111
0011111111101110
0111011101111111
1111101111111101
0111111111011111
1011111100111100
1111111111001011
1110111111111100
0101111011101111
1100111011110110
1011100111111111
1101011111101101
1111111000111110
0110111101111111
1100111111010111
1111011010111111
1101111010011110
1011111011111101
1011110111111100
1111011100101011
1110011011100111
1011101111101111
1111011110110111
0110111111110011
1111101111100110
0101101111111111
0111111111111100
1100111011101111
0101011111101111
1010011111110111
1101110011110111
0111101011111111
1100111001111111
0110011111111111
1111111111110101
1011011111011111
1111101111111011
1111000111110111
0110110011110111
0111100111111111
1001111100111111
1110111011111101
1100100111100111
1011111111101010
0111111010101111
1011111101101110
1111110011111011
1100011101111101
1111110100110111
1111011101111001
0111010111111011
1111110001111111
1101000111101111
1111111010101110
1111110101111011
1110101011011111
0101010111111111
0111111111101010
1101111011111101
1011111010111111
1101011001101111
0111111111101001
1110111001111011
0110111011101111
1001010111111111
0101111111110110
1011111111010111
1111110011111101
0001111101111111
1011110110111101
1010111111111110
1111110110101111
0111101111101110
1111010101111111
1110111110111111
1101111101111110
1101111111111011
0101111101101111
1111110111111010
1011111101110111
1111110111011111
1111111111100010
1111110011111110
1111111011100110
1111101101101111
1101101011101111
1110110101111111
1110111011010011
1011111111111000
1011111111001110
1011011011101111
1011101111111110
1110111101110111
1111111101110110
1100001111101111
1111111100111000
1111101110111111
1011110110110011
1001111011100111
1101111010001111
1010111111100111
0111111011110110
1101010111111101
1011110111101111
1111111101011111
1111011111111110
1111111110101101
1001001101111111
1111101001110111
0001111111111110
0011010111111111
1101111110110110
1101110101110111
1011111001111010
0111110110111110
1111111001111000
1111111011010110
1011011111111011
0001110110110111
0111110111111101
0101111001111111
1110111111100110
1111111011101101