0010111111110111
1010111111111101
1011111011110111
1111111001110111
0110101110111111
1101110111111111
1111011111011111
0110110110111110
1001111110111101
1011101001111111
1100111110011101
1111011010110111
0111110010011111
1111111111101111
1110011111110101
1111101000111111
1011001111111111
0111101100011111
0111101111111110
0011101011111101
0000111101111111
1011011101110111
1001111101011101
0011010011111111
1011111000011111
1010111111111110
1111111100110111
1111110111110111
1101111011110101
1100111101110101
1011111010111101
1110101111111110
1111111111010111
1101111011011101
0111111101111110
0001111110111111
0111111111110101
0011111000111111
0110011110111111
0111011011111101
1111110101111111
1111111001111101
1111111111111011
1111101101110101
0111111111011101
1110000111111111
1111111011111110
1111111111110110
1001101101110111
1010111100111111
1101111111111100
1110111011111111
1101101010111111
1111101111011101
0011111111111110
1011010111111110
1111111111011110
1011011110110101
0011111110110111
1101011111111111
1001101011011111
1011011101111100
1001111010011111
0101111011011111
1111110111111101
1011101111111100
1111111100111110
1111101110111101
1101101001011111
0100101101111101
0111100110011111
1111001101111111
0111101111110111
1010111111011111