1111111110100001
1111101011101111
1010111011011111
1001111101011111
1101010110101111
0101011111001111
1010110111011111
1101111111110111
1111011110110011
1111011110111101
1101111011101111
1111010011011111
1110110100111111
1011001111111110
1110111011101011
1010011111111101
1101111111001010
1111011011100111
1110111111111100
1110011110100111
1111110010110111
1001100101111111
1101111011111010
0111110101111011
0111111000111111
1011110111011011
0001111111101111
1011011111110111
1001011111001111
1001111111111010
1111001111001011
1011101011011111
1110111111110101
1100111111111111
1111101111111010
0110011110111011
1101101111011111
0110011111100111
0101101111111001
1101011111111101
1001011001111111
1111110001111111
1101100101111101
0111101111001110
1111101110101001
1110101111011011
1010111111110011
0111111111101011
0111101101101111
1111100111011111
1110111110111101
0110111100111111
0011111111111010
1111100111111011
0111011111011010
1011110111101011
1111101111101100
0011111011111111
1111110100110101
0110111111110010
1011111101011101
0111111011011011
0110001011011111
0110111101101111
0101100011111111
1011111101001111
1110101101111011
1111010101111110
1110111111100011
1101111110101110
0101111110111101
1111110111101110
1101110110111001
1011001111011111
1010111111001110
1111111101110110
1111010101111001
1011110011011111
1111110111101101
1111110111100011
1111001111110111
1010101111111101
1110001010111011
0111110111110011
0111101110101101
0110001111111011
1001101111101101
1011011111111011
0111011100101111
0011111110111111
0001011111011111
0111111011111110
0011111111001111
1101011011011111
0101011100111110
0111101011110011
1111101101110001
1011011111011101
0110110111111111
1111001011011011
1111100110111101
1111110111001111
1011111101100111
1011111101111011
1011100111111101
0110111111011110
1110010011111111
1011111110110101
1111011111100011
1111010011111110
1011111000110111
0111000110111111
1111111111010111
0110111101111110
0111001111101111
1101001111111111
1110111101100111
1011111010100111
0011111111111101
1011111110111110
1001101011111110
1111111011111101
1010111010111011
0011011101111110
1110111011111110
1010010111111111
0010111111111111
0111111101110011
1111111100101001
1011110011101111
0111101111011100
1111001101011011
1110111011011011
0111101110111100
0001010111111110
1111110101011111
1011011111011110
1111110110100111
0101111111101110
1111110111011010
1111111010111110
0111001111011110
1111111110011111
0101110111111100
1111110101101011
1111110011111011
0111110011011111
1101011111001011
1111111101100011
0111011111101101
0111010111111011
1010110101110111
0111110111101111
1110111010101111
0110101110111111
1111100100101111
1001111110111101
1110010111110010
1011010011111111
1111110101100111
1111101111011001
1111111101101110
0111101111110101
1111101101100111
1011001011111111
0111111101111101
1111011101011100
1110110110101111
1011101111110111
0110101111101110
1110010101111111
1111101001111111
1111101110110111
0111101101110111
1111011011001111
0111111110110011
1111001011111110
1010111100111111
0111110100110111
1011000111101111
1111110111011101
1111111001011011
1110111101011111
1110101011110011
1011101101101111
1111000110101111
1111111111111000
0101111101011110
1111111110111010
1011101110111111
1111111111001101
0101100111111110
1101111101111011
0111100010111111
1101011010111111
0111111110110110