1111011101110111
0010111111100111
0111011111111100
1111011111101111
1011111111100011
0011111111111010
1011010111111011
1111011101111110
0111010111110111
0111101111111110
1111101111111101
1111111110111111
1111111101110101
1110101111111111
1011111011101011
1011011111111110
1111001101111011
0111101111110011
1110011111111100
1111101111101111
1111111011100111
1110111111100011
1111100101110011
0111111011111010
1111111101101001
1110110111111111
0011111111111100
1010111111111000
0111111111101110
1011111011111100
0111011111111001
1111111101111010
1111111111110110
0111111001101011
0111110011111111
1110111011111111
1011111101111111
0110111101110011
1111111111011111
1110011111111011
1111110001110011
1011011111110111
1011011111111001
1111110111111101
1110111111110101
1111000011111110
1111000111110111
0111110101110111
1111010011111011
1101111111111111
1011111111101010
1111110001101111
1011111011101110
0011110111111111