1111100110111110
0111110111011111
0101111101111111
1111011101110111
1101110111110100
1101110111001101
1101011101011011
1110111111111110
1101111110111111
1111110101010110
1111101111111100
1110110101010111
1111011111101111
1111101111010110
1111101101010111
0111111011111101
1111111001101111
1110110111001111
1110101101110111
0101111111011110
1111011111010111
1011111111101111
1110111101010011
1111011110111111
0110111101111111
1101101111101111
1111111101011101
1011011101111011
0111111011010110
1111111101001111
0011011111111111
1101111101111101
1111111111101011
1111011011111111
1111100110110111
0110101011111111
0110011111111111
1011110111111111
1110111111110101
1111101111111011
1101101111110110
0111110011110111
0111100111111110
1111111010111110
0111101111110111
1110101010110111
1100111101100111
1111111010101111
1011111111110011
0111110111101111
0111111101010110
1111110111111011
1101110101111111
1101111111111010
1100111011111111
1111111110010111
1111111001011111
0111111110111111
1111111111101110
1111001111111101
1010111111010111
1110100101111111
1111010111011111
1111111111011010
0111111101111101
1111110011111101
1010111110011111
1011111111111110
1111111111000111
1101100111010111
1011011111011011
1100101111111111
0110110111110111
1111101110110110
1111011101111100
0110111111010011
1001111011111001
1101011111011110
1011101111111111
0111111111011101
1011111100111111
1101111011110111
1111111001111110
1111000111111110
1111111011010001
0111011111011110
1101010111111100
0110111011110111
1110101011111101
1111111111010100
1111001111110111
0111010111111101
1111100111001101
0111111011110010
0101101011111110
1011111010011111
0011111111110101
0111011111110101
1010111101111111
1110111111111001
0101011111111111
1111110011011111
1100111101111011
0111110101110111
1111111110111011
0111101011101111
1110111100111111
1111101110111101
1111101011001101
0111101111001111
1111110000110111
1101111011011001
0101111011111011
1110011101111101
1101001101111110