1111111110101010
1111110111101011
0110101111011111
1111100111110111
0110111111010110
0011101111101111
1111111011110111
1110111111111101
1111100111011110
0111110011111011
1101000111111110
0110110111111111
1111101111010111
1011010011111111
1011110111011110
1111010111111100
1111111011011111
1100111111011111
1011101011101111
1011001111111111
1010111111010111
1011011110111111
1111111111011010
1111011111111011
0111101111111110
0111111010111011
1111100111101111
1111110111110110
1101110111110111
1101111011111111
1111111101111111
1011100111111111
1010111111101110
0111110011101110
0111111110110011
1011110111101101
1100001111111110
1111111111100111
1111100111111101
1011111110111110
1110111111111011
0101101111101111
1111111111001111
1011011111010110
1100011110101111
1010110111111111
1110111011111111
1111101110111111
1111110111011100
1101111111111101
1101100111111010
1101111111101110
0010111111111111
1111001111110111
1111011011111110
0001101111110111
0111111111111101
0111110110101111
1110001111011111
0111111110111010
1111110011101100
0111111010111110
1011111111111011
1111111111111000
0111011111111111
1011111011111110
1111111111110101
1101111110111011
1101101111110110
1001110111111111
1111011110101100
1001011111011110
0101100111111111
1111111110011111