0111111111111011
1111110110110111
1111011111010101
0111011011110111
1011111111110010
0110010111010111
0011011011111111
1110111111111101
1110010011110111
0011111111011110
0010111110101111
1111111011111010
1110111110010111
1111010111110011
1111111011011111
0111111111001110
1111011011111011
1011111110011111
1111111010101101
1111011110011011
0011011111101101
1111011111011001
1011111110110110
1111110110011001
1111101111111111
1111111101111111
0110010011111111
1111111110101110
1011111111111000
1010111111110110
1111111110110101
1011011011101111
0110111111101110
1011111111110101
1111110111010011
1011111111100110
1111111111101011
1111011110111001
0110011111101111
1110111011101111
1111011111111110
1011111111011101
1010111111111011
0011111011101111
1011110111111111
1011111110110011
1011011111011111
1111111110111010
1111111011110011
1110110111011011
1111111111110100
1101111111111111
1111111010111110
1110010010111111
1111011110000111
1110111111010011
0111111110110111
1111110111101111
1110111111100110