1101111010101010
1111111001101001
1111011101110111
1111101001101111
1111110111101010
1111011011011011
1111111101001011
1110111101111100
1111011101101111
1100111010111101
1111111000111001
1101010111111001
1111111111010001
1111100110111000
1101010111011111
1101100111111011
1111100111101111
1100111100111001
1101111110110011
1101111001111011
1111111011001111
1110101111111111
1111011110111111
1101110101101110
1101111011101001
1101011011111001
0111111111111111
1101011111001111
1101110100111001
1111101110101100
1100110101111010
1111110110101100
1101101101111011
1111111111110110
1110111111011111
1101001111111101
1110110110111111
1101111111011011
1110011011111111
1111110111110011
1111111011110011
1111100111011101
1111110111011010
1110111110110001
1111111110011111
1111001101111111
1111111111011100
1110111101101101
1111110011111111
1111101111011011
1110111001111011
1111110111011001
1111001011101011
1110011101111111
1101111010101101
1011111111111111
1101110110101110
1101110101111100
1101101001111101
1101101111110011
1111111101110101
1111010101111111
1111111001011001
1110111111101100
1111101000110111
1110011111110011
1111011101111101
1101111111011101
1111111111100111
1110111110101110
1110111010101011
1111011011101001
1101100111011111
1101101110111010
1101101111010111
1101111001011111
1100111111101111
1111111101011110
1111001111110111
1111011111111110
1101101110101111
1100010111111111
1110111110111010
1101111111110101
1111101011111110
1101111111101000
1111111000111010
1100111010111110
1110011111111001