0101111111111111
1101111111010111
0011111111110111
1111110011101111
1110111111111110
1011110111111011
1011110111011111
1101111111101011
1111110111101001
1011011111111101
1110011111101111
1111101111111111
1111111101111111
1011011111101011
1110010111111001
1110111111011111
1011010111111110
1101011111111111
1101111111011011
0111111111111101
1011111011111111
1100111111111111
1111011011111101
0110010111111011
1001110111101101
1101111011111101
1111010111110011
0110011011111111
1010111111111111
1111111110111111
1111110111111010
0110110111110111
1110011111110011
1011111111010101
1101111111011101
1111111111100111
1011111111001111
0111011111110111
0111111111101110
1011011111010111
1111110111101100
0111111011110110
1101111011011111
1111011111001001
0110111011110011
1011111111111010
1111010111101111
1111111011010111
0011110111111110
1111011111001110