0010111111110111
1110101011101110
1010110110110101
1000101111111111
1110110110100111
0011101111101110
1100111111001111
1101110111110101
1011101011111111
1100111111110111
1101101110111111
1111110111010110
0110111110110101
1111011110111101
1100110111101101
1111111011101010
1011001111111110
0111111011111000
1010101111011111
0110101111111110
0001111111111011
1111100111101110
1110111011110101
1101110111001111
1111101111111101
1011111011111010
1101111110111110
1101101011111011
1111111101111111
1011011111100101
0110111111000111
1111011011111001
0101111011110101
1101101111101111
1011010111111101
0101110111011111
1111010011101101
0011110111010111
0110011111001111
1011111111110110
1111011011011110
0101111111010111
1111111111000101
1111110011010111
0111111110101100
1001110111110111
1001110011111110
1101111111111100
0011110011111101
1111011011000011
1111110110111110
0101101111111110
0111111111110011
1101011111111111
1101111111100101
0110111111001110
1111111011011010
1101110011110111
1110011011111111
0110111111011011
1011011011100111
1010001111101111
1010111011111111
0111010011011111
0111011111111110
1111011111011101
0111110011110111
0110001111011111
0100111111101111
1010111110111100
1110010111111110
1111111010111111
1111111110011111
1111111111101001
1001111111111001
1111111111010010
1110011111110111
1111101111011011
0111110111101111
1111110111111011
1101111111111010
0111111111010110
1100111011111101
0111111011101111
1111100111011111
1111011110101110
0101110011111110
1110111011111011
1111001011101011
0111011111011011
0110111111110110
1010110111101111
0111101011111011
1100111011011110
1100110110101111
1011011011101101
1110110011100111
0111100011111111
1110110111011111
1001111111101111
1100101111111110
0110101111101111
1011000111111111
1101110011101111
0011111110110101
1101111011011101
1110111111100011
1111111111011001
1011111111010101
0110010111111111
1111011111001010
1011110011100111
1111101111011110
1110110111101110
1100101011011111
1011111111001111
1010101111111110
0011111011011111
1110111111111010
0111111111011101
1101111011110110
0110111111101101
1111000111111110
1111010111110111
0011110110111111
1011111011101100
1101111011101011
1011111110101111
1111011011110101
1100100011111111
1110011111111011
0111010110111111
1111111111100100
1110111110101101
0110111011111100
1001111111011101
0011111111101011
1111001011001111
0110110110111111
1111101111110111
1000111110111101
1011101110111111
1111111110111011
0010110111111111
1011110111011101
0011101111111010
1000111111011110