1101011111001010
1110110111101011
0111010111111010
1011011111110101
1010111111111101
0110011111110011
0011001111110111
0110111111101011
1101111101110111
1100111111111001
1111111111111100
1101010111001111
1101000111111111
1001111111111111
0101110111111010
1010111111100011
1110011111110101
1011010111111011
1101001111110111
0101101101111011
1110111101101111
1011001111111110
0111111111001111
0111111111111001
0111011111101011
1111011101111111
1111000111101101
1111100101111111
0011111101111111
1110001111110110
1111110111110111
1111110101111101
1111111111110010
1011110101111110
1110111111110001
1010101111110111
1111111110111111
1110101101111011
1111110101101111
0101101111111101
1111111111010111
1101101111101110
1110111111101101
1111101111100101
0111111101111110
1111111101100111
1111001111111011
1011111111011111
1101101111011010
1111110111101110
0011111111111101
1011101101111110
1101010111101101
1111111011111111
1100111111110011
1101101111001011
1011111101110101
1011111111101001
1010111111100110
1110111111011111
1111101111100110
0111010111111101
1101111101101011
1110110111111101
1110101101111101
1011101111110011
0111101111101011
1100111101111011
0111100111111111
1100101111111011
0111001111011111
0101111111101111
1110010111111111
1011100111111011
1011011111111010
1110110111111110
0100101111110111
0111101101110011
1111111111011101
0011101111111011