0111111111111011
0010111110111110
1111110111101011
1011011101111110
0011111111110110
1101110110111101
1111101100100111
1110111110011010
0110011111111101
1011011110101100
1110111101111100
1101111110111000
1111101111111100
1111111111110011
1100111111110111
1101111111101011
1010011110111010
1101010111011111
1001011110111111
1110111110100111
1011110111000110
1100111110111101
0111111111011111
1010111110110111
1011111110001110
1101011111101100
0111101111111101
1011010111111100
1101011111111001
1000011111111111
1110110111111111
1110001101111011
1011011110011111
1111111110110101
1111111011111111
1001110111011111
1100011111111110
1111011111110101
1011011111110111
1110101101111101
1110101110101111
1111011100101111
1110111111110110
0101110110111111
1111011111101001
1111001110101110
1111110111011010
0111111100111101
1011010111001110
1010111101101111
1111110110111000
1101110111101111
1111111111011101
1111111101010110
1100111110101110
1111101111011010
1110001111111110
0111101110111111
0001111111111100
1010111111111101
1011111100111010
1101011110100110
1101101111111111
1111100111011110
1111111110010111
1111111110001010
1011110110111001
1100111111011010
1111100110001111
1110101111100111
0011111101111111
1011110110100111
1001111111010111
0111011110111101
0010011111111110
1101111111000110
1101110111011110
1101111101111111
1011111101101011
0110011110111110
1111010110011011
0101111110111100
1110111111101101
1111101101101110
0111111101111110
1111011101111101
1111110101111111
1111110111110101
1010111111001110
1011101111111111
0110011111110111
1110111101110111
1001110111111001
1111101111110110
1111011101101011
1010111100111111
1111010111110110
1111111101101010
1001111110011111
1111101101101001
1111001111011111
1010111101111110
1110111111111001
0101011111111111
0111111111101111
1101111111110100
0111111110110111
0011110111111111
1011111100100111