1101111111010110
1111100111110111
1011011111111111
1010111011011110
1111110011101110
1001101111111111
1111111011110111
1101111100111110
1100111111110110
1110101111110011
1011110111011111
1100111111101010
1010111111101100
1101011110110110
1101011011111111
1110011101110101
1101011100110111
0111011111101011
1101011111111011
1110110111001111
1111011110111000
1110011111010110
1111111100111001
1011111001111110
1011111100111100
1110111111001010
1100111111001011
1111110011011011
1111011111101100
1111111100111010
1001111111111100
0111101111110011
0111111111111110
1101011111001111
1101110110110111
1110001111111011
1111010111100110
1111111010011011
1011101101111111
1101111011111011
1100111101110011
0010111111111111
1100011101111111
1111011110011111
1110110111100110
0110101011111111
1111101101111100
1111111110110000
1110010111111111
1111111010111110
1011111111110111
1100101111011111
0111101011111101
1111011100110101
1111001101111111
1111111111011101
1111110110111000
1101011111111101
1100111111100111
1111001111111110
0111010111111011
1100111011111101
0101001111111111
0111111011101111
0111110011111011
1111111011111010
0111011011011111
0101111111100011
1111010111001011
1101111111111001
1111010111111100
0111111110111111
1000110111101110
1111111101101111
0110011011111111
1111111110010010
1001110110111101
1111111011111001
1110100111011011
1110111110111111
1111110111011110
0101110011111101
1110110111111010
1101110011101111
1111111111100010
1101110111101011
1110011111111100
1111101111101111
0110011111101101
1110111011101100
1111011111110011
1111111110101111
0111111101111111
1110110111110101
1101110011111110
1110101101110101
1111110101111111
0110011111110111
1110110111010011
1111010011111101
1100011111101111
1101011111101110
1110101111110110
1111101110111111
1111100111111110
1111110111101101
0111100111011111
1111111101011111
1010111011101101
1111110110110101
1110111111100101
0100110111010111
1011111111111011
1001111011111111
1101111010111101
0101111111011011
1101101101111101
1111110110010011
1101101111111011
1110011011101111
1101110111011011
1111101011111110
0011110111111111