0111110111011111
1011001111111101
1111110111101011
1111001011111011
0101011110111111
1101101110111101
1101011111011011
0111100011110111
1101111111110110
1110101110111011
0011111011110101
0101111111111001
0001111111111011
0101110010111111
0110110011111110
1110111111110010
0111111110101111
1011101111100111
0111111111111010
0111011111100110
0110101111111100
1101101110110111
1100111111111110
1111101111111000
1111101111001111
0011011111111110
0111111111110011
1111011011111110
1101100111111111
1110010111111111
0011011111111001
1011001011011111
0111001011111111
0110101111110110
1110111011011001
1011100011011011
1110111111001100
1110111110111100
1101111111111000
1111110111100110
0011110111111101
1011011110111111
1111100011011101
1010111111111111
0011101010111111
1001110110111101
0111011110111101
1101110111111001
0111101111101101
1101101111111110
0100011111111011
1101110111011111
1111011011110111
1111011111111100
1111011111100010
0011110111100111
0110100011111111
1111001111110111
1111101010111011
1101111111101111
0111111011011110
1101101111111011
1100111111110101
1101010011111011
1111111011001011
1001111011111101
1111001110111101
1111111011100011
1110111111100111
0011101111110101
1110110011101111
0110100111111110
1111110011101101
1111110111001111
1101110111110111
1101111010110111
1011001111101011
1011101011111101
0111110110111011
1111011111101101
1111111101111111
1110111011110111
1111111111010111
1101011111111001
1111110110110011
1111011010111111
0101110110111101
1011110111111110
0011100111111111
1111111010111101
1111100110110111
1110001011011111
1110111111101011
1111010111011011
1111010110100111
1111110111111100
0111101110111100
0100111010111111
0111110111101101
0111111111011011
1011111011111110
1011011111011110
1011101110110101
1011010011101111
1111111110011111
1111111111101001
0110101111011110
1110110011111011
1111000111011111
1110100011111101
1011111111111100
0111110111101110
1011101111110001
1110100111011111
1011101110111001
0111111011101111
1100111111111001
0111110011111011
0101101011111111
1101110010111011
1001001111111111
1110011011011101
1110101010101111
0111100111111011
1111110111011110
0110110111110110
1011000111111111
1100011110111111
1101111111011101
1011111111001111
1111101111110100
1011101111111110
0111111111011101
1111010011111101
1110101011111100
1110001111011011
1011111110101111
1111000110101111
1110011111111010
1111111110101101
0111010111111101
1100111011011011
0110101111111011
1100110111111101
1110110011011111
1111100011101110
1111111110111010
1001111111110111
1011110111011101