1110100111001111
1111101011101111
1101111011101101
1101101110111101
1110111001110111
1110110011101111
1111111111111110
1111110110011111
1111111010011101
1110001111101111
1101111111110111
1101111110011101
1111001110011101
1111111110100111
1100100111101111
1111011001101101
1110011101101011
1111111111010111
1101110010111101
0111111111111111
1101100110111111
1111001010111101
1111111110110101
1101110011011101
1111011000111101
1111010111001111
1100011101111111
1111001100111011
1110111111110101
1111000111110111
1111100111011101
1110000111011111
1111000111101011
1111111110101011
1101100111111101
1100111111111011
1111110010101101
1111111011111011
1111011110101111
1101111101111001
1111101101100111
1111111111011011
1111100011111111
1011111111111111
1110111110111111
1101110110101101
1111111111100011
1111011011110111
1110111111101101
1101011100111011
1110011111111101
1110100111111101
1111110111110101
1111110101111111
1110001101110111
1111111101011111
1101110011001111
1110000111111011
1111111111001101
1111111101110001
1100010111111111
1110101011111111
1110011101110011
1101011011111101
1111101000111101