1111101101101011
1010111011011111
1110101011101111
1111101110100111
1001101111111111
0111011111111101
1111110110011111
1111101111110011
1100000111111111
1111101110111010
0101011111110111
0111110101111111
0111011011101111
1110110100111011
1111111110100110
0100101111111110
1111011110111000
1101111101101110
0011010011111111
1111110101111100
0111111110101101
1011111100111100
1110111111111100
1010111001111111
1010010011110111
1011111111101111
1111111011101001
1111101011101011
0100111111111011
0010111011110111
1101110011010011
1111010100111110
1111101111111001
1111010101110111
1101111111111101
0100101110101111
0111111001111001
0110111111111101
1100111011101111
0110111110111010
1111101110101110
1111100111101011
1111110101110110
0010011111111011
1111111001110101
0110111001111111
1011100011111111
1011100110111101
1110011111110110
1111110001111111
1100110101111110
1110111100101011
1101111111100111
1010111111110011
1111011111011111
1110101001011111
1011101101110111
1111010111111100
1011111100011111
0101101101111011
1101111101011111
0111111101110111
1000010111111111
1111101111101100
1001010101111111
1110111111101110
1010011101110111
1011111111010111
0011101110111011
1111110110101110
1001111011111011
1010101111110111
1110110111011110
0101011101111110
0111110111110111
1011101100111111
0011101111111110
0110010111111111
1100110011111111
1010111111111001
1110001011111111
0111111111101110
1100011111101111
1111101101011100
1111100111111110
1111110111101100
1011011110111011
0110110010101111
0101111110111010
1010111111111010
1111111100110011
0100011111111111
0111101111100111
1111011111100111
1111010101111011
1101111010111111
1101110111011010
1100111110011111
0111011100101111
1011010111110110
1011001111111100
1101001101111110
1011011001111011
0111111101111010
1111100111110111
1011011101111110
0111011100111011
1011101101111011
1110111101111101
1101111100111110
0111100111111101
1011101110110111
1100111101110111
1101110100101011
1111110011101101
1111101111010111
1101011111111010
1110110111110110
1111111011001101
1010111011111011
1101101101110111
0111111111011111
1111011111101101
1011010110111111
1110111011001111
1101101011011111
1101010101111110
1110111111010111
0011110111111011
1111111101100111
1110110111001101
1111110110111100
1111110110110011
0011111111110011
1011111011111101
1111111110110100
1101111011001111
1111111011111110
1101111101110010
1111111101111000
1010111110111111
0110110111111011
1101101110011111
1110111110110111
1111001001101111
1111111010110011
0011100111111111
1011110101011010
1110101101001111
1111111110011101
1011111111011101
1111100101111011
1110011111101011
1101111001111111
0110100111111111
1111100101101101
1111101010110111
1111111110101010
1001011011111111
1011101110011110
1111101111011011
1011000111111011
1001011111111011
1111100101011111
1011111010111111
1111011100101110
0101110111111011
1110111101011011
0001111101111110
1111010010111011
1111101110001111
1111111111100011
1110011111110011
1111111111011001
1011011110110110
1111110111110101
0111001111111111
1110000101111111
0101110111101111
1100100101101111
1101101100111011
1111001011111101
1001111101111011
1111111001011011
1111001101110111
1001111110011011
1111110101001110
0110111011110011
1000111011111111
1111010010111101
1010111101111110
1110001110111111
1111101110111100
0101100111111111
1001111111110111
0111101101111100
1111101000111101
1111100100111111
1110011111111001