0101111111111111
1101111111010111
1111011111110111
0011111111110111
1111111001110110
1110111111111111
1101111110111111
1111001111101111
1111101111111100
1111111111110011
0011001011111111
1101111111101011
1111011111001101
1011001111111110
1111110100111110
1101011111111011
0111110111011101
1111011100011111
0011110110111110
1011111101111011
1101110111110110
1011111001111111
1111010011111111
1101111011110101
1111111100011110
0011111111101101
1111110101101111
1111111101011101
1111111111010110
1111101111100101
1011111111011111
0111011111111001
0011101111101011
1011110111111100
1111010110111110
1011101101111101
1011001111111011
1111011101111011
0111111110111010
0111101011111110
1111111110110111
1011111011111110
1101111001111110
1011111110111100
1101111111001101
0111001111011111
1111111010111111
1101110111101111
1011101101100111
0011111011111101
0111111110011111
1011111011110111
1011110111110111
1101101111111111
1111010110111011
1111111011111010
1111101011111001
1101111101111001
1111111011011111
1001111101110101
1111111111101110
1111010111111101
1111011111111010
1111111111011011
1011011110111110
1111001101011111
1111110001111001
1101110101111100
1001111011111011
0111011011111110
1101110111111000
0011011111111100
1111111110101111
0111111101111111
1101110001111111
1111111101101001
1011001100111111
1111101111011110
0011011111101111
1111001110111001
1011111111100101
1111101101110101
1011010111101111
0011011110111101
0111110110111001
1111101111110110
1111111011101111
1101010101011111
1011011101111100
1111100111111111
1111110101111000
1101010111111110