1111101011101110
1101110011111011
1001101111111111
1110111110011011
1110111010011111
1011110011111110
1110111010111001
1111011110111101
1111111110100111
1111110111001110
1111110111110110
1111100111101111
1111010101101111
1011110101111111
1101111001111011
1101111110111110
1111111011110110
1100111110111111
1011111111101110
1110101111111111
1011111101111001
1101110101101110
0111111111111111
1010011011111111
1110110111111111
1111101110101100
1011110010101111
1011101101111111
1110111111110111
1110111101111001
1001111111100011
1111001011101111
1101011111111111
1111011110011111
1111110111111101
1101101011111101
1011010111100111
1111101111111011
1111111111110101
1111111011110011
1011111001110111
1111101010011110
1111110111011011
1011010011101111
1111001110101111
1011011101101111
1111110101101011
1111111111011101
1111011011111101
1111111101010110
1010111111011111
1011101111010110
1111001011010111
1101111101100110
1111101111000111
1001111110111111
1101101101111111
1101111011111110
1101111111111001
1110111001011111
1111111001011110
1111000101010111
1111111010001111
1110111111101111
1011111101010011
1101111111011111
1010111111111110
1111111111000110
1001110111111011
1001111101101011
1110111110111110
1111011011001111
1111111011100111
1111011101110011
1101100111110111
1111011110111011
1011101011010111
1010111111111001
1111111100111111
1011111111001111
1111111001111101
1111111111111010
1111011111011011
1101111011110111
1111111110001110
1011110011011111
1110011001111111
1111100111111110
1111100010011111
1011111011101101
1111011111111110
1010111101111111
1011101110111111
1100111101111011
1101111010111111
1111110001101111
1110011101111101