0110101111011111
1111100111110111
1111111101110011
1011110111111010
1111101111110011
1111111111111100
1111101111010111
1111111110011001
1111011110110011
1001111110101111
1101110111101101
1111111110100111
0000111111101111
1111001111011011
0111001101110111
1111111101111110
1101010111111011
1001111111111101
1011010111111101
1111111111010110
0101111101111011
1101011111001111
1011111111011111
1110110111111111
1101011101110111
1010111111110110
1111111011111111
1010111111110101
0111110111111010
0100101111111111
1001110111101011
1110111111101011
0101111111001010
0111111111110011
1101100111111111
1111011110011111
1000111111111011
1111011111101011
1101111100111101
1011010111100110
0011110111101111
1011111110110011
1101111111001101
1101111110111010
0011111111100111
1111111111101001
1111011111000101
1101110111101110
1101011100111111
1111111101010111
1111011111111001
1001011111111011
1111111110110001
1111010110111011
1100111111111001
1111111110001011
1011010110110110
1001011111100111
1111111101011011
1111011111111010
0111101111110101
1110011111111111
1110111111101110
0111011101101111
0111111101111101
0111111110111110
1111111100110111
0011011110111111
0111010110101101
1001111111101110
1111101101111011
1110111110111111
0111110111110111
1111110111011111
1111101101011111
1111011100111011
1001111101110111
1111101111101111
1100111101011101
1101011111110110
0001111110111111
1111110101111111
0110111111011101
1011101111111111
1111000111111111
1111101110111110
0111011111011111
1111110111100011
1111001111110110
1110111111100101
0111101111111011
0101110110101111
1101110110111110
1011011101111101
1101101111111011
1101111110110111
1001110111111110
0101011111111111
1110111111001111
1111001110111101
0101111110001111
0101111110111001