0101111101111110
1111011111110110
1111110111101011
0111011010111111
1110011110111111
0110111011111110
0111011110111011
1010101111111011
1110111101111100
1111001111101111
1011110111111011
0111111111100110
0111111101100111
0110110111111111
0101111010111111
1111010011011111
1111111011101011
1011101111011111
1110110111001111
1110011011111011
1101111101101111
1000111111111111
1011111101100111
0111001111111100
1111011111101110
1111111111110010
1101111110110011
0111011100011111
1011111111101110
1011101111100111
1101111100011111
1010011111111111
0111011111010111
1111111101011101
1101001111111111
1111001111111010
1111111101100110
0011110111010111
1101011101011111
1110111110011111
1011101101111111
1101111011111011
1010111010111011
0011011101111111
1010110111111111
1001111001111111
1101111111111101
1111011010111101
1111101100111111
1111111111101010
0110111111111100
0101101101111111
1100011111111111
1101111111011011
1110111111011110
1101100111111111
0110001111110111
0011010110110111
1110110111110011
1110111011011011
0111111101011110
1111110111111101
0111011100111101
1011111011111110
1111111111110101
1010111110111101
1101101111110110
1111111101111011
1101011111100111
1101111011010111
1111001101111111
1110111111010011
1101101111011110
1110111101010111
1101110111101111
1111011011111100
1011110111100111
1111110111000111
0111001110110111
1111101111011011
1011111111110011
1100110111111110
1100111111111010
1110100111011111
0111111011101111
1011011011011011
1101010110111111
1111111110010111
1011011111101101
1110111010110111
1110011101111111
1100111111011111
0101111111110111
1111110010111011
0101111111001110
1011111111010110
0011111111000111
1011111110011111
1111111100110111
0011011011110111
1111111110111110
0111100111111011
1111110111011110
1111110111111010
1011111001101111
1111111111100011
1110111111101101
1111011001111101
0011101111111111
1111111110101111
1011111101011110
0001111111001111
1011010111011111
0111101110111011
1111110101111111
1110111001111101
0100101110111111
1001101111111011
1101111001110111
1011101111111110
0110111111101111
1110010011111110
0111111111101101
1111000111111111
1111111111111001
1001111111000111
1111101111011101
0011110111001111
1101111001011110
1100111111101110
1111011001111110
1011111011010111
0111111111001011
1011011110111011
1111101101101101
1110011111111010
1110111011101111
1110110010111111
0111100111101111
1111110011110111
0100111110111011
0110101111111011
0001111111111110
0111111011011111
1011101111111101
1010111101111111
0011011011111101
0101011111111111
1001110111111111
1111101011111111
0110111110110111
0111100110011111
0110101101111101
1111101111101011
0011011111011111
1110111111100111
1111011111001111