0011101110111101
1011011111111111
1100111100111111
1110111101111101
1101011110110111
1110110100111111
0101101100011111
1101111111010100
0011110110111110
0111011101111111
1101111110111101
1101111110111110
1111111101111110
1011111111101110
1110101111111111
1100111111010111
1111110100111101
1011111111011111
1111110110111100
1101011101110111
1011101111110100
1111010110111110
1111111011111111
1110111110110110
1111111101010101
1101101101010111
1011100111110111
1001110111110101
1101011111100110
1111101111010100
1101010111110101
1110110110110111
1101110101111111
1111011111011111
1000111111110100
1111001111111101
0011110111111101
0111111111110111
1111111101101111
0110111110111111
1111111100110111
1111111111000111
1101101111111100
1111010101111111
1111110111011111
1011111101110111
1001111110100111
1111101111101111
1100011111110111
1111100111111101
0111010111111110
1110111110101111
1111111110001101
0111001111111111
0110111111011101
1111111111111011
1011101100111101
1010111111100111
1111101101011101
1111100111111110
1100111111101110
1111001111110111
1101011111110100
0101111111111100
1111111111100100
1111001110111111
1111111111001100
1001110111111110
1110111111001110
1101101110010111
1100010111111111
1111110111101111
0101111110001111
1100111111011100