0111111111111011
0111011111111101
1111101110011001
1110111111111101
0111110101111110
1111011000110111
1101111101010101
0101111011110111
1111110110111011
1111101010111111
0111111001011111
0101111101111101
1111111100111001
0111011101111110
1111001100111101
1111111100111010
1111111010111011
0111101011110111
0111011111010110
1110111111010110
0111010101111111
1111001111111011
1110001111010111
1101011101110111
0111011101110111
1111111011111110
1111010110111111
1100111111110011
1110111100110110
1111011110011010
0101011011011111
1101011011111011
1110011011111111
1110110101110111
1110111011011011
0111011001111111
0111110011110111
1101111111111110
1110101111111011
0110111111111111
1111111101010110
1111111111010011
1111011111111001
1101111111011001
1110011101011110
0111101110111111
0101010111111111
0111111101010111
1101101111111111
1111111001111011
1110111001011111
1110111110110011
1111001101111100
1111010111111100
1111111111101111
0111111100111110
1111110011111101
1111011001010111
1101011010011111
1011111111111111
0101111111010101
1111101101111001
1101110111111001
1101111100110111
0111111111010100
0111001011011111
1100111101111111
1111110111011111
0111101101110111
1111111011011101
0111111101110100
1101011011110111
1111001110011111
0111111010011111
1111011110010111
1100110011111111
1111100101111100
1111101111011110
1111111001111101
1111101111110101
1111000101111111
1111000111111110
1111101011110011
1110101110111111
1110100111111110
1110011111111011
1110110010111111
1111011100011011
0111011110110110
1111101001110111
1111110101111001
1111101100011101
1111010111110101
0101110110110101
1111011100111110
0101111001111111