1111011111110110
1111100110111111
0111110101011111
1111110111001001
1101011111011011
1110111111111110
1011111110110001
1111111111111100
1101101110111110
1110011100111101
1101111111110111
1111101111010111
0111111110110101
1111110111001010
0101111110111011
1110110100111111
0111010111110111
1001011110111111
1111011111110001
1011111111011001
0111001110111111
0111110111011101
1110001111001111
1111110101111101
0101111111011111
1011001111011101
0101110111101001
1111111101111110
1101111111001001
1101101110011101
0110101111111101
1110011101110111
0111111111111110
1010001111110111
0111011100111111
1111110100011011
1101110110011110
1111111011111111
0111001101011101
0110110101111011
1111111110110110
1010111111110101
1101111101111101
1100011101111111
1001101111011111
1101100111001101
1110011111010011
1111110111110011
1001011111111001
1100001110111111
0111111111011011
1111101111111011
1110000111110111
1110110101011111
1100111110111011
0011011111111001
1111010111001101
0111111100111101
1110111111011101
1111011100110101
1010111111101011
0111101111110111
1111110110110111
1100110101111111
1010110111110111
1000111110111111
1011110110011101
1111111100010111
1101011111101011
1001101111101111
1001110111011011
1011010111111011
0010011111010111
0111111111001111
1011001111110101
1111111101101111
1101011100011111
0110111110111111
1011111111111110
0111011101110101
1111111111000110
0111101111101111
1111000101110111
0111010111011111
0110110111110111
1010011110011111
0110110111101011
1110101110110111
1110101100111101
1011110111010111
1101001111001101
1111111110101111
1110110111110101
1111011110111011
1101111110011010
0001111111111001
1010111111111001
1101011110011101
1011111101111111
1011111111100111
1111111111010101
0101110101111111
0110011111101111
1001111110011111
0111111110011101
1010011111101101
1100110111111101
1001110111001101
1100110111011011
0111101100111111
1111010101111011
1101010111111111
0011110111111111
1110111111100111