0011111110111111
1011111101011011
0111110101011111
0111111101011001
1111011111010101
1111110111110001
1100111100111111
1111111111111110
1111100011101101
0101111111010011
1101111101110111
1111111100011001
1001111101111111
1111100110111101
1101011011111111
1110110001110111
1010011011111101
1111111111001011
1010111001111111
1111011111101101
1011101011110011
0101111111101011
1110101111111111
1110111100111011
1110111111010111
0111101111111101
0111110110011001
1110111101100111
1111111100101111
1101011111001111
1010110111101101
0111111100011011
0011111101111101
1001011111111111
0001111111011111
1100111001111011
1101111111111101
1111011010111101
0111111101110011
1110110110111111
0101011111101111
0011011111100111
1011110110101101
1111110001111101
1011101011011111
0111101011111111
1011110111001101
1111100110011111
0111110111101101
1111111110110111
1111101101111101
1101101000011011
1111111001110101
1011011111011111
0111100110111011
1011111111101011
0101011110011111
1011110011010111
1011011101101111
1110110111100101
1111010111111111
0111111001111111
1101011100111111
0110111111111111
1010011111110101
1111110111000111
1111111010101111
1110111110101011
1011100111110101
1001111110111111
1111100110101111
0111111101010111
1011110101110111
1101110111111111
0101001111111111
1011111010111111
1111110011010011
1010111011110111
0111111011101111
1101001110111111
1011101011101111
1011011110111111
0111111111001111
1111111110101001
1111011111111011
1111111111100001
1111100101111111
1110111011011111
1101101011110111
1110111101001101
1111110001011111
0011011011110111
1011101111001111
1111111011111001
1011101001110111
0111111101101111
0111110111110111
1011110100111011
0111101101110111
1101111011010011
0111111100111001
0101111011111111
0011101111111111
1111111011100111
1111011101111101
1111001011111111
0111101101011011
1100111110011011
1011111111111001
1111110010011111
1100111011110111
0111111111100011
1011100111010111
1110011001111111
1011111011101101
1111001111110111
1110111110101101
0111111010111111
0111111011011111
1111110101111001
1010110111110101
1000111011111111
1111111101110001
1111101111101011