0110101111111001
0100111111011101
1111110111110001
0111011111001011
1110011101101111
1111111101001011
1001011111010111
1011101111000111
1101101111110100
1011011111010011
1010011111011110
1100111111110111
1011111111101101
1011101111011110
0111101111111110
1001011111110011
1101111101101110
1101110111110111
1110101111010011
0111110111100111
1111011111101110
0111110111111001
1010111111101111
0111101111110011
0011111111001011
1101101111101111
1111111101010011
0101101101110111
1101001111111111
1111111111010110
1110101111101111
0110111111111110
1111001101111010
1001011101111110
1011011111101011
1110111101111011
1111111011111111
1010111111110101
0011011111111111
1011111111110100
0101111101001111
1100011111111110
0111111111111100
1101111111011011
0101011111101111
1101111101101011
1011100111110111
1110111111110100
0001111111011101
1111011101100011
1001111101111101
0111010111101111
1111111111101001
1110111111011100
1101101111011110
1011001101001111
0101110111111101
1110011111110110
1101011111110010
0000111111111101
0111111101101010
0110111111101011
0111111111010111
0010101111011111
0101110111111011
0010110111111101
0010110111110011
1111101111011001
1101101111011101
1111111101011010
1011101101101011
1100111101011111
0110000111111111
0101111111110110
0011111101111110
1100010111101011
0010100111111111
0110001101011111
1111111110111111
0111101101101011
0111100111111011
1100101111111110
1111110111011111
1011111101110111
1111011111111101
0001111111001111
1111100111111101
1101111111101101
1011111111111001
1000111111111100
1110111101000101
1111110101111111
1110111101110110
1111001111101011
0111100111110111
1111010111110111
1011000111101111
1110110111101101
1101101111010111
1111001111110111
1011110111101110
1111001111011110
1011111111111010
1101101101111101
1111111111001110
1101101111111011
0101011111111110
1001111111101011
1001011111011110
1111100111100111
0111101111001111
1111111111100110
1111101111101010
1010011101111110