1111110111110001
0110011111111101
1011110011111111
1010110111111010
1011110110110110
1011110111011110
1001111111111111
1111011110111101
1011001111111111
0101111111111001
1110111011101011
1010101111011111
0101111010111011
0111011011110100
1111101111111101
0111111111011111
1010111110110111
1111111111001001
1111101111111110
1111111101111111
1011111111101111
1111000011011111
1111111111010111
1011010111111100
0110011110111111
0111100110111111
1010111011111101
1110100110101011
1010111110111110
1111101111001111
1011111111110101
1110111010111101
0100111011111101
0110111111111100
1101111111011011
1110100011111111
0011111111111111
1011101011011111
1101111110111001
1011111010111001
1111101010011111
0101011111110101
1111111010111110
1111110111011010
1111110110100111
1011110110111011
1110111111011101
1010111111011110
0100111111110101
1110111011100111
1100110111111111
1110010011110111
0111110111110101
1110111011111010
1111111010110111
1111110111011001
1111111111101110
1010100110111111
1011011110111111
1111011111111011
1110011111111110
1011111110011111
0111111110111110
1111110011111100
1111010011101111
1110111110101001
1110110111111001
0110011011111111
1111011011011100
1100101111111111
1111101011111011
1101011011110111
0111011011100111
1101011110111110
1101111011011101
0101111110111101
1101111111011100
1111111010101011
0111111010111001
1010111111111001
0110011111110111
0111111111101101
0111110011111110
1101101110111011
1111111110001111
1101010111111100
0111100111101011
0110101010101111
1110110110110101
1011111011011100
0101001010111111
0111111011110010
1110111110100011
1101111111101111
1100111110110111
1111110110011101
1111101111110111
1110110110011110
1111111011001011
0111110111110011
1100111110011111
1010010111110111
1111010110011111
1111111011101101