0011111110111111
1000111111011111
0111111011111110
1111011111110111
1111011110111110
1111110011110101
1111101001110101
1001101101111110
1110111111111101
0111111111100110
1011101001111111
1101111111001111
1111101110111011
0111101110101111
1101111111101011
1111101011001111
1101101011101100
1110111001101111
1110111110100111
0011111111101110
1111100111101110
1000110101111111
1101111110110011
0111110011111101
1101111011110100
1110111111001011
0111111110101110
1111111110000011
0011110011111111
1011011111111110
1001111111111101
1010011111111111
1111011101001111
1110101111101111
1101100110111111
1111111101100111
0101111111111011
0111110011101111
0111111101011100
0101111101010111
1111111010011011
1111101001010111
1101101100011111
0011011111111111
1101101010111111
0101110111111110
0111111101110011
1111011011111111
1100011111111111
1100111011101111
1111011101111011
1101011111111110
1001110111101111
1111101110101110
1101100111111110
0111110111101100
1011110001111111
1111011100101111
1111101101111100
1101111001111111
1111011101101101
1110111111110110
1000101110111111
1101101111110111
0101111111101110
1110101101111111
1011111111110111
1110111010111111
1001111011101111
1111111001011101
1110111111010011
1010111101101111
0101110111111101
0110111111111111
1110111110101011
1001011111111011
1110011111011111
1010101110011111
1011111111111100
1111110111111011
1011111110111011
0111111111101011
1100111111111011
1011111011001111
1110101110010111
0011111111011111
1111111110111100
1111101110010101
0111110101110101
1111111011000110
0101111111101101
0111111100111110
1111110111100111
1111111010001111
1010100110111110
1110011101111111
0111111111001111
1110111111101110
1111111011100101
1111110011111100
1111111100001111
1110111011011111
1101011110011011
1111111100110111
1111110110101111
1001011101011111
0111111101101110
1111111010010101
1011111010111101
1100101111111110
1101111010111011
1011101010111111
1111110111011111
1011111001101111
0111101101110110
1101111101011101
1101111101010011
1111011111001011
0011101111111111
1111101101101111
1111011111111100
1111101111011110
1111110101111110
1001110110111111
1111101011011011
1111111111111010
1011111100111111
0111101111101100
1011101110111101
1111111111111001
1101011111101111
0101011101111101
0111101011110101
0111011110011101
1101110011101101
1111101111010011
1101100111101111
1011111011101101
1010111110101111
1101111011011111
1001111110011111
0111010111111101
1101111010100110
1011011111001111
1111110011110110
1101110110111110
0001111111111111
1111111100111101
0111110110111111
1111000101111101
1111111111001101
1111110001101111
1011111101111101
0101101011111101
1110101011111110
0111111110110111
1111100100111111
1111111011100011
1100111101010111
1101001111111011