0110111111111011
1111110110111001
1111110111101010
1011011111111111
1111011111101111
1011101011111111
1111101110111011
1111101010111111
0111001110111111
1110110101111101
0110111111011111
0110011101111111
1011110101111111
1111101110011111
1010100111111111
0111111111111010
0111010101111111
1110010100111111
1111111011111101
1111101111111000
1111111011111110
1111111111110111
0011111111111110
0010111111111111
0011101111011111
1111101101111100
1011110111111000
0111100111111111
1101111111111111
1110101111111011
1110111010111111
1110001101111111
0111111100111100
1111111111011101
0111010011111111
1110011111011111
1111010010111111
0110101110111110
1011111010111111
1110111111101111
1111111111011011
0011101101111001
1111110010111011
1011111110011110
1111111101101111
1111100101111111
1010111110011111
0111011110111101
0111011111111011
0111110100111111
1111110111011111
0110111110111101
1111101111011110
1010111111111000
1011111111001111
1010101111111110
1111011100111001
1111011111111110
1010101101011111
1111111001111111
1111111110111010
0111111111101111
1110010101111011
1110111110111011
1111101110111101
0111110111111101
0011110111111111
1110011101111101