0111110111011111
1111101011101110
0111111101111011
1101111111010110
1001111111011111
0111101111011111
0101101010111110
1111111001110111
0111111111011001
1011101111111011
1111111010011101
1111110111010111
0111110111111110
0100111011110110
1101111011101111
1111111011101011
1000111110101111
1110111001101110
0100111111111001
1111111110100111
0001111011111111
0111111001011111
1101111101101111
1101110111110110
0110111111011110
0111101101100111
0111110111111001
1110101111111111
1110111010111011
0011110111111011
1101101111101110
1011100110110111
0101111011110101
1111110110110011
0011111111110011
0000111111110111
1101101110110111
0111110011110101
1110111101111010
1101111111110010
0110111110101101
0010110111110111
1110110110111111
1110111001011110
1111101101111101
1110111111110100
1111111011111100
0111111010101111
0111111001111110
1101101111011110
1110111111101001
1010111111011111
1111100011111101
1110111011100111
1111111101101100
1111101111011011
1100110111111111
1111110110101001
1110111010101111
1111111001111001
0111111111010111
1101111011110011
1100111110110110
1111111010110111
1111110111100110
1100111111011111
1011101011101111
0010111111111011
1111101111100010
1111101111101101
1111111111011010
0010111101111111
1101110110111011
1101110110101110
1011111111111110
1110111001011011
0101100011111111
1110111110010001
1101110111011110
1101111101111110
1111110111111010
1110111011011101
1011111111111101
1111101101101110
1101111111010011
0001111101110111
1110111110101110
0111111010111001
1111110101111111
1111111100111111
1111111101110110
1111111111001111
0100111111100110
1001111110110111
0011111110011011
1101100111101111
0100111110111111
1101111011011111
1111100011111011
1101110111100111
1111011111111111
0101111110111010
1101101111100111
0111101111111010
1111111111100101
0101111101011111
0111111001101111
1101110111111100
0011101110101111
0111110110111111
1111110011011111
1001111111101011
0110110111110011
1110111011010111
0101101111110111
1011111110010111