1111011111110110
0111110111011111
1111111111111101
1111101011001111
1111101010111111
1001011010111111
0110101111111111
1111110111001111
0111101110001111
1111100111010111
1101011110101111
1110011111101111
0101111011101111
1111111101111111
1111001110011110
1100111111010111
1111110111111110
1110111110011111
0111111011100111
1111111110110110
1111011111000111
1101111110100111
1110011011111110
1011011111110111
0011111111111111
0111101011111110
1111100110011111
1001111111100111
0101110110111111
0111111010101111
1111010111111111
1001111110010111
1111110110110111
1110001111111110
1111101011011110
0110111111001111
1111111111101110
0101111111110111
1001111111010110
0110111110111110
0111101111010110
1110111011011110
1010111111111111
1011011011011111
1100101111111111
1011011110011110
1101101110001111
1110101110110111
1111011011110111
0111111010011110
1101011111110111
0101101110111110
0101001011111111
1100110011101111
1101011111011111
1111111111111011
1011101111111111
1101111011110111
1111111010010111
1111011010101111
0110011111011110
1101111011011111
1011110111101111
1011011111001111
0111011110011111
1101111110011110