1101111100111110
1110111111111110
1111111111110011
1111111111111101
1101101110111110
1001111111111111
1111010011011111
1011001111111111
1011111101111010
1110111101111111
1111111100111011
1101010011111111
1111111000111110
1111011110111111
1110111111010111
1010011111111111
1111110010110111
0111111111111111
1011010101011111
1101011101110111
1101011101011111
1010111111110111
1111101101111111
1011111110111111
1111111111110110
1110111110110111
1111011101111011
1100111011101111
1111011011111110
1011111101010111
1011011111110111
1101001111011111
1011111011111111
1101111110111011
1101011111100111
1111000111011111
1101100011110111
1111101011011111
1101110010011111
1101001111101011
1111111011111011
1101011011101111
1111100111111011
1111111111101110
1101111101011110
1111111101101111
1011101111110111
1011101111001111
1111110111011110
1111111011100111
1100100110111111
1010101111111111
1101111001110111
1110111111111011
1110101111110111
1111111110001111
1111001111011010
1111001111110111
1101101111100111
1111010111101111
1011110101111011
1110011111001111