1110110011110101
1111110001110101
1111100101110111
0101111101111111
1111011101110111
0011111111110111
1110101001110101
1111011100011101
1111111111111110
1101111101110111
1111011111101111
1011101011111111
1011110011111111
1110011100111101
1011111111101101
1110111111010001
1101011011111111
1111110111001111
0111110111100111
1010111011111011
1101111110111101
1111011111010111
0100111110101111
1001111011110111
1111111010111011
1101111100011111
0101110111110111
1110110110111101
0111111011111011
1111111101100111
1100011101011111
1110011010111111
1111111101001111
1101110111010111
1111111101111001
1010110111111111
0110110010111111
0011100111111111
1011010101111111
1111111111101011
0111111101110011
1011011011111101
1111011111110101
0111010011110111
0111111111111101
1011011111110111
0111111110111011
0011101110111111
0111011001111111
1000111111111011
1111111110110111
1100111001111111
0101110110111111
1100111110111011
1110110101011111
1110110010101111
0111111010101111
1110101111111011
1111001101111111
0111101111110111
1111111101010111
1011110111100111
0011101101111111
1101011111111101
1101111111100111
1011100111110101
1111110111111011
1011101111110001
1111010010111111
1101101111111111
1101111011111101
1100111111111001
1111110100101111
1111001011110111
1111101111011001
0101011111011111
1111111011011111
0111111100111111
1110111101101111
1111011111111011
1110111011111001
1111010100011111
1011000111111111
1011111001101111
1101011110111111
1111101111101111
1111111011100111
1011111101011111
1011101110011011
1001111111010001
1110101111011111
0111001111111111
1111111001110011
0110110001111111
1011111100111101
1111111110001111
1110101110111111
1111001011111101
1111101111010011
1110011001111111
1110001111110111
1110100111111111
1101111001101111
0100111111110011
0000111111111111
1111001110111111
1001110111111111
0010011011111111
0111011110011111
1111101110111101
1101010111111111
1100111111011101
1111110010111101