1111101011101111
0011111111110111
0111101111011111
0101111111011101
1111111111111110
1101101101001101
0011011011111111
1101111101110111
1110110111010111
1101111001011011
0110010110111111
0101111011001111
1101011011111111
1111111101100101
1011011111110011
0110101111111111
1101100111111011
1110011111010111
1111111001110001
1101011110101111
1110111101111111
1110111011110111
1111111010111011
1011111111101111
1101001111111111
1011111111011111
1101111000101111
0011111111111101
0101111111010111
1011101101111111
1011111110111111
1111101111111001
1111011110101011
1110111110110111
0101110111111111
1010010111111111
0011111011111011
0101011111101111
0111111111110011
1110011011111111
1110110111111101
0111101011111111
0111111101011111
0111111110100111
1100111111111111
1110101111111011
1111011010100111
1111111110011111
1111111111101001
1101100100111111
1111110110110111
1111110101111011
1111110001011101
0111111011101101
1101111011111101
1111011111100101
1101010110111111
1110111011111011
0110111111110111
1111001111111101
1111011101111111
1101101100101111
0001111101111111
1111111110111101
0111011111111011
1101111111000111
1111011011101011
1111101101111011
0111111101101111
1110101111001101
1110110011111111
1110011111111101
1101100101001111
1110110111101111
1011111111111001
0110111111101111
0111110011111111
0110011111011111
1101111011101011
1111111111010101
1110111011101111
0111101111111011
1111110110101011
1011111001111011
1011101111111101
0110111010111111
1111101111110111
1111011011101101
1101110111111101
1111101001011111
1011100111111011
1111111011010111
0111110111111101
1111111011100011
1111011111001111