0011111100111110
0010111110111110
0011111111001111
0011111111110110
0111001011101111
1111011111010101
1111111110000111
1000101111111111
1101111100111111
0001011111111111
0110110111111111
0111001111010111
1011111111101101
0110101110101111
1001111101111111
1111110001110110
1110111110100111
1110111100101101
0101111101111101
0011111100011111
0111101001111110
0111111101011011
1100110111110111
1111101011010110
1111101110011111
0111111111011110
1111111100111011
0111111100001111
1101111101110101
1111011110111111
1111110101101111
1010011111111111
0110111101111110
1111111110100101
0111111011010111
0011111111110011
1101110110110111
0101011011110111
1111111011111101
1111101111111000
1111111110110110
1110111011111110
1111010011101110
1110111111011111
0101101101111111
0110111111111101
1100111011101111
1101111111100101
0110111110111011
1111101110101110
1011111011111111
1011111110111101
1101010111101111
1110111111110101
1101101111110111
1110001111101101
1011111111101010
1101111111111110
1111111010111111
1010111111101011
0001110111111111
0111111101110001
1110011111110111
1111111101010111
1100011111111101
1111111101100011
1100110101111111
0111110111101111
1111110111111011
1010110111110111
1011111110111011
1111111011111011
1111111110111100
0111110101110101
0111011011011111
1111010111111100
0111101111110101
1110111101101110
1111011111111011
1101111111011111
1111011101111111
1101110001110111
0110111101101111
1101101111111101
1011010111101110
0011011111111100
1011111101101011
0111101001101111
1011111101110111
1110101101111010
1111110111011111
0111101110100111
1111101101011111
0100111011111111
1101111110101111
1111111011100111
1111111111011001
1110101101101111
1011111111010100
0111010111111111
1110110111101111
1011111111111001
1111111110001101
0111111111101110
0111011111110110
1011101111111110
1101111110110001
1110011111101100
1010111100111110
0111111111101101
0100111111100111
1110111110111001
1110101111110111
1100111110110011
0101011111111101
1111101111011101
0101110111110101
0011011111011101
0110011111101111
0100111111110011
0111101111111010
1111100111111111
0101101111101011
1111111101110000
1011101110111111
1001111111101011
0111101101111101
0111101101110011