1111011111110110
0111110111011111
0110111111111011
1100110111101110
0111011111111101
1110111111111101
0011001111111011
1111101111110011
1011110111011110
1101111011101110
1101011011111111
1011111110101011
0111111111111001
1011111001111111
1001110101111111
1101111110111101
1011111100111100
1111101111111110
0101111011101111
1100111110111111
1111111111110001
1111111000111111
0011110011111111
0111111111111110
1001001111111101
1111101110101101
0111111011010111
1011110101111100
1111010001111101
1111101111111001
1111110001100111
1111011110110111
0011110111110111
1001110110110111
1110010111111111
1101100100111111
1011100111101111
1101111111100111
0001111111111101
0100001111111111
1111011111011111
1111010111110011
0101111111101101
1011110111101010
1011100110111111
0010111110110111
1111101110101011
1110111011011111
1111111100110111
1001111111101101
0111101111101111
1101111111111011
1011111101110111
1111101101011111
1111110011111110
0111111011110101
1101011111110111
0111010011111011
1111011110111011
1111110001101011
1010111111100111
1101010101111101
0101111110111111
1001011110111110
1111001110111111
1001111011111111
1011111100111001
0111111101010101
1111110011011111
0100100111111111
1111101011111111
1101111010111111
1111100111100111
1011100111111011
1011111011101110
1110111111100110
1111111011101101
1111110001110101
1011110111111001
1101111101110110
1111011111101111
0101111011110111
0111010111110111
1101101111101101
1110110111110111
1111110111110110
1110111101111111
1111111001010111
0101101101110111
1011101111011101
1111110110111101
1011111011110011
1111110101010011
1110110110111110
1001011100111111
1111110011100011
1111101101111101
1111000111110111
0100111111101111
1111111010111110
1111111110011111
1010111111011110
0101010101111111
1111111101100011
1001111101101111
0110101110111111
1101111001111101
1111110101011001
0011111111011111
1100111011111111
1001111111110101
1111111110101001
1101111111011111
0111111101101111
1011111101101010
1110110111111011
1101110011101111
0111111110111101
1111111011011101
1011111110100111
1110111011100011
0010111010111111
0111101100111011
0111111111010011
1111111111001111
1011101110111101
0110111011110111
1011110101101110
1110011111111010
0000111111111111
1000110111111111
1111111001111000
1001101101111111
1011111110101101
1101111100101110