1010111101011011
0101111101111111
1111101101101010
0111101101011111
1111011110111110
1110101011101111
0101111010011111
0111110101011111
1111111110011011
1111010111101101
1111111010011110
1110111111111110
1111000011111111
1011110111111011
0110110101111111
1111001101101110
1111111111110011
0111101110101111
1101111111110111
1110111011010101
1111110011101101
1011100011111101
1001111111111111
1111101101010111
1011110101011111
1011001111111110
1111111110100111
1101101111101101
1111011101110101
0110101101111011
0011111111101111
1110100111101111
1110011111010111
0101111111011110
0111101101100111
0111011101111110
1010110011011111
1011111011111011
1011001111101011
1110110111010101
1011110011011101
1011111111101110
1101110101011011
1111111100011110
1011100111111110
0110100111010111
1010010111111101
1111011011111001
1011101111011101
1111101010111100
0100111111111011
1111101111100101
1111010111011001
1110110101110101
1110111110011111
1111101110011100
1111111110110101
0011011111111111
0111110111111010
1101111010011101
1110011110110111
1111101100111111
1110010011101111
1101011011111011
1111011101111011
1101011111111110
0111111111111101
0111000111111111
1011111111011100
1111110110111111
1111111011011010
1101100111111111
0100111011011111
1111001011110110
1100111100111101
1100001110111111
0111110101100111
0110101011111111
1111011101010111
1101111110111001
1010111110111101
1111101010011111
1111111111110100
1011011101101111
1100101011111111
1011111111110111
1101101111011111
0111101111110110
1011011110111101
0010101101111111
0111010111111011
0110110111101111
1101110011101011
1111101111011011
0101110111011011
1100110111111111
0111110101101110
0111001111111011
0111111111101011
0111111111010110
1101101101111111
1100111101111001
1110110111011001
1101011011101111
1101101011111100
1111101011011101
1101011111101011
0110111100111111
0111100111101110
1111010111111100
1111110111100110
1110011101111111
1111001111111101
1100111011101011
0111111110111110
1110011011011101
1111100101111111
1111001101011110
0111011011111111
1101110101111101
0100101111101111
1111100011011110
1111010101111110
0111111010110111
1110100011011111
1111101011111011
1111101110110111
1110111111101101
1101111110101111
0011101101111010
1110111110101111
0111101110111011
1011111111111001
1110110011101011
1011011011101111
0110011111110111
1111101101110101
1011111100111111
1111111111001111
1110010111101011
0111011111011111
1111110101101100
1011111011101101
1111111011101110
1010001111111111
1011010111011101
1111110011110111
1111010111101110
0011100011111111
0110111010111111
1111111001111111
0110110011111011
0101011111111111
1111011111100111
1010111101111101
1111110101010101
1110111110111011
1111111011010110
1101110101101010
1010111011101111
1100111111011101