0110111111111010
1111100111110111
1001111101011111
0110111011111110
0010011001111111
1011001010111111
1011111011111001
1011111100110111
1111111101111101
1111101111111100
1111111101110010
1111101100011111
0011011111111011
0111110101111111
1111101110111011
0110101101111111
1110101010111111
1101011011111111
1010011010111110
0011101100111111
1000111111111111
0110111111011111
0011110110111110
1001110101111111
1010111101111011
0101110010111110
1010111110110111
0011111111010111
1100111110111111
1111111010111010
0001011111111100
1011101010110101
1110101111111110
1111111000111110
1101001111111110
0011110110011111
1101100110111111
1111001111111010
1001011101111110
1110110111111111
0011110011111110
1100111111111110
1010101111110101
1111101111111001
1111010100111111
1111010101110111
0111110110110111
0111110111111011
1111111010111100
0110111101110011
1011010111111111
1111111111011110
0101101111111111
1001011100111111
0010101110111111
0111101111010011
1101001111011111
0110101011111111
1010101011011111
1111110111111101
1011111110111100
1111111011110010
1111101101111110
1111111111110100
0011001110111110
1110101001111011
1111111111011101
1011111001011111
0011111011111101
1111011111111000
0111010011111111
1011011010110111
1110001111111111
1111011101011111
1010111111111100
0101010111111111
1111010010111111
1101101101111111
1011110111110111
0011111101011111
1011011011011011
0111011011111010
0011011010111111
0110111100111111
0110101111110101
1111111111101111
1111111101011011
0110111101110110
1011100110111110
1111100011111111
1010111101010111
0011111001111110
0101111111110111
1011001011111110
0011101111111101
1010011100111111
0111011100110111
1011011101110110
0011101010111110
0010011101110111
1100101111111111
1101111111111011
1111011000111111
1111110111111010
1110111011111000
1110101110110111
0111111001111011
1001111011011111
1011011011110101
1111011111110011
1111110101111110
0111011011111101
1001110110111111
1010011111010111
1111111001110011
0111011111110110
1100111011110111
1111101111110110
1011101011111010
0111011111011111
1110101011110011
1111001111110111
1011011110111010
1011011011110110
0101111100111111
0011111110110111
0100111111111101
1111110100111011
0011101011110111
1111110011110110
0011111111110101
0110101111111011
0111111011011111
1001011111110111
1101110101110111
1101111110110111
0011011011111110
1010111011110101
1101111000011111
1101111111110101
1111011010110101
1111111011010111
0111111110110110
1110111010110101
0011111011110011