0011111110111111
0111111111111011
1111101011101111
1100101111101111
0110111011111111
1111111011110111
1111111111110011
1111111111111100
1100111111110111
1011111111000111
1101111111110110
0111101110101111
1001111110101110
1110111001101111
0110101111111110
1010111010101111
1000111111111111
1111101111111101
1011111110110101
1111111101111110
1010111110110110
1011111101111001
0011111111101101
1111111101011101
1001111111001011
1111110111111111
1111111011111101
1100111111111101
1110111111011111
1001111010101111
0010111111111111
0101101111111110
1001101111011111
1100111011101111
1001111111100111
1101111110111011
1110101101111111
1111111110011111
1111111111101001
1111111010101110
1101101101111111
1001101111101111
1111111011011111
0110111111110110
0111111111001111
1001111111010111
1001111101001111
1110101011111011
1111101111101110
1001101111111011
1111111100111111
0110111101101101
1111111101110111
1111101110111110
1010111111100111
0100111110111111
1111011111111111
1101111001101111
1111111110101101
1001111101101101
1111101111110111
1111111111001110
1111111111001101
1011101010111011
1101111010111110
1110111110111011
1110101011111110
0111111110110111