1111011111110110
1101101101101111
1111100110111111
0101111111111111
1101111111010110
0110111011011101
1010111011011111
1111111001110110
1110111101110011
1011110111111001
1110110111010110
1101001111100111
0111100111111101
1101111111001111
1101111111101011
1111011110111101
1011110101011111
0011001111011111
1010111011100111
1011101101011111
1111111110100111
1011011011110111
1101101111101101
1101100011111111
1101111111010101
0111110111011101
1101110111110110
1111110101111100
1001011111111101
1111110010011101
1111101101110110
1011111110110111
1111011111010111
1110111111110001
1111111011110101
0111111110101111
1110111011110110
1011100111111111
1110111101011101
1111111000111111
1011011111111110
0110111101111111
1111100011110111
1111101111100101
0111111111111110
1011011101111011
0111110011101111
0111101011111001
0110111011111011
1111101111001101
1110111111000101
1011110111111100
1001110011111110
1111111101111001
1111110101011101
1101101010111111
1011101111101110
1011111100101111
1111011011111110
1111011111110101
1111100111110101
1111011110011111
1110111011011011
1111110111110011
0011110111101111
1110111111110100
1100111111111111
1001111100111111
1111101111111010
1011101011110110
1110001111101101
1111110111011011
1011111111101010
1110001110101111
0111111001111111
1011110001100111
1010111111101011
1111010111111111
1110110011111011
1111111101010111
1111100011111101
1111111101101100
1111110111000110
0111111110011111
1010110101110111
1001011111111011
1110011111011111
1101110101111111
1111110101111011
1110111010101111
1011110111110110
1111111001111011
1111111011111010
1101111111111001
1110111110111101
0010101111011111
1111111110010111
1011111111110001
0111011111011011
1110110111100111
1111001101111101
1001111111110101
1111001111111100
0110100111101111
0011110111111101
1101110010111111
1110011111111110
0111111111110111
1011111111010111
1001001111111111
0111111101111101
1011111110011111
1111110011111100
1110110111111001
1010111111111110
1111111100110111
1001101111110110
1011101111001111
1111100011101011
1111101101111011
0110110111001111
1111111110111110
1111011101100111
1011111010111101
1101111101111110
1110111011111001
1111110101100101
1010111111100101
1101111101011101
1111101110001111
1011101011100011
1110111111101100
0011111011111001
1110011111110011
1011110111101101
1001110110101111
1001110111100111
1111100111111100
0010111010111111
1111100101111101
1001111111110010
1111001011111111
0111110111101011
1111011101011010
1010111111111001
1101111011110111
1110111001111110
0010011110111111
1110101111110110
1011110011011111
1101011101101111
1110110111101101
1111101101011100
0111100111011111
1111111011101110
1011110111101110
0111111111001011
1111101111101001
1110111101101011
1101011101111011
0111011111101111
1110110010111111
1111111111100100
1011111101111110
1111111100111101
1101011111011101
1011101111111101
1111001101101111
1110110011011111
0011001101111111
1101101111111011
1111111111000011
1010101111110011
1010011110101111
1111111110111011
1110111011010111
0110110111111101
1110011100111111
1111101110111101
1101011010111111
1110101011111111
1011110010111111
1110011111111001
1110111111100110
1111111011101101
1111011111001111