0111111101111010
1010011101111111
1110101011101111
1101110110111101
1011110011111101
1101101101110101
0110011111111100
1110111101111100
1001110111111101
1011101110110111
1111011101101111
1110001111101111
1001101111111101
1110101111111100
1111101011110111
1011111111101100
0111110111111111
0100111101111101
1111110110111011
1101111011101111
1110101010111111
0100101111111110
1101110100111111
1111110111110111
1100111110111101
0111011101111111
1011111100110011
1101111110111110
1111011111101100
1010010111111101
1110111000111111
1011101111100111
1101101111101111
1101110101101111
1011111010100111
0011111101111101
1101101110110111
1011111110111110
1111111110110101
0111111011100111
1011110111111100
1111111111110110
1111101100111111
0001111111101111
1110111010111101
1111111111101011
1111110110111110
1111011011111111
0111101111110001
1111111111011111
0011111001111111
1101011111111111
1110101111101101
1110101110101110
1010111011111111
1011111110111101
1100111110111011
1110111011111100
0110111100111101
1001110010111111
1111001101111110
0011111100111111
1110111101101101
0111011111101101
1100111101100111
0100111111110101
1011011111101110
1111111000101111
1010111111110011
1000111110111111
1101101101111110
1111111011111011
1111011110101111
1111110100101111
1110010101111101
1110111110110011
0101111111101101
1111111011100101
1111011111111011
0111111110111110
0000111101111111
0111101110111001
1010111111111110
0111011110111101
1110111101110101
1111001111100101
1101101111110011
0111101111101111
1111101101111011
1100101001111111
1110110111111011
1001111101110111
1110110011111110
0101111011111111
0011101111111111
1101111110101111
1111111001101100
1011001111110111
1111011101111100
1101110001111111
1111110111101110
1111110101111110
1110111001111101
1110101111110101
1100111001110111
1101111100111011
0111111101101101
1110110111101101
1110001111110111
0000111111111011
1010111101100111
1010111110101111
0101111110111111
0101111111111100
1111111110101101
0011111101111011
1110111100100111
1111100111111111
1011111101111110
0111111010111111
1011111111111010
1010011111101101
1100111110110111
1111111100111100
1010101111111101
1110111111111001
1010101101110111
0011011111110111
1100101111111011
1111110001101111