1111011101110111
1011011101111110
1101111100111110
1110111111111111
1111111101111100
0111100111110011
1111101011110111
1111011010110111
1001111111111111
1011110101011111
0111101101111111
0111110110011011
1111111100100111
1111111001101111
0111111111111001
1011111101100111
1111111011001101
1011110101111110
1111101111111101
0101110010111111
1101110110010111
1111111000111110
1011101111100111
1011111100010111
1101001111111110
0111111111111110
1111111100101110
1111111101100110
1011111011111100
1101110101010111
1111111110010011
1011111100101111
1111111111011110
1011111111010011
0011111111111111
1011101011011111
1011111111110000
1111100111010011
1111111101111011
1011110110111010
1011111101101110
1101011111100111
1111010111111111
1111111111101000
1011100011111111
1111111010101111
1111011111011111
1101101101111110
1011110111110111
0111111111010111
1111111011111011
1101011011101111
0111110111110101
0111100011011111
1101011101111110
1111100101111110
1111111110111101
0101011011111111
0101100011111111
1011001111110110
1101111110101111
1111111111011001
1111011111110011
1101111111011101
1101111111101101
1111001001111110
0111011011111101
0111001111111111
0111111111011101
1101111110110010
1101111011110111
1111111110001111
1111101110111111
0101011111111101
1111111011101110
1111111111010101
0101111100111111
1011011011110110
1111100001111111
1111111110100010
1111110011110110
1101011111110101
1011011111101100
1101110111110011
1101011111101010
1101110111111100
1101101111111011
0111111111101111
1111101001011111
1011100111111011
1011111101111101
1011111011101111
1011011111111011
1111110111101111