1111011111111001
1101011111111101
0101111101111111
0111111111111011
1110111111010010
0111110101010101
1111110101111010
1100110111111111
1111011111010101
1101111011111101
1111010011110110
1111011111101111
1110110101010111
1101111111110110
1101010011110011
1111110111011001
1111111011011111
1111111111101110
0111111011111101
1111111111010001
1110111111101111
1101111111011111
0111111101111100
1101011111111010
1110110111111001
1011111111111111
1101110111111000
1111111011110100
1111111011111000
1111101111111111
1111111110111111
0111111101101111
1111111111100011
0110111101111110
0110111101110101
1111111101100111
1111010101010111
1111110011110001
1101111011111010
1110110111011100
1110111011111111
1111111101101011
1111111111010100
1111011101111011
1111110111110010
1111111001111111
1111011111011100
0101011111111111
1111010111110101
1110010111111111
0111110101110110
0110110111111101
1101111111110101
1111110111101111