0011111111110111
1111100111110111
1111111111111110
1111001010110111
1111110110011111
1011111111101101
0110111111111001
1111111110100111
1000011111111101
1111110101111101
1010111101111011
0101111111011111
1110011111101101
0111110110111011
0100101011110111
1011111111011011
1100001111111111
0111101111111101
1110110111111111
1111000110111101
1111111011111101
1011111110111111
0011110111101011
1111101011010111
1110001011101111
1110111111011111
0010111111111111
1010011111110111
1111110111110011
0111011111111111
1011010111100111
1111011111011101
1111111111110101
1111101111111011
1110001101111111
1001111111111001
1101101111011111
1011010111111001
0111111111000011
1111110011111111
0111101110111111
1101110111111111
1111111011111011
1100111111111001
1101011111101011
1101001110111111
1101111110101101
1111111101101111
1001111111010111
1111111100110111
0101101011100111
1111011110101001
1110111110111111
0110101111101111
1101111101111111
1111011100111011
1011110111010111
1101011111110111
0111110111011011
0111111101111111
1101111111011101
1011010111011111
1111010111010111
1011101111111111
1110111101110111
1101111111001011
1011011111010111
0011110111111001
1011111011010111
1101011110111101
1111111101011111
0100111111111101
1111110111001011
1101111011000111
1001011111011111
1000111111101011
1111111110001001
1101111010111111
1011111101111101
0111111110110111
1111100100111111
1110011111111001
1101111110101011
1111011111001111