1011111101011011
0101111111111111
1111101011101111
1111100110111111
1101111111010110
0011111111001111
1111100111110110
0011111111110110
1101110001111011
1101111111101001
1100100011011111
1001101101111110
1111111001110111
1111010011111010
1001110101111101
1111101111110010
1110110101010110
1111011111101111
1100111111110111
1011110011111111
1111101111010111
1011111100010101
1011110111011110
1011111011100111
1011111011011101
1111110110000111
1111110100111110
0111111010111011
0011010101111111
1101110111001111
1100110001011111
1111110100011101
1110111111111100
1111000011111011
1100101110011101
1111111111110001
1110111111001011
1101101110111001
1110111101011101
1101111100011111
0111101011011110
1011010111110011
1110110110111101
0110111111111110
0111111110001011
1111011010111110
0111011100111111
1001111100111011
1001111110111010
1001101011111111
1100111011111011
1111010110111111
1101110111010111
1111111110110110
1101101011111001
0011011111111110
1010110111111110
0110110110011111
1001111010101111
0011110111110111
1111011101111011
1101111111011011
1101011111111111
1111110011001111
0111110110101111
1011010111111010
1111100101111011
0111111101011111
1001110110110111
1101111000111001
0110101110111101
1101111110001111
0011111011101111
1100110011011110
1111101010011110
1111101001111011
1010101011110110
1101100111100111
0111111001111111
0110110011011111
1110111111010011
0011111100111111
1010111111011111
0111010011111111
1111101110101001
1100101111011110
1110111010101111
1011111100111010
1001111100111110
0011001111110111
1111011111011111
0111111111010110
1011111011001111
1101111011110011
1011111110000111
1111111110110011
1110111001111011
1111101011011101
1111111001011110
0111101111001101
0011111111111011
1111111111101110
1111111010001111
0110111111001111
1111101010110101
1111111101011010
1110011111111111
0110111101110111
1011110111101011
0111101110011110
1011001011111110
1111111101101111
1011101011011010
1101110101110010
0111011111111011
1100111101111110
1011110111110010
1010111010111101
1101111010111010
1011000111111111
1110110111111011
1111111111100011
1110111111101101
1111011011110111
1111111111011001
1111100011111001
1011110111101101
1011111101011110
0111110111011011
0111111111110101
1111011111111101
0111101011110110
0111110111101011
1111110111110101
0111110110111010
1111110011011010
1000101101111011
1111100111011011
0111110011111110
1011110100010111
0110100011111111
0111101100111001
1111110111011100
1010111111100111
1110101011111101
1111101111011100
1100111111101111
1111011001111110
1111111111010100
1011001011111011
1101101110101111
0111111110011101
1111110011110111
1101110110111110
0011111110011111
1011111001111011
1111111111111000
1000111011111111
1011101111111101
1100100111011101
1011110101111011
1101101101111101
0111101010110111
1110111111111001
1011101110111111
1111101100011101
1010111010110111
1110110110011110
1001111011111101
1111101110111100
1101111111110101
1110111100111111
0110111110110111
1111111011010111
1100111010111111
1001111111110110
1101101010110111
1011010111110110
1111111011101101