1011111101011011
0110111111111011
1010110111100111
1111110111001001
1110011110111111
1101110001111011
1111111101111101
0111111111100111
1011100111011101
1101000111111111
1111011110110011
0111101111111111
1011011011110111
1110110001110111
1110111011101011
1111001011011111
1110011011111011
1111100111101110
1101111010110111
1011110011011110
1110110110011001
0111111110101101
0111111111011111
0110110011111110
1111110011011011
1010111001111111
1111010110111101
1111110010011110
1110101111111111
1111111010111011
1111111011001110
1111001110110111
1101011101100111
1111100111101101
1011100111111110
1001111011101011
1101101111101111
1011110101100111
1111111111010110
1101111010101111
1111011001011111
0111111010110110
1101011101011111
1011011101101011
1111100011100111
1110110110101101
1011101101111111
1011111110111111
1111110101010011
1110111101111011
1001010111101011
1101111101110011
1111110011010111
1110010111001111
1001101111110111
1011110001111011
1111010111111001
0111010010111111
1111011111000111
0101111011111101
1010110011101111
0011111111111111
1011101011011111
1011100111110111
1111100110011111
1001111111100111
1101111110111011
1111111111110101
1011011111011111
1111101111111011
1011111001110111
1100111111111111
1101101011111111
0101111111101111
1101111111111110
1110111010111111
1111011011111101
1111000111011111
0101111110110111
1101011111110011
1001111101101111
1111100110101111
1111110010101101
1010111011110111
1111011110101111
1001110011111011
0110111011101110
1111010101001011
1011010101111011
0110111111110111
1110111101101111
1111100111000111
1111011010011111
1011111111010111
1001001111111111
1011110001101111
1101110011111101
1111011101010011
1110011111011001
1010111111111110
1101101111111101
1101110111011111
1110111110111110
0110111110111101
1011111001101110
1111101101011111
0111111110111100
0110010011111111
1110111011101100
0111011111101001
0111111101111111
1101111111011101
1111111100111111
1011111111001111
1111111111111010
1111111101110110
0110111111101101
1001110111111001
1111010111110111
1111111110001111
0101011111111101
1110010111101011
1011111011101101
1110111101011111
1101010111111101
1111011111001001
1111011111111110
0101111111110011
1101100110110111
1001110011101111
1111011011010111
1011011111111001
1010111111111011
1110111111001101
0111111110101011
1101011111101001
1101101110010111
1101010011111011
1111001011100111
0101110011110111
1101010001111111
1111101011001101
0111110111111101
1101011001110111
1011011001111011