1111011111111000
1111100110111111
1101100101111101
1011011111111111
1111111110011011
1011110100111111
1110001111111110
1011100101111111
1110011111011111
1111110111111011
1001111110111111
1011101101111011
1111111110111100
1111011111101111
1101110111011100
1101111111111001
1110111110111101
0011111111111011
1100101100111111
0111101111111111
0101111100111011
1110111101101111
1101110111101101
1110100101111111
1111011101111111
1110110101111101
0101011110111101
0111111101011011
1011111111111110
1100101110011111
0111110100111111
1111010110111101
0111111101101111
0111111110101110
1100101111111110
1111111100011111
1011111111111101
1111110101101111
1111111101101000
1011111111011011
1101111110101111
1111111111011000
1111110111101110
1111100111111100
1111101111011110
1111110101111110
1110111111111010
0111111111011101
1111111111001111
1111111011111111
1111010110111110
1111111111110111
1101101110111011
1110110111101101
1101100111101111
1111011110111001
0111111111111100
1110011111111011
1111111110101101
0001110101011111
1111111110111010
1100110101011111
1111101101111110
0101110110111110
1111111100111110
1000100111011111
1100101101011011
1110110111111110
1100110111101111
1110111111011101
1101111110011110
1111101111101011
1101011110111011
0110111111111111