0111111111111011
1111011111110111
1110110111101011
1110111110011011
1011101111111011
1110111111111110
1111101111111100
1011111010110101
1011111111000111
1111101111001011
1011111110101011
1111110111110111
1011111011111011
1110111111110011
1010111110110111
1111111101111111
1011100111111111
0011101110011111
0111111011111111
1111101110100011
1111111111110110
1111111011001100
1010010111111111
1011111110011011
1111011011111110
1011111111011100
1011110110101101
0110101111011101
1111100110011111
0111011111111111
1011111011111110
1011011111011111
1110110111011011
1110111011111101
1101111111111111
1111101111010101
1111000111011110
1010111111111101
1011110111001111
0110101110111111
0111110110111101
1110111110111101
1110111010110111
0111101111110101
1111011111111011
1111110011111100
0110111111010101
1011101111110111
1111101111101110
1111111011100111
1011111011010101
1111100110111011
1111111110101110
1111011111111101
1011111111001110
1111111111111010
1011101111111110
1111111111111001
1111110111011101
1110111110001111
1111110111101100
1110111011101111
0111111110011101
1111110111001011
1111001110111111
1110111111001101
0110110110111111
1111110011011111
0111111111101111
1111101011111111
1111111110010101