0011111110111110
0101111111111111
1011011111111111
0111101111011110
0011101111101111
1111111011110111
1110111101111110
1111111111111100
1101101110111110
1110001111101110
1101101011101101
0111011101111110
1011111001111111
0111111110101101
1110101110011111
1011101011111101
0011111111010111
0110111110101111
1101101010111101
1011101111100111
1111011110111111
1010111111101111
0111101111111101
1101001111111111
1111111110011110
1111110111111111
0111101011001111
1100111010011111
1111101101111111
1100111111111101
1110101111001111
1100111110010111
1100011101111111
1111011011111111
0011101110111111
0110101011111110
1111111111110101
0110111111001101
0111111001111111
1100011111001111
1100111110101111
1111111000101111
0011111111100110
1110011111011110
1111101111000111
1000111110111111
0111111110100110
1110111110111101
0110111111110111
1110111101101111
1101111111011110
1101111110101101
1011111111010110
1001111111010111
1111111100110111
1011101111110110
0111111101101111
1011111101110111
0111101110100111
1111111011011101
1010101010111111
0011111011001110
1111111111111011
1010101111111110
1001111011001111
1011111100111111
1110001111110111
1100111111101110
1111001111110110
0110011111101111
1011111110101111
1111111101011111
0011111110110111
0010111011111111
0111011111101110
0111101010011111
1011111010011111
1101101111001111
1111011111100111
0110101011101111
1110111111100111