1111101011101110
0011111110111111
0111111111111011
1101111011101101
0011111111110111
0111101111011110
1110111111111110
0110111111100111
1111101111111100
1001110111110011
1111101011110111
1111011010110111
1110011111110101
1111101010111111
1111101011101101
1110111001101111
0111110111011101
0000111111101111
0100111111011111
1010111111001101
1111111011110101
1101101011111011
1100111111110001
1100111011001111
1110101111111111
1111111011001110
1111111111010111
0101110111110111
1111111011101001
1010011011111111
0111101011011111
1001111111011011
0111011110111111
1101111000111111
1001100111111111
1011111011111101
1111101101111111
1011110111111101
0001111111011111
1010110111111111
1001110111011111
0101101111111110
0111111111111100
1101011111111111
1010011111110111
1011111110011011
1111110110111111
1110011110011111
1110110111110011
1101101011111101
1101101111110111
1100111110111011
1111111101111011
1011011101101111
1110011011111101
0111101111110110
1111011011110011
0010111111001111
1100111111100111
0000111111111101
1111110011111111
1011011111110101
1100110111111111
1011111111001011
1010011111101111
1101110111111110
1010111011001111
1111100111011110
1110111011111011
1111111001011111
1111111101101110
0010111101111111
1101111111011110
1110111111011011
1101111111100001
1011111111111110
1111111110111101
0111101111101110
1111111110111110
1110111011011101
1111111111101100
1101111110011011
0111111011001101
1111001111111111
0101111011111111
0011101111111111
1111111110101111
1101111111011101
1111011101111101
1101111101101101
1100111111101101
1111110101111111
1001101111111011
0111011111110111
1111111001111100
1111111111111010
1111111101110111
1110010111110111
0100111100111111
0111011111011111
1011111011100011
1001111100011111
0111111011110111
0110010111111101
1111011111111110
1011011111100011
0101111101011111
0111111010111111
1011101111111101
0010111111011101
1101111110110111
1001111111101011
1101110111011011
1111110111101111
1111101111101011