0111111111111011
1001111111011111
1110110111101011
1111101011110101
1110111111111110
1101111100111111
1011110111111011
1110011000110111
1101100111011011
1111111000011101
1101111111001111
0110110111111111
1111101110111011
1001111101111111
1100011011111111
1101100011111011
1101111011101110
1011011011110111
1111011100011111
1111100111101111
1101110111110111
1111011010110011
1011111101111011
1110011010111101
1111100111010111
0111111110101101
0111111111011111
1111011111010111
1101011110101111
1111101111111110
1011011101011111
1101010011111111
1011111111101111
1111010111111011
1011111100010111
1110101111101111
0011101011111111
1100111010101111
1110011011011111
1110111110011111
1011111011110011
1111111111110110
1010111110111111
1110011011100111
0011011111111111
1101111111111101
1111010111001111
1010010111111111
0011111111111110
1011111111010011
1111110110111111
0011101110111111
1001111111111011
1011011000111111
1111110011100011
0110101110111101
1110111111110101
1101111001111110
1100011111100111
1011011110011011
1010101011110111
1111111111101001
1011111111011110
1101101111101011
1111101010110111
1011111001011111
1101011110111011
1111010111011100
1101011111110011
1111110001111111
1111111010110101
1111110101111011
0111110111101110
1101111111111010
1110011101011111
1111101111000111
1111011110101101
1111100101011111
1111111001111011
1111111011111010
0110111011101111
1111111001011110
1111011010011011
1111011111111010
1111011101111110
0111111111110111
1101100101111111
1111111101101111
1111110011111101
1111101110110101
1111110111111000
1111101001111101
1111101011011001
1101011011101011
1100111101111111
1101101111110011
1011101001110111
1111111110111110
1111010101111111
1100110111011111
1011111111111101
1111011110110101
1111111111101100
1100111111100011
1111001111111111
1101111101010011
1110110011111111
1111011111001011
1111111111011000
0111111101111111
1110100111111101
1111111010101011
1110011111011011
0111011011111100
1111110111110101
1100101011011111
1101111011110111
1111111110111001
0111110011111111
1111110111010011
1101101111010111
1111101110001101
0101111110111111
1111111111010101
1101011101111011
1110101000111111
1111111111100101
1110111110100011
0110111010111111
0101011111111110
1101110101011110
1010110101010111
1111111011010111
1101111110011111