1011100111001101
0101111111110101
1111111001000101
1111001001111010
0101111011010111
0110101011111100
0011111011100011
1010011101010011
0111001101010111
0111100101111101
1010111111101100
0111011011100101
0010111001111111
0011111111000111
0011110111010101
1011011101111001
0111001011101100
0011011111101101
1010110111110001
0011100011111011
0111101101100110
1111111111001011
0111011111000111
1011101011111101
1111000111111101
1111111110111111
0100010111011111
1101111111111011
1010010111111101
1111110011111110
1111110101101111
1001010111111101
0100001111101111
0110011111100011
1011111011101010
0101000011001111
0011101101111011
0010111101111101
1011011111101010
0010100111111000
1110011111010001
1111101101001101
0111100111110111
1010101101111111
1000111101000111
1110101111001110
1110010111111000
1000010011111111
1101101001001110
0100110111001101
1010010011100011
1111001111000101
1110110111001110
1001001001111111
0001101011001111
0110101111011100
1001011111001110
0111011001111111
0101101001100111
0101111011011110
1111001101101111
1100011011101110
0111110101110111
1111111111110100
1011110011010111
1011100111000110
0011011101011011
1011101011100111
1111111101010110