1100100011111000
1111001001100111
1011101111000110
1101010011001011
1011011000100111
0110010111101000
1100111111101010
1001110110100111
0110001011110110
1011111011011101
1011010111110001
1111011111110000
1111001001011011
1010001101111111
1101110110110000
0011010111111011
1001010011100111
0101111111011111
1101111100111000
0100111101100101
0111001101101011
1110110111001000
1111010011011100
1010101111100110
0101011111101101
0011111001111001
0011111110111011
1011010111010101
0110011011100010
0111011110111111
1101111010110100
1001111110111011
0011101101101010
1100111101111100
0000011101111011
1011010100111100
0111101100110111
0011111111100001
0000110011111001
0111100011010000
1011001000101011
1010100101001011
0110100101101010
1111110010110101
0011011001100111
1100100111001100
1001101001011011
1010010111111011
0110111101011111
1111101101111101
1110110011100011
1001010111101001
1111010101110001
1101001100110111
1001010011111101
1111111110011111
1110011011111101
0111100100101011
1011101010101010
0110100001100110
1011110011101101
0010010111110110
1100101001101011
1101010011100010
1110011111011111
1101110101111111
1100011001101111
0011011011110101
1000101011111011
1001111110111101
1111011100101110
0111011011011111
1010111001101001
1101011101111110
1101111010100010
1100100111010111
0101001111111101
1110111110111111
1000111111101110
1011111101110110
1111110101100101
1001010111001010
1100111101011101
0011001111101000
1110111011101100
1010010101101111
0110110011001101
1000001111101101
0101011001111001
1001110111111000
0110110101110000
0011101101100111
1111000111111111
0101100111111100
1000110111010100
1010111011010010
1101010110100111
0001111011101110
1101011111011100
1010101011111000
0101100110111010
0011011101001010
1100011101100011
1011110001010011
1100111011011001
1101001000101111
0101101011111100
0110100111101000