1000111010100111
0101110110100110
1001100011110101
1110001111001100
1110101110100110
1101111010110001
1110111110011011
0010101111101111
0101100110111110
0101111110100010
1001100011110110
1001100110111010
1111011001000111
0111011110100111
1101001011111100
0101110111110000
0101011101010101
0100110110011111
0011101111110110
1110100110111001
0011111000110110
0011100101100111
0111101110001101
0011011010011001
0001111011100111
0111011001010110
1101011110110101
0011111110001001
1111000111101111
1010111011011011
1011001110011101
1001011111111110
1100110110011110
0000110010110110
1011011010100010
0001111111011110
1110111100011101
1101100111010101
1011100111110011
0111111010110101
1111111000111100
1100001111111101
1010001110011110
1101111100100110
1110111111101011
0111111010010111
0011101100011101
1100100111111111
1001111010011111
0111001011111101
1111011010100101
1001101111110010
1101111100111101
1100001010111011
1111000110110001
1110111111110101
1011001111101110
1111111101111011
1011001000110101
1101101110110011
1011111010001111
1110011010100110
0011101110011010
0110101111011110
1011100110111101
0010110001011101
0010011011101111
1110100011111101
0001111000111110
1111101011100100
1001010011010001
0100010111111111
1011111111111100
1001010110100011
1010101100011110
1101111101000100
0110100011111011
1111101001011101
0101111111101101
0011011110011110
1011010010101111
1111011010011010
1110111000110111
0001010100110111
0101011011111111
1001100010101110
1111101100010110
1101001011100010
1101101011001001
1100101001111110
0111000110110101
1100011111110110
1101101110101001
1010010111011110
1101110101000110
1110110111101111
1111101010100111
0101001111000111
1010111111001110
1110111111111010
0111111111011100
1011110100010110
0001111101011111
1111111110111000
1010011101100111
1010100110010111
1001001111100001
1100010110010111
1101111010001110
0110110100011110
1101101010110100
1111110111101101
0001010111011111
1111010011011010
1111010110011101
1001001001110101
1111100001111111
1011010110011110
0101100110100111
1110101000111111
0111010011111001
1111101111011000
0011010011111011
1011010100101111
1111010111101110
1111110010011001
0010111101010110
1010000101111111
1100010001111111
1010001101110111
1011001101000101
0111010110001111
1110011101111101
0011111001000101