1100111011101101
1100101111101110
0001011111011111
1100110001111011
1100110110111101
0101001110001011
0001101110001111
1101011011011110
1010101010011011
1001101001110111
1110100110011110
1001100011001110
1101011100001111
0101101001110101
1011001010011111
0101110110011111
1101100011111010
1010111011100111
1011111100101010
1111011111000011
1110101011100011
1011011111111100
0111010101010001
0111101011001000
1100101101110111
1110100101101010
1100101000101011
1011100101111011
1011001101111001
0101011111101100
1111011011111000
1011101110101010
0101001001111110
0001010100111111
1001100111001101
1001010110101001
1110100100101011
0111001101011101
1111111111110110
0111110110110111
1111011101100001
1111001011101111
1010110010011110
0111011001011011
1100111110010111
1111111010000001
1101011101001101
0011111001000011
0011101111111100
1010000111011110
1100111111100101
1011001110110111
0011111110010101
0101111111010001
1101100100011011
1110001101001110
1111011010001111
1110110001011011
1101001101010001
0111100111111111
1111010011111011
0101101100111111
1010101011110111
1111011110000111
1001111000010111
1111111001011101
0111011011101101
0110111111111111
1001011011111111
1001101111000011
1101110010011111
1100101010011001
1011101101001000
1111101110010101
1110000010111110
0111111100111110
1100011111001001
1011100100111110
1011000111011010
0011110111111101
0101011001101011
1111110010111011
0101110010101111
0011110111011111
1111001101001010
1110101010101110
0101101111011001
1001110100110111
0111001010011001
1101010011001101
0111101010001011
0011001111001110
1000010100111011
1010110111110011
0111111010110111
1011001001011110
1111000110011100
1001010110110101
1000101101101101
1111000110101100
1110100111111101
0111110111101011
0111101110001001
1011100010011100
1101111100001010
0011110011101111
0011001110001011
1100001110101101
1110100010011111
0101011111011010
1110011111111010
0111001100111111
1011101110100111
1011111010101011
1110011011010111
1111110111001011
1101010111011011
0111111010111110
0101011101000111
1011110011110001
1111111100111101
1110011110001011
1111101000011010
1000111001110111
1111000101110011
1001101010110001
1010011101111110
1100011011111101
1011110111101000
1011000011011101