1011001001110110
1000001100111111
0111111001010010
0011000101111111
1100110111001100
1011110111000101
0111101011001011
0111100011001111
0010110111101101
1010110011010011
0100110100111000
1111011111010100
1101111101110111
1111000011011101
1011001110011011
1111101111010111
0110100100100111
1110010011011110
1011111001011101
0110110111010011
1111100110111101
1111011011111011
0001111110111101
0011111101001101
1111011111110001
1011100111100111
0010111011000111
0011011101100110
0110011100011110
1000111001111101
1111101110011101
0110111001001001
1010011011010110
0011001111011100
0111000101001110
1111010111011001
0011110011011101
1101110111101010
1011010101011111
1111101100101101
1100101111110001
1011110100011010
1101100001011011
1010000110110011
1110111000011011
0000011111000111
0001011011111111
1110011110101010
0110110001011101
1011100001110110
0000111110110010
0011111001111111
1100011111111110
1011011011111101
0111110111010110
1001011100111110
1110110011001010
1111011001011101
1110110010010111
1001100110101111
0110101011111111
1010011101101001
0100011101111011
1001110101111010
1111111011111100
1111101111111010
1011111111101010
1010110101110010
1101110100101100
0101011111010011
1101101111011110
1110000011101111
1000111001011011
1111100111111001
1100010111101001
0111011000101110
0011101010111001
1101011011101111
0111110000010101
0101110011111111
0010010010110111
0011010111101110
1110001010100111
1110101010110101
1111101111100011
0111000111111011
1100110011101001
0011011100000111
1011101111001110
0100101100001011
0111101111101101
0011110011000011
0011011110010011
1111111011100110
1100111101011101
1011001111001111
1111100101110011
1111100101111101
0111110101101010
0011111010000011
0010101110110111
1011001101011110
1111111110001110
1110101111011101
0011110110100110
1010111110101111
1110100111111110
1001101011101110
1111011101000110
1111000111100110
0010111100110110
0101110110101110
0111110101011100
1000110011101110
1001111111011101
0001010101111011
1111110110101011
0101111101011110
1010110110011000
0011111100101001
0010000111011111
0100110111001011
1101111010111111
0110011111010010
1111010101111010
1101110111011010
1111011010110101
1110111100100101