1110100111001111
0110011000111111
0110111111111011
1101001111011001
1001011011101111
1000101010011110
0110000111101111
1101111101110110
0100011110011100
1001101101111100
1111011100110011
0101111110000111
0111111110001101
0111010111101000
1110101011001111
1010101110001111
0011101111110110
0110001010111110
1010010110011110
0111001111111101
0110010111010100
1101111111001010
0011100110001110
1011000001110101
1011110011111000
1100011110001101
0100110111001111
0011101100111101
0110100101011101
1111110101101110
1100110001111010
1101110110110110
0010111011010101
0101100011000101
1010110011010110
1111011111010001
1110001100001111
1010101111110100
1110111110110111
1111111010111101
0110011110101101
1110111101010101
1111011110110110
1111001110010111
1111100110111100
1110011000011011
1011011110001100
0010011110101111
0110100011101111
0110110101100111
0110011100111101
1111100111101011
0100001110101111
1011011110011001
1000111011110100
0011101010111010
0101110010111011
0111011100011010
1110011001101011
0100110111111100
1101110001010001
1011110110111011
0001111011110110
1101001110011110
0111111011000010
1101100000010011
1011111111110011
0101111010001110
0110011010101111
0011001101110111
0101011011111101
0110011011011110
1000101100111101
0101101100101010
1111001110101101
0011110001101011
0010010101101111
1110001111111101
0011111101111010
1101011101111110
1100110101111101
0111011001000111
0111111100011100
1101001110100111
1101000011111010
0001010111111011
1101010011001100
1101010110110011
0100010011101111
0111100111111011
0010100111111101
1101110110101100
1111101101011110
1100101110001110
1001111101110111
1001101011101101
1001010111111100
1001111110011101
0111111101001101
1110111101101001
0011111011001110
1100111110101010
0011011010100111
0110101001100101
1110110001010111
1011001111011111
0011110101101001
1011110100010110
0111110111000110
1011111101100110
1101000110011111
1101000001010011
0111100110011101
1110100111111110
1100111011100101
1101111001101010
1010110010001111
0101100110100111
0001111001111110
0001111110111001
0101111111000001
0111010001111100
1011011101111100
0110001111001111
0101101011111110
0011110111011011
0111010000100111
0101111101011111
1110101111011001
1010111111111011
1101010010001011
0011110111100101
1111000100111111
1111011111100110
0010101001101101
1111001011100111
0111000010111111
1100111011011001
1101100001000101
1000110111100111