1010001111110011
0010101111110100
1100110101110100
0011101001111011
1110001011000111
1011011110101101
0111100101001010
1000111101111111
1100111010111101
0001110010100011
0010111100111101
0001100110101110
1101001000100011
0010101110011101
0110110111010010
1110100101001100
0011011011100110
0111100101100101
0111101011010011
0111101011011100
1110101011101101
1001001111101010
1110101111010010
0101011110001011
1010101110010111
1101100011011101
0100100110111100
0111001110011100
0111000111101100
1011101110110001
1100111110010000
0110101110101001
0110110110011001
1101010111111011
0111000011111001
0110101100100011
0010101110011110
1101011110110100
0100111111111011
1011000111011101
0110111100011011
0110111101010011
0110100110101110
0101100111100011
0101111011010011
1011111011111101
1110011010001100
0010011111111111
0001100101111010
0100101110101110
1001101110100110
1101000011101101
0001101111111001
0011101011001110
0111001110110001
0111001111000100
1011001011000111
0000111010001111
1011010110001011
1100110100010111
1101111001111110
1000110110011111
0001101000101111
1111001011110101
0100110011010101
0000110111001101
0110110011011110
1010110100111111
0111100110100001
1100000110101101
1001011100110110
1111011101111000
1101100101111101
1101110110100010
1111111010110101
1110110110010101
0100001111111110
1001100110101000
0101010111111111
0011010010101011
0101011011110010
1100110110011011
1111111111000001
1000011111011001
0111110100110010
0011100000111110
1011101100111001
1110111011111011
0001001010110110
0101111100110000
1111111001011111
1001100111100111
1011001111110100
0101110101011001
1101111011100100
1101101110100001
1011001110111101
1001100110110101
1101110100110100
1110101010101110
1001111011000110
0001001001111111
1000111111101110
1110101101111010
0011100001101111
1010111110100110
0011100110011101
1100111101010010
0111110100011101
0011011001101110
0110001100111100
1011111101011111
0111100100101110
0111011101100110
0111110110100110
1100111110101011
1011000000101110
1011110110000111
1001101011010010
1111110101000011
1110001001111110
0110101011110111
1010011111010111
1111111001111101
1101100110011101
0110101110111010
1100010011001110
0101001101010110
0111111011101010
1111010111110111
1000100111011100
1001001111100001
0101111010001001
0011100111101001
0111001001100111
1111001101000100
1110011101000110
1110101110001100
1111011111001001
1110111111100101
0111001110101110
1100011101010110
1110101110011011
1101110100011000
1011101010010110
0100110101001111
1000011111011110
1100101111111011
0101101100110101
1101010111001100
1110011100001101
1111001110100100
1010100010011110
1110100111111000
0101110110010011
0111010100111100
1011101101101000