1011000101010111
0101110110100111
0110010101010110
1001101000011110
1110000101111011
1111111101110010
1111011000110111
1011110011111111
0111101111111111
1111111101010001
1101011111111010
1001011101110110
1111111110000001
1100110111110111
1101001111011011
1011111011000111
0111110111000101
1101011011100111
1101111011001110
1011101011110010
1101101001011011
1111101011110001
1100011010101101
1110111110000010
1111101101010101
1101110110001010
1001110101011101
1110111101100111
0101111111001000
0111110101011011
1111110110110011
0001111111110111
1111011110011000
0101011001110110
1101001111011100
0100111101010110
1111100001011110
0111111011100111
1010100101010110
1111110101011100
1001110111110111
0110110011011100
1100111111011011
1010001111110100
1111111100101001
1111001010011001
1011011111000100
0100111011011110
1110000100110100
1111011010001111
1011100111011000
1000011110101110
1011111011001101
1011100100011110
1001100111111011
0101110010010110
1010000100011111
1101101010111001
1111111010000011
1010101000110101
0101010111100101
0011010100111111
1111100101111000
0111010011111111
0100111011111011
1011001001111001
0000011111101111
0011010111110111
0111011011111001
1001001111011111
0010011101010110
1000011100001101
1111111101101110
1001101011011010
0111111101111101
1010001001111010
1011010111011000
0110111110111111
0111111010001001
1100100101011101
1011101110111011
1111111011111000
1110011011101011
1110111100010100
1100010110111101
0111011011010010
1001011101100001
1111101111101111
1110011110111011
0010010111111100
0101110110101101
1110111011010011
1111011101011010
1000110111001111
0111011111000100
1101111101001011
1100110011101101
1101001000011101
0011111110110010
1110110010111110
1101010011010100
1110110110011101
1110111111111001
1100111111110101
1011001111011010
1101101110010110
0010110111000011
1110111000111010
0111011100101111
0010011111101010