1111101011101110
1111110101101010
0001111111100010
1010101100101111
0111011011110110
1110011111010100
0110100111110011
1111100110100100
0010010101011111
0011100001111111
0011000111011101
1011011101011101
1110001111101110
1101001111000101
1011010101110001
1111011001000111
1010111101100011
0111010100111111
1110100111001101
1110100111110001
1111000110101011
0100010111110111
1101001011011111
1110100100011111
1101000110110101
1101111101110100
0011011011111011
1111010110110011
1110000011111010
0111001011010101
1111111111110000
0010111000110101
0011010110101111
1001101101010111
0111011001101100
1100000011101011
1110101110000101
1101001111111110
1111110011001001
1101011011001010
1100110110110111
1110001101111010
0101010011111111
1011001011010001
0110011111001111
1110101100100011
0100110111100100
0010110011111111
0110110010111101
0110010011101010
1101101101111011
1000101101110111
0110101000111111
0111100101110110
1100011011100010
0011011111111110
1111001100111111
1100101101010110
1011111010111010
1101011100111101
1111111011100100
0011110011011111
0010101111110011
0010111100111001
1011110110101100
0110101111011101
0111011011001000
1110101010101011
0110111011001011
0110101110111100
1000010111101001
1111010110001111
0101011011110001
1110101011010011
0011111110100011
0101000101101101
1000000011110101
0111110111001010
1111001110101110
1001110111011100
0010011101011011
0011001111011001
0110111010010001
0101101101111100
0101110010101101
1100111101100111
0000000111111011
0101110111011011
1111110111000110
0111110111010101
0101111000101111
1110110110010101
0011101101011100
1101000010110111
1011001111100011
0110000101100101
1111111001111001
1010111101110010
1111111111000001
1011101110111000
1101111111000100
0100101111100011
0010111100101111
1101110111010010
1011011001011010
0110111110100110
0110001011111001
1111011010011011
0101011101011111
1110101111100110
1100111111011010
1111011101011100
0100101001111110
1110111010101101
1000001111011101
0011111011011101
1001010101100110
0100101111101101
0110010110101100
0101100011111110
1110110111011110
1001010000111111
0011111101100110
1100001111000011
1101111101011101
1110011101111001
0011010111100011
1111000111010001
0101111001111010
1000001111001011
1110011101011010
0110010101011101
1111100110010110
1111100111100011
0111110101101011
1110101011011010
0001101111010011
1001011011011000
1000111010111110
0101110011000111
1010010110111101
1110001101101011
1011100111010111
0011001110010111
1011000101110010
0111111010100111
1010010111110100
1110011011110100
1110101100110100
0111001111101100
0100001010111011
1111110010111110
1100101001101101
0111101111001000
1111001001110010
0101101101010110
0001100111100110
1111101100011110
1110110011011111
0101101111101010
1010110110011001
1110000111111001
1011111011101111
0011101011010011
1111111000111011
0100000101111101
1101111110011111
1000111111011110