1000001111001111
0001011101011111
0101001100110011
1001110011110110
1101001000000111
1110111101111101
1110010011111011
1101111110111000
0111000101101111
0111010011101101
0101110110111001
1011110101111010
1111110001101101
1110101011110111
1110101101001011
0101011111010101
1011101101100000
0111010110111010
1001101100100111
0100000111111011
1111110001110110
1101110100111110
1100110111001110
1011011111111101
1101000000111111
0100011110110011
0010111000110111
0111001111111101
1111011111101110
0010110110111111
1011010010110011
1100100111011001
1011101011111101
0011110111111011
0111111111000111
1101011001111101
0111010110110011
1111101011101011
1111010101011000
1010011001111110
1000111011011110
0100111011011101
0101110111100100
1010101010011110
1111100110101010
1011111001110011
1011110101111101
1111010101110111
0101100011110111
1111011100101011
1110110010101001
1110111011000011
1100110101010111
1110111110110110
1111010111001111
1001110011011011
1101101110000110
1111011110110110
1010111111101001
0111101111110000
0010101110011001
0101111011111100
0100110011100110
1111001101011010
1111100101010111
0111100110111001
1110010110111011
0101011000011111
0101110110111110
1011110110111010
0110111010101111
0101110111110010
0110011111100111
0110001110110111
1111110111000111
1011001110010111
1001011111000111
1100001101010110
1001011111111011
0110101100111111
1001001111011110
1110011010111011
0010011111001011
1011111001001110
1111111011111010
1001101100001011
1101110111010011
0001111101010001
1101111010011001
1111101110110001
1100100111111110
1011111101011100
1010110111101111
1110100110110111
0001111101101010
1110110111101100
1111111110010010
1001111010110011
0011010000101111
0111001011011110
0011001110011111
1111011010101101
1010011110011111
1111111100001000
0111100011011101
0010110101111111
1011110111010111
1111000111010000
1101111100010101
1101111100100001
0101101100010011
1001100010001111
1101101111100001
1100011110010011
1111110101001101
1111000000111001
1010111110010011
1010001100111111
0111101110001001
0101100001001111
1010101111001100
1010111011001011
0110110010010001
1111111001011011
1100010110010111
0111100110011101
1110010110011100
0111001111100011
0011111001110101
0110100111101010
1101100110110111
1100010110100111
0101110110101111
1110111110101100
1010111111111010
1001110001111111
0101011100111101
1100011111011101
1010110110011001
0110110101110111
1101011111101001
1010111110001011
1100111010111111
1110101011001100
0111101100100110
0110111101111011
1101110101101011
1010110010111111