0111001010110011
1100110111101110
1011110100001101
1010101100101111
1010001011110111
0101111110011011
1101011001011111
1111110101110001
1101101101110101
1101101111000011
1101101111110100
0111110011110000
1011110011111111
1010101101000110
0011010111011111
1111111001001000
0111111010101100
0011111101101111
0110111001111100
1111000111100010
0101111011110111
0100011111010101
1101111011011011
1111110110111010
0101011101010100
1101010101011011
1101011111000111
0111000101110101
0111111011010000
1110011011111010
1011111101111011
1110101100011011
1111111100111010
1010100111111111
1110001011101101
1110111010000111
0100111101111111
0111110011010001
1101110101101110
1010101010001101
0110001110111001
1101111010101110
0010101001111111
0101100111100011
1111111110011110
0111111001011000
0111111010110110
1010101010100101
0111011010010111
0111000111011011
1010011111011010
1000111001001110
0110001101011101
1111011110101011
1011111101110101
0110111001001111
0111101011001101
1101101011001111
0111101111000111
1110010111010101
1010011111111100
1110011001011100
1111101101111100
0011001111110000
0100111110101010
0101010101011111
0111011011001010
0001110111111111
1011001101001111
1110101001001001
0110011111100110
1110110110111001
0010101101011101
1100011000111110
0010111110101110
0011111011010010
0101110001111111
1110110001111000
0011000110110001
1001111110010001
0110110011100010
0101111111001111
0110110000101110
1101001110011101
0101000111110001
0111101110100101
1011000111100101
1011001010110111
0001101111101001
0110011101000011
1110000101110111
0010111101011100
1001011011011111
1001111010110011
1110100111011011
1011101001110111
1110001010111111
1100101111111111
1101001000110111
1101110011101111
0110011110111110
1111000110011101
1110110110110011
1110001111011001
1001101110011111
0010111110000111
0010110111111011
1101001011010111
0111011011111101
1110110001010111
1111011100100110
0111111001101001
1100110110010101
0101111100100101
0110011110011101
0010110101110110
0101100111111100
1101101110010101
1011111011100011
1100011110111101
0010111100110111
1111110111101100
0111010011001111
0110001011001011
0111000101111011
0011111010111000
1111011011010110
0110100110110111
0110001110101111
0010111101010110
1010101110111110
1100110111011010
1000011101101111
0110110111111101
1111101011111110
0001011110010111
0111101110100011
1010111111100000
1100111111101001
1111110010000001
0001001111011000
1111101000111101
1000110111100111
1100111101010111