0011101011111011
0111000101110111
1010101011011101
1111110011101111
1111100100010010
1101011011011110
0111011001110110
0010111011101100
1011111001111001
1011011101010010
1001111110000011
1111101111111100
0011100100110111
0001111111011011
0000011101011101
0011011011011101
1111101011001111
1111101100000110
1111111011101011
1110011100011110
1110011111000010
1001011101001110
1111110111001111
0111111111011110
0001011011110110
1110000101111010
1111001100111101
1101001110101011
0101111101100101
0111111001110001
1111001111000011
1101111001011000
0100001011111010
1001111100100011
0111111111000111
1101001101111011
0010101110011111
0110111101010011
0000010001111100
1101110110101000
1101101100110111
0110011101110110
1110000011011010
0111111010110110
1111111100110101
1001011110100011
1011110100011010
1000101001111111
1100000111111011
1111001110110101
1110101100111110
0011001111011011
0110010110110001
1011011011001111
1011100000111111
1011011000111111
1001101101110101
1100110100101101
1011010100111111
0111111010101111
1110010110010101
1000011111111010
0010110111110101
0011000010110111
1010101101100110
1011011110111101
1011101001101101
1000101110101011
0011101011010111
1011000101111010
1100111111111001
0010110001110111
0001111110100111
1111001110000111
0010111101100100
0100101001111111
1001111101001100
0101110111111011
0100010010111110
1101101111010011
1010011111110110
0100100110101101
1001101101011011
1010111111010111
0011100111010111
1100001101010101
1001011001110011
0110110111101001
1110100001010110
1010101101110011
1000011111011011
1101101000011101
0111100110111110
1111001001110101
1101101001111110
1111011010101100
1101010110111101
0101101011111001
1110101100001011
0110001110110110
1110111101101001
1011001111110110
0101111001111010
1111100110110101
0011001111101101
1010101100101011
0001111001110011
0011011101101111
1111110011110001
0101101100101101
1110101010100110
1010011011011101
1100111001110110
0001011110001111
0101110010110111
1001000011110011
1100100101101111
1100001011110111
1100001110101101
1111001111000101
1101011110111100
1001001110110111
1011110111101111
1010001111111111
1101111001101111
1101100110110111
1010110001110101
0101110110101110
0110111011011111
0110001111100011
1101110011111000
1110010111101111
1101010101101010
0110000111010011
1100000011111101
1011111100001111
0111111101100001
1101100101010110
1001011011100101
1101110111011011
1110111110111010
1111110101010101
0111111010111101
1101011110000111
0110101100100111
1111011001111001