1101111001101100
1111100100011101
0110101011110011
0000111110101010
0011101000001111
1011000110111001
1100111111110111
1010110111111010
1101111001011010
0110001011001111
0100011010001111
0110001011110111
1001111101111010
1110000010101111
1011001000110011
1101100011010011
1111110001010100
1110010110110011
1100010101111111
0111110111111001
1100100111101101
1010101011111100
1000100111111111
1100111000111111
1010010101110111
1010110001111100
0101110111110111
1111000101101111
0001001100111111
0111100110111111
1011110010011101
1111011111010001
0111001011011001
1101110110011110
1001101110111001
0001111111011110
1110100111010010
1101001000111111
1101110011010010
1010110010011111
0100110111001101
0100101111111111
0101111011111101
1100001110011001
0101111100010111
1110100011001101
1111110010010110
0111101011001100
1111100001010011
1001011110010111
0010011111111011
1011100110011011
0001100111101010
1011010001111001
1001110010111110
0001110001111111
1010111101101111
1011101010101011
1111011010011001
1011111110011000
0110111100011111
1001001111111001
0100011011001011
1100011001101111
0010100011110110
1111010011001111
1011110110111000
1101011000110011
0010110111111101
1001110010001111
1110111000110111
0101011101011111
1011011110110001
0110110010101010
1011000101011111
1111100110110110
1110101000111011
1010100101110111
0011111111011000
1001011101011111
1110101111110100
0111111010110111
1100011100111011
1001111110011100
1111110110001011
0101101110011100
1111111111100111
1100101110101000
1111100111101100
1000101110011110
1001000110111111
0011110001110011
0011110111001111
0110111001110111
1011101101010001
1111011111111110
1011110001101011
1101010111011011
1011110011011010
1111010010110011
1101100001101010
1101101101111100
0011110000111011
0011111011011011
1010111010110111
1110001000001101
1111111100111110
1110101101010001
0011110100110011
1110111011010111
1101011101101101
1111010001011101
0100111001111110
1110011101110011
0111111101001000
1011111110101101
1100110011001000
1111100001111001