1011110111100110
1111000011100101
1010010111110010
0101101110111011
1111111110011011
1001110001110111
1111100011101100
1110001110111100
0010011101111011
1010111001111001
1011111111101101
0111101100101111
0111110111111110
0111011110100110
1111111011010101
0110011101101011
0011101010010111
0011100011010011
0110110110100001
1111100101001100
1011110100001111
1111000111101100
1100111001000111
1110101101110111
1011111001111110
1111011001101100
0010010011010011
1101111110111110
1111010001111011
1011001111011110
1010101011111101
1111111000111110
1110001011101101
1110100101001111
1111010100010101
0110111111111110
0011111111111100
1110110101110100
1001110001001011
0011010100010111
1110001100111001
0110100111001111
0101111110101111
1111111101111000
0111101110101010
1110111010110011
0001101010110101
0110011011100001
1011111101010110
1101011111111111
1100111110100011
0110001111000101
1001100101111100
0110101011001101
0111111011100010
1000110110011111
1110011001101011
1001110011011000
1111101111010100
0100101111001111
0111010111101111
1111101101100100
1011011011111110
0010111111001111
1100100100111011
1110100011110011
1111011011001010
0010110010011111
1011001110110001
0011000111110101
1111111010101111
0110110011000111
1011111011110110
1011001101100011
0101111101100010
1001111011000111
1101100001101111
1000100111011001
1100111101011110
0110010001111101
1110110101000001
0001111100111001
0111001100110001
1110001101011111
0010010111110001
1111101101000101
1100110111111000
1110000011110111
1111001000111011
1111101100010110
0011001110011111
0000110110110011
1100111001001011
0110111100111001
1000100101111011
0110110101011011
1011011011000111
1011011001111111
1000101100101111
1011001100111111
1001101110011111
0110111011011001
1111101011100001
1110110111101110
1110101111011110
0111001001010111
1101111010111001
1011010110110011
1001111111110001
1001100110111111
0110101110100001
1111001111110110
1110110110000111
1001101011101110
1111000110101111
1000111101010111
1011101111011010
1100101100001101
0100110111010111
0101101111010010
0111001110101110
0111111111101000
1101111101001001
0110110010010111
1010010011111101
1110011001111001
1010111110100011