1001110100111011
1110111110011011
1011011001101011
1001110111110010
1111011000001111
1001111010111011
0111111110101000
1111111011001001
1111100000101011
1010101100110111
1011111111100011
0110111010100011
1110111111010001
1111111101010001
1111101101110110
0110111010000110
0011011011111001
1010010010110011
1111010101001101
1010111110110110
1000101010111110
1110001101111011
0010111010110101
1011110111111101
1100101001011101
0011101110100111
1111100010100101
0111000110001111
1111000001011001
0011101111111100
1111101010110000
0111001010111011
1110101111100010
1101011111111111
0110011111000010
1111110101110111
1000101111111100
0011010110011111
1001101001111100
0110101010001111
1111000111000101
0111011011101101
0101101010011101
1111110100101000
0010011111001001
0111100011111001
1101111111111001
0111011011111010
1010011110011100
1101101000111010
1111010011010101
1111101101100111
1010011100111110
0111101011111010
0010001011101110
0001111010011111
1000111010111100
1111110011010000
1011011011011000
0010011110111001
0010111011011111
0001110110110011
0010001110111010
0110110111010101
1011000100101111
0101111011111110
1010011101000111
0111001010110110
1110110010111000
0111110111011011
0111111101111111
1110101111100101
1111101111011110
1111010111101001
1111001111101011
1111011001000011
0100101111110100
1011011100001101
1111011100111001
1110100111111111
1001111101010110
0010111110111100
1110011011010110
1110101011100111
1011001100011111
1011101001011011
1110010111101111
1101111111101111
1111110001101000
1010010011111110
1111111101000110
1010110010100111
0011101110101110
1101111000011110
0011011110011000
0111110111111100
1110110110000101