1001101111010011
1100111110100100
0011001100101111
1111111010100101
0011010011111100
1101100011100110
1001110101111101
1101111101110110
1110111011110001
0111010100100101
0010110010001111
1110110101101001
1101111110011100
0101111011001110
0100111101111101
0100110110011111
0110011000111100
0101111111111001
1111110010110000
1011101110010110
0100111111011110
0010110111100001
1000110101111111
1001100111111110
1111010111111011
0111101101111001
1100111101101000
1010111001100100
1110101111101111
1101111000101111
1000111010010010
1101110111111011
1101110101010111
0101010011101101
1111001110101001
0111111010101001
0111110111111010
1000110011001100
0001011110101011
0101101111111111
1010011001111100
1111010110100110
0101110011100110
1111110001111101
1100010111101110
1001011011101001
1110111110011001
1101011011101110
0000011011111100
0011100011101110
0001111010001101
1110110100110011
1110111101100011
1110100011111100
0110111111010110
0111100010110101
0111110100001011
0011101111010011
1111011111011111
1010110110011101
0111111101101000
0101111111101100
0111011011111010
1001111111110100
0011110111001011
0011110101111100
1110111000110110
1100111100101101
1110110110110000
1010110000110111
1001101011011010
0011101110111010
0110110010001101
0111100100001111
1011101100010011
1110111010100011
1111110110010111
1101010010110111
1101101111111100
1010101111110111
1011101101001010
1100101111111111
1101010011110100
1111101001111111
1001111101110111
0111111110110011
1011111100011001
0111101010010111
1011111100101101
1110110100110110
0110110111011011
1010011110110110
1111110001101011
0010110110111001
0011011110111100
0100111011101111
0111010011100111
0111110100110110
1101111010111000
1111111100111000
0101010110101111
1110101010010110
1110001101110110
1111101110000010
1110111101011111
1111111111100000
0111111101001010
1100111111010001
1101011110111101
1001001101111110
1011100111100010
1011000101100100
0100110111101101
0100111110100111
0010110100111110
0001110010111101
1101010001111111
1101001011110101
1110101110110010
0111100011011001
1011101011100111
1001011110110010
0101011011100011