1101000001101011
1100110001111011
1100010110101111
0101110110100111
1010111010101100
0001111011100110
0110111111100111
0101001101110100
1101100010101111
0101110011110101
1010010011110100
1011000011101110
0110001111110010
1001111100101110
0111001110111010
1111110000110001
0101000110110110
1100010011100101
0011110011100101
1101111000111101
0101011110110010
1101011100101011
0110111010111011
1101000011110110
1110111100111011
1111111001101101
0010111111111101
1110001101111010
1111101010101000
0110111010110101
0110010111101101
1100011101111111
1111111111011111
0111110000101011
1001110001101011
0101100111101111
0111101011111111
1111100101101110
1110101101111101
1110011101100011
0111000111100111
1101000101110011
1100001111110001
1110101010110111
1100111100101110
1101100101111101
1100110111111110
1001011110101000
1111010010111111
1110011010111011
1000101111110100
1000110011100101
0011000110111110
1001100111100110
1001001101111011
1001110110101001
1101000111101101
1001111110100101
1111110110101110
0100100101111111
1110101110110110
1011011011111011
1110000111100100
1100110110111001
0001000101111110
0011111010111110
1111100111100010
1110110011101011
1010111111111000
0110110100110110
1110010101111000
1010101110111100
1101010001111001
1011000101110011
1000111101100010
1011101101101111
0011001111101110
0111111101111001
1001011000111110
0110111011110011
1111001011111000
1101101000101111
0011111111101011
0111001111111001
1101001110101101
1101010101101010
1010011101100110
0110011100101111
1011111101111101
0111001101100101
0001100101110011
1001111001101010
0101111001111111
1111011001111000
1000111001101011
1101011011110010
1000011011111110