1001111000100111
1001010110010011
1001011010110011
0001011001101011
0011000101111110
1000001100111111
0001100101011110
1101111101101001
1110011111010101
1011011011010111
1101001010000111
1101111111110110
1001010100110011
1101000010011111
1001010110111101
1011001100011011
1111000111100010
0110010101001111
1100010000100111
0111110110011011
1011100010111110
1111011101110101
1010111010101110
1001011111111100
1001100111111100
1110011010110011
1100110011011011
1001000110110111
1000101011111101
1011011111100101
1101000111111100
1010101011110011
1001111101111000
1011101111100111
1010111110101000
0111011101010011
0011011101011111
1010101101101101
1101011011111000
0110010000011111
0011010100111011
0111110101011010
1010101111010011
0110010111110101
0101010001111111
1100110101111011
1110101110101101
1110100011100111
1111110011010111
0110001000100111
0111010101101101
1010111011110010
0101101110101111
1101010100010111
0100100001011111
1110110010110101
0010111111111111
1111000111011101
1000011001001011
1010010111111011
0110101110110010
1111000011111101
1001101010111010
1000100000101111
1011010011101110
1100101000110011
1111111111011100
0011111011001011
1010011111001101
0111010001111110
1111001101010011
1000010111011111
1001001000111011
1110010100111011
1011000001111110
1010001111101101
0111110100111100
1111111110001011
1111001101001011
1000110010110111
0011101111111000
0101111111110111
1110011111111110
1011111110011110
0011101101001011
1111111111100001
0001111100011111
1001101111001111
0111001100010111
0101001101111001
1111010010111010
0111010001101011
1101001011100011
0110100110111111
1111111110010001
1100101110001111
0110111010010101
1011011110111001
1101100110110101
1101111111011101
0110011001001011
0111101101011010
1110110111110100
1101111111101100
0101101110111110
1101110001111110
0100101101101111
1011111011001010
1111111001111101
1111000001111011
1110001110001111
1110011111100011
1011101110110010
1011101110111101
0111100111110110
1110111001111110
0001110100111010
1101110011101101
1010110010111000
0001101110111111
1110110101111001
0110111101001010
1010100111101101
1111101100011110
1111111010010010
1011111001111010
1111111111000011
1110000111111011
0001110111101110
1001101100111010
1111110011011110
1111000111111000
1101101001111010
0111101011101110
0101101011111101
0101111100111101
0001111001001110