1001101011010110
1011001100011001
0100000011011111
1111011100010011
1111010111101101
1111111001110111
0111011111111101
1101011111011010
0101110010110011
0111110011001001
1010101111000111
1101111011000010
1110001111101110
0111111100000011
1111001011011011
1111011001111011
1100000111011101
1100111111010100
0101010100111111
0111001011110110
0101111101111101
1001101010010011
1110111011110101
1101111110111100
1010111011000110
0111110011111100
1111011100001001
1101101100001011
1111001111000011
0011011101011111
1111001111110101
1111111101011100
1101011111111001
0011100111010101
1110101011101011
1000111011011111
1010011111110001
1001100111101111
1101110100001111
1100001101011101
1111110111000010
0011100010011001
0111101011001111
1011101011110001
1100111101110011
1010110111111111
1111111010110010
1101101011001111
0111111110001001
1011010101111111
0011111111111110
0111010100111010
1110111001101010
1111100110110010
1101100111000011
1101111010101001
1110110101110110
1111100111110100
0101111111010000
1101111001111111
1011111110111100
0011100010110111
0101110010001010
0111100110111010
1111101111001000
1010001011011110
1111001101111110
0111111001111110
0011111100111111
1110111111000011
1101100110011010
0111101011101101
1111001110101100
1001111111000011
1010011101110111
1011010011011101
0001101110111011
0111110101010110
1101101110001101
0111001110101011
0111110010000011
1101011111010111
1111111100110110
0001110011101111
1111010010111001
1110111110111111
0011100101101011
0101011010111010
1111010100011111
1001000111111110
1101100110010011
0111000001101111
1011011111010110
0110101111101101
0111110100011111
1101010111110011
1111110011000101
0110011111101011
1110110011110111
0111111101111001
1001110110100011
0111100011011010
1110010111101111
0100111111011011
1011111111111010
1011011001101100
1101100010100101
1101100100101111
0111010111011010
0101010011101010
1111110111010000
1001111011100100