1011000101010111
0110111101111010
1011011100001011
0001011111101110
0011101010110111
0111011101001011
1100011000111110
1011001111100011
1000110110011011
1111000001111110
1010010100111011
0011001111111010
1111111111111101
1101101110111110
1000110011011111
1111011000110110
0110000100101110
0011000000111111
1001111100101110
0111111001110011
0111001110111011
0011101111110110
0011101101110011
1010001101111111
0100011010110110
1011100010111110
1110111001000111
1110110111110111
1001011111110010
0001111100011111
1110000010101111
0000111101101011
1001111001111110
1001001011101110
0001011111110011
1110101101111011
0110101110100110
1001101101100011
0111010100110111
0000011101011111
1111100011110110
0111110110100111
0001101111111111
0101101011110010
0111111011010111
1101010110101011
0101110011101011
0011111110010111
1111011001101111
1010111111001111
1001011111010011
0101110100110011
1101110111010111
0100000101101111
0011101001101111
1111010111110110
0111110100011111
1001111011100111
0010101011011111
0110010110111011
1111010001011011
1011110111101111
0101011011101110
1100111001101011
1011111100011110
1111111010100111
1101111000001111
1100001111011110
1111110010010111
1100100111101011
0001011000111011
1110000010011110
0110000111101010
0111010011011110
1111111111001110
1100110101011111
1011111010110110
0011001100011111
0111010111011011
1100101011111110
1011101001001011
1001110010111110
1101110011111010
1110101100110111
0011011101011011
0110111000011111
1000011011111111
0110101110010111
0111111101000111
1100000011101111