1100101111101110
1010101111011001
1100001111011001
1011110110110100
0101111101011101
0111010110011111
1111110101110000
0110101111100101
1001110011110110
0111101101100100
1101111110111111
1110011111101001
0111101110000001
1001101101111101
1011010110111001
1100111101010101
1111100000110111
1110101001110111
1011011100000110
1011111011011101
0100011111101011
0101011111101010
1111011011111010
0011111101110101
0101101111010111
0011100011111010
1100000111001011
0011011011111001
1010111101000101
1101101011111010
0010011001111110
0101110101001011
1110011110100111
1111100111101101
1011011010011011
1010010101011110
1101000011101111
1111101100101100
1011101000011111
0100100111001011
1000111101000110
0110110101111010
1010111110111111
1110011011100111
1111111010110010
1010101011110001
1101010011110111
0111101001101001
0011001111011011
0111001110111110
1010111111101001
1011100011111001
0111100101011111
0111101001011101
0101111101111000
0101010101110110
1101001001011111
1011001011000110
0001000111110111
0001110111011011
1101010111101110
1111011111010011
1111001010000111
1011000000111111
1110111001110110
1111010111001101
0110010000101011
0011010101101101
1111110111100101
0011111100000011
1011111100101001
0011111111001110
1110011111110110
1111111111011100
1100100101001011
0101011101100110
1010011001111011
0111000010111011
0111110100001011
1110110100101000
1111110010101100
0011111100101101
0110001111011001
0111110111110101
1011010110101011
1011110110111000
1000110111011011
1100011001110101
1000111011101100
0011110110100010
1111110010000111
0101011111011110
0110101000101011
0010101111111000
0111110101010110
1101100101111110
1010000111111000
0101011011111110
1000111111000011
1110010111001010
0011011011001111
1011010111100011
0011011101110111
0110100011011101
0110110010001111
1010111111010001
0111011111101001
1010101011010111
0110010011010111
1111101011011011
0011111001101000
0111010011010110
1100100111011110
1110010101001110
0011111010100100
1111011111100001
1111100000101111
1111110111010011
0000111111100100
0111011011011011
1111001101110111
1010111001010111
1011111110010001
0110010001111001
1100100011111111
1010011101110011
0100001011111101
0110101010011111
0111011010111100
1011100101110011
0111101100111000
0011100001110111
1011110101001010
1101011101100010
0111110111111100
1110101011111110
1110010110011111
1111100111001110
0110101110010111