1001100101101010
0111111001011100
0111010111110000
0011101011000110
0100111010100101
1011100110100011
0110011111110010
1101111011000001
1110111000011111
1011111100001000
1100101111001111
1110011110100100
1001100101010111
0010010010011011
1110111010111001
0101011010101001
1100101110111111
0111001110111011
0010100110101011
0111101011010010
0110111111111001
1110101110111010
1100111001101111
1110011100011110
1011010001010111
0011110001011110
1110110111001111
0001111111000111
0111011011110100
1110101111010010
1000111111111111
1111101111111101
1010111101111010
1111110111010101
0100011100011111
0011110111100010
1001111101111000
1011111001010001
1011100110001111
1011110010111010
0101110011011010
0010111111111101
0110111101010010
1100110101111011
0011010011110110
1011111000011000
1011100110100110
1010000111111110
0011111001100110
1011001110101111
1110110101010011
0111110001110101
1110101111001110
0001110011001111
1111111100010010
0001011010011011
1111001011101110
1011110100100111
0001100101111011
1110111010110010
1110011111000111
0101010010111011
1011110010110111
0010101101110111
0101011101010001
1111101000111011
1001100111100011
1111100011000011
0001111111110101
0111111011010101
1110110111111100
1001110110110111
0100000111010011
1011011001011110
1011110101110000
0011010011011001
1100100111100111
1101100111100110
0001110001111110
0011111100001101
1011111011100101
1001111001010100
0111001001111110
0101011101100111
1010111010011100
1110110011011101
0011110010111001
1111110101011000
0011011101001001
0011011011001110
1101110111011100
0110100001011111
1001001111111010
1110111011100000
1001010110011011
0100001011110111
0111111110111110
1110011011011100
1001100001110011
1101100010001011
0110011101110100
0111100100001111
1001111100001001
0010110000111111
1111100000100110
1110001100101110
0101001110100111
1100011100111011
1010101001001111
1111111000000011
1101000100010111
1110001011010110
0111110110010111
1101110000111101
1111100110111010
1011111110010011
1011011100001110
1111011110010110
1011001111011111
0010101100001111
1010110100010110
0011100001000111
0001011111001001
1001110110111000
0111011100011101
0001110101001011
0011111000111101
0100000011111011
1101011110110011
1011101111011011
1011111000101111
0001110110011101
0111010011111000
0001100011010111
1011011101000001
0101111111000001
0001110011011110
0110001111001111
0101001101001010
1110011101011000
1100110011100011
1001100111110110
1111010111101111
0001011001001111
0010111101101110
1101101010011110
1011011101011010
1100011010001101
1101001010110111
1111010000011111
1111010101111011
0001100111001111
0011111101101100
1111111011001010
1101011010001100
1100111001010010
1111011000100011
1101111111101000
1110001011100111
1011110111010010
0101101011110011
0010110010101111