1010111010101101
1110101101101011
1101010100101111
1111110101001001
1011001110111010
1011110100101111
0111001001101110
0111100011001111
1100111111001111
1111100011100010
0011011101111010
1011101100110110
1110110101101001
1110101011110111
1001010110111100
1010110110110110
1001011110111010
1011111001010011
1111111110100110
0011110001011110
1001011101001111
0100110111011101
1111110011101000
0011111100011110
1101111001000111
1011111011000111
1000111001111110
1100011101100110
1111001011101100
0110111100110110
1011100101111011
0111111111000111
1010011110111000
1001001111111101
1110001100111001
1011101001111011
1001010000111101
1010010100111101
1101100010101011
1101111111110011
0010101111011010
1101101011001110
1001101111011111
0111111111111100
1101111111011011
0111100010101001
0110101111010011
1000111111111011
0011011010011110
1100010010111101
0000101111101101
0110101110110011
1100111111111000
0001110101101011
1111111111110101
1010111010111000
0100110110111111
1101000010011101
1001111001111001
1011101100001001
1101101001011110
0111010111101111
0111111111001101
1011100110111100
0110110110101001
1110111010000011
0011010100111111
1011011111000011
0111001100110110
1111100101111001
0001110001101101
1011111111001010
1010110001100011
1101001001101101
1110101011011111
0111001011010010
0010110011110111
1110111001111010
1111101101011000
1101010010010111
1010011100010010
0101111111110111
1010010010011011
1100011100011111
0011111001010110
0011101101011110
1011011110101011
1011000011110011
1110001110111010
1101101111111100
0110110111110110
1001010110001101
1101011000111110
1001111101110111
0011011110011101
0100111110111101
1101100000111111
1101011100111010
1110010110101111
0101111011111110
1010001111111000
1011111010101000
0111101111001011
0111010101010010
0110110110001111
1010101011111010
0111100100011101
1001100110111111
1110100111111111
0010011101100011
1001110110101100
1001111111011100
1011001110001111
0111001101110010
1100011010111001
0110111010111111
0111001010101011
0101011111111111
0011101110101110
1011111100001110
1101010110111000
1101000111110110
1111111000111011
1101111110011110
1100001101111110
0101111110111001
1111010110101010