1111011111110110
1110100111110111
1010011011110001
1111100111001111
0111110101011110
1111001011111010
1001111101100101
1111111110000111
0100110000111101
1101101110111101
0111110111100101
0101111011010110
0111101101100100
1101100011011110
0110100111111100
1111100000101010
0001100111111110
0111001110111011
1001110110100111
1001101010100110
1110110100111011
0111011000111101
1001011010111111
0011111111001001
1100001101011111
1110110000111110
0010101111001110
1010001011110101
0110101001111110
1110010100001110
1111011111010111
1011111011000101
1011100101011110
1110110010101010
1111100000110100
0011110101110100
0101101000100110
1011101101100011
0100111101111110
0011011100101100
0010111101111101
0101011111101100
1011010000100111
1001001111111101
0000111111000101
0110111000100101
1010100111101011
0110101111010001
1111000101101111
0110111011010111
0111111110001010
1101101001110101
0100101111100101
1010101000101110
1101010010111111
1000101011111111
1111001100001101
0111101001110101
0010010001101111
1110111110011101
0010110111110111
1110001001101111
0111101111000111
1010101010110111
1111011011001100
1111001000100011
0101111110110101
0101101010011111
1011101011011110
0111111011010100
1011110110101101
0111110001101100
0011011100001101
1000111101111110
1001011110101110
1111001010110001
0111100110111010
1100101001011111
0011011111111001
1101100111100110
0011110101111011
1010111011100100
1011101101100110
0101101101111101
1011110101101000
1011100101101111
0111001001111110
1110001000011111
1101011010111110
1100110101111110
1011000010011011
1110111001000101
1000110010101111
0011101101011101
0100111010001111
0011010010101011
0111001010101101
0111101010110001
1100010101001111
1010001111100011
1010111110111010
0010011011001110
1111101001111001
0101111010001101
1111111010001110
1111101110110000
0111011100101001
0011001011101110
0111111010011100
0100111110010110
1010010111011000
0111001011111001
1111001011111100
1011100011101101
0111111010110000
0111101010111100
1111010000111100
1110000111111110
1101111111111011
1001111101001111
0110111011001101
1011110011001111
1110011010100011
0111100011011100
1011101011100011
0011111011111001
0110111000011110
0001111110111111
1100101001101111
1010101011010111
0010101110110110
1101111000110101
1100100111011111
0110011111110111
1100001111101101
1111101010010111
1111010000011001
0111010101011101
0010010100001111
1111000110101111
1110011100011011
0011100101010111
0111001100111110
1101110101000100
1001110111100100
1111101001000101
0111110011100111
1010101001011011
0111011111110101
1110110001101001
0110101100111000
0010111011100101
1100101010011111
1011011101011011
0110110110111000
0110111001101000
1011111111100001
1101101111010101
0110111001110100
0010111001110111
1001111100011100
1111010110101010
1111111100100100
0011101111111011
1110011101111101
1100100011111101