0101101110011001
1111001001011001
0110011100111011
1011011111111111
0110100010100101
1011110011010010
1100011111011010
1111001010001111
1101101010010101
0100100111110110
1010101101111011
0110011100100111
1110010111101110
1111101101010111
1101000100011011
1111101000111111
1000111011010111
1101110101101100
1111100101110100
1101011000011010
0010111100110011
1001111111111110
1100101001100111
0101100010110111
1111110010011101
0110100011110100
1110011111010111
0101111110100011
0101111011101000
1000101011110011
0110110101111101
0110110101110010
0111100100011111
0111111100001111
0110111011010010
1101000101011110
0010111101111100
0111011101101000
0101100101100010
1100110111101010
0010100110010011
0111010101001100
1011111010010111
1111101101001101
0011101111101011
1101110101010111
1111011011100110
1111101101001110
1111000010111011
1010110111001100
1110011001110100
0111110001011101
0101001111010111
0101000101111010
1110101111100011
0010111111001101
0110100011101110
0111010111001010
1011101001101111
0011111111001100
0111001111000101
1111111000110111
1110111110011000
0100111010111101
1101101001011110
0101011000101011
0110110011011111
1110111101010111
1100101010111001
1101011111111101
1100111110101111
0111101110011100
0111111111110001
1110110111000110
1111110001111110
1110001101111110
0011101101011101
0110111111101010
1110000011110110
1010101110111001
0111001100101111
1110010111111101
1011111111110001
1100001111110110
1010110110111001
1000110111101111
0101111111001111
1101100011110100
1101010101101111
0110111100111010
1011101111110110
0011111101010011
0111001011011111
0011100011110111
1011111101101011
1110110001111011
1111011111110011
0010111011111001
0001101111110101
0101101110010011
1101100010111011
1100110100110111
0101101010111010
0001111111111001
1100101011011111
1011111011001011
1101100011011011
0010110110001111
0100100011111011
1111000010011111
1001100111011101
1011110001011111
1011111011101101
0101111001111100
1111101111101001
1111110001001011
1000100001110111
0000101110111111
0011110101011111
1100110111111100
1101001100100111
1111111100111101
0111100011000110
1100111101111011
0100001111011110
1111101011000011
0101100011010111
1100011001110111
1111001010010101
1011110010111111
0110011010001101