0111110100101100
1110111110100001
0011101010110111
1111011011011011
1100001001111110
0110111101011001
1010101001010011
0110111101100110
1100100100101011
1101001100110101
0101110001001101
1011101110001111
0011110011111001
1001101001010101
1001100110111011
1111111011101011
0000111001111111
0001100011010011
0111001011110110
0110111011111001
1010101110101101
0110011101111111
1111110010011101
1001000111101111
1101101101001111
0101111110101101
1101110000101101
0101011101110100
0011110011100110
0101101100111011
1110101101010101
0001111000110100
1110101010110010
1010111110101001
0100010110111101
1111100100110000
0111011111100110
1010011011111111
1101110010111100
0110001110111101
1111001100010101
1101101100101000
1001011010011111
1101100110101110
0011110101100110
1110010001110011
1101010010111110
0011111010101111
1101101011111000
0010101101101010
1000101100110110
0101101110101111
0011011111111111
1110100100110111
1110010011101110
1111111111011110
0101000011000111
1101110010110001
1100100001111011
0101111101111001
0010101001111100
1011111111110000
1001110010100111
1110000110011011
1110011101101100
1011010111100111
0100100101111011
1011000010111011
0011100100111111
0100111110101010
0111111111100100
1111110001100100
1001100101011011
0100110111111100
0111101101001011
1111000110011001
0111010010110011
1100111000111010
1101000101011011
1110110001111110
0110101001011011
1000011110110110
0110010111111011
0000111101110010
0011110101010011
1101100111111100
0111111110011111
0111101110111110
0101011110110100
0111001101111010
1111101101000111
1101011001101110
1100110010100110
0001111110100111
1110011110101111
1111011001110000
1100001010010111
1100111111100001
1011011101110110
1111001100101101
0100101001111110
0100001111111100
1111101111000001
1011011011101100
1001011010101111
1100001011000111
0001111101011101
0111011111011001
1010111001101111
1100110000111101
1101011100111011
0110110011101111
1110110110110011
1011110101100010
1110100111111101
1110111011101101
1011001001110011
1111000111100101
0101011110111011
0010111000111110
0110101011110111
1110101000100111
1011101010010101
0010111011100110
1101001111101110
1111001101101010
1101101011110110
0010110101000101
1001101010110011
1101101100100100
1110011111001001
1111110100001001
0011111011110001
1001110101101011
1101001100100111
0011101111101100
1101110101110111
0111100111110101
1011011111100001
1110001101110101
1010110010111110
1111101000110010
1100111111011101