1001011010110011
1101111111010110
1111101101101010
1001011010111100
1010101101011000
0110110111100101
0011011111100001
0001101110001111
1011010111001010
0111111110010100
0101011100111110
1010110111000101
0111111011011100
1110001110111100
0110010111010110
1100111111001111
1110011101101000
0111010110100101
0001101111100111
1011000100011101
1110101011001111
0110010100111110
1110010110010111
0001101110110101
1011001000011110
0011100110101010
0101011101101110
0011111100110010
1110110011001110
1010001101111111
1111110011000000
1011111001010010
1111100010111101
0100111111011111
0010011110110101
0011110111100000
0110111101100100
1110101010100101
1001001011101111
1110111111110010
1011111000110110
1001101010111110
0110100100111010
1110111101010011
1010100111111111
1110101110111001
0111111001110000
1110001010101110
1110111000111111
1110110111001000
0010011111101111
1011101000111010
1110111010111010
0100111111111010
0010111101111101
1111001101011001
0011101001111111
0111100101101001
1011110010101111
1101111001001110
0110110100111001
0000011110110111
1111011011100100
1011111110001101
1110000110111110
1011010111000011
0001011110011111
0110011001100001
0100111011111101
1011111000100101
1010010111111011
1110111001110100
0111111111011011
1110100111011100
1101101000011010
0011111011101110
1101011100100100
0011111000101101
1011100011111110
1011110100100101
0100101101111100
0111010011000111
1110010011100011
0001111001110110
0111100101101100
1010011110001011
1101110111111111
1010110110011101
1110010101110011
1011101101110111
0101101110101011
1101011000001011
0010011100111011
1111010001010101
0010110111111100
1101101111010011
1110001001101011
0101011011101011
1011010010011011
0011101011111101
1010101111010100
1110011011011100
1011001001111011
1101101010100100
0111111100100111
0011101101011110
0111011011111110
1110000111111101
1011110100011110
0111111010110111
1110011101000101
0100111110111100
1000011011110001
0111111000011110
0001101011111011
0001101111110100
0110110010101101
0100001110110110
1000001011110111
0101011000111111
1110010111101001
0111001110101100
0011010101110011
0111001101111111
0111001010101001
0111000011100101
0100011111111101
1111101101110100
0011011110110011
0101011001111001
1111000011001010
0111011000101001
1100101100100101
1111100001111111
0101111111110011
0110111101010101
0110101010011111
0011101110110100
1110001010010111
0110001111101100
1101111101100001
1111000010101011
0101101111011101
1111100011010111
1101101101110010
0010111111011101
1010111001111011
1001111110110001
1111110100100011
0100101001110110
0011111101100011
0110110101011111