1011000111010111
1111111110100000
0100101110011001
1001001101110110
1110110000110011
0101110011010101
1011101001011100
1111110111001001
0110101011110011
1001000011111010
1110001110111101
0111001100011111
1101101101001100
1011111100110111
1111111011001000
1101101011011001
0101110110011110
1111101000111110
0111000111110001
0110011110100110
1011111101111010
1010110111011010
1110101111010011
1111000101000101
1100110111110111
1011001000111101
1110010100110110
1111010001000110
1011110001010111
1011111111000001
0110101000011101
1001111111011010
1101111100011111
1111101001000010
1011111001011011
0101111111111010
1111010011101101
1101011101011111
1100111100110000
0110101101001011
1100010101101101
1011111110111110
0110101011001111
1000101111110000
1101110011011100
0111100111001110
0111111011100000
0100111010000111
1101000011110101
0111010111100010
1110111011111110
0111001101011100
0100011011011111
0100101111001100
0101101101001101
1010111111011001
0100011111101110
1110010111011011
1111011101111011
0011111111111111
1111101110101111
1101011011010111
1110001011110111
1100110110101011
1010111001000101
0101111001101111
1100101001011111
0101111000110110
1001011111010101
1001110111011100
1011010111111000
1101100011001111
1011010011011111
1011011111101111
0111101101110101
1101110001101000
1011000111011010
1010011111110110
1101111100101000
1101110110000111
1011111111010110
1011110011100001
1001100001111100
1011101110111011
1101011001101101
0111101101101010
1111010010111010
1101111010111011
0101111111100001
0100011111011001
0110010111000111
0111111101110100
1111011111001011
1111111010101011
0111111010111000
1111100111101100
0111011011111101
1111111110001101
0111010110011010
1101001001100110
0110011111000100
1011101010010101
0111110110111001
1111101100010001
1111101000011001
1110100111111111
1111011011110100
1111010011011010
1101010000100110
0111001111100010
1110111100100110
1111101100011110
1100010110001110
0101101101100011
0101001111110111
1000110111111000
0110011101010111
0111111001101000
1100010001111111
0110110111110010
1110101110110011
0111110111111100
1100011011110011
1111110010111101