1111010010101110
1001100101101010
1010111110010111
1101101110111101
1100101111001101
1011110101111000
1011100100100011
1111111011110111
1101111100111111
1010101111000110
1001100111010111
1101111010001011
0111010100111110
1111100110111000
0101100101101111
1001111111011000
1011110001001001
0010111100011111
0011111101110100
0001101111100110
1101110111001111
0101111111011111
1100110010101011
0000101111100111
1111000001111101
1011101110110000
1110101100011010
1110101101010100
1101100101100111
0000110101111111
1101111110010001
1101000110100111
1111011000011101
1011101111010011
1111101110101101
1111001111010111
0111010000011111
1101010101101100
1111100011011111
1111011001101111
1111111010011010
1110011000111101
1100111101111101
1010010101111111
1111101100000011
0111011101101011
1110101011101000
1011010101011001
0011101011001111
1110110101110111
1010011000111111
1111011011011001
0111011100111100
1110101010011111
0110110101001110
1001010010111111
1101101110110011
0110111010101110
1011011011001101
0010100011101110
1101101111100101
1010111100100110
0011111101111000
0111101110111111
1010000111111011
1010000011111111
1101111011111100
1111111001111010
1110111110110010
1110111100110011
1101101011001011
1111001101111100
1101111101011110
0000001111101110
1001011110001100
0111101011111011
1011111000011110
1001010101010011
1111000100111011
1100100011101010
1011001101101111
1010101110111010
0111110111110111
1011101010111111
1001100101011111
1111001100101110
1111110111100001
1010110110111111
1110101001111111
1111110110001011
1011011101000110
1001110110101111
1100101101000111
1101110111110000
0100011111110011
0010110001111110
0100011111111101
1010111101001110
0111111111011101
1010110001011111
0111101111101100
0001100001111110
1111101001011001
1101000101111010
1110001111110111
1001010101110001
1000100011111101
1101001111001011
1010111011101100
1101111001101011
1111000110101110
0010111111110100
1011011100001000
1101110001111101
1010101110100111
0011111111101011
0001111110101100
0010011011111101
1110001110111110
0110000111101011
1110010010111110
1111110100101101
1110110000011110
1100101110001011
0010111100110101
1111010110101011
1111111100100101
1111011001111001
1001111011011010