1001001101110111
1110110011110101
1101111001101101
1000101111010010
0110111011011101
0101110101101011
1110110011101111
1101011110010110
1111011011100001
0110001111010111
1110011000110111
1000111011001011
1111101101110010
1010111101100010
1010111111101101
0111010101111100
1101011111000111
0111110100101111
0011101001111001
1011010101011100
1011111010011011
1111110111001110
1101011101110101
0111001101001110
1111001111011011
0111011100111001
1010101001011111
1011010100111011
1100101111000011
0110111110101110
1111111110000010
1101010111010011
1011100001110101
1010111011011010
1011110001111001
1110111110011111
0011111110010110
1111110100011010
1011100100011111
1111010110000011
0101011001110111
0010011101111111
1011010110101111
0011100101111111
1001011001001111
0101101111111111
0111110101100111
0011011001111001
1111111011111100
1011101110110101
1111111111110100
1100101111000110
1110001110101110
0110111111001101
1111111101010111
1110111011100110
0011111001110010
1000011110110110
1011101001100011
1001101100101011
0010110111011101
1100110111111110
1110011101011111
1111111011000101
1011011110010001
1010111111001010
0101111100101011
1010111011110111
0111110110111101
0011001110011100
0111100011011110
0110001001110011
0001011111100011
0001110011101111
1001101100111101
1001110111111011
1101001011100010
1011101010111111
1100110111011111
1101111110011011
0011111110001101
0111011011100111
0101111110110011
0101111111110001
0110010111111111
0101011011001111
1010101011111010
1101010011001111
1111000111111111
1001110000100111
0001111111111010
1011110110110011
1101100101101111
1101100011111110
1011110010001111
0101011111011011
0011100111011101
1011110001101011
1011011010110001
0111111010111111
1010001100111100
1001111101101101
1110111111111001
1101101010011101
1001100111011111
0110100111011101