1100111011101100
0111010110011111
0111011101110010
0110011000011101
0011101111101110
0101110011001101
1011100111011100
1100000101011101
1111101100111011
0101101001110101
1111100100111101
0011011111011001
1111100010111100
1101111000111101
1111111010011000
1111011000110100
0011110100110110
0110111100110110
1101111100011110
0111110001010100
1000011111111110
1111111100100001
1111101010110011
1111011111000000
1011000111011101
0001101101111110
1111001111111010
1010001011111101
0101100111011101
1010111011011011
1111011110011001
1101101110110111
1100100011101101
1111010001111100
0110001111011101
1011010100110011
0011100111111111
1011111000000111
0101101101001101
1111010011101110
1101111100011001
1111110110001101
1001110111101111
1001111111111010
1110110111111100
1100011100100101
1001011010011101
1011011001011110
1101111001001100
1101000100111110
1101000001001111
0111011111001101
1101011110100000
1010000110111111
1010111110111101
1110110111011011
1011110100011011
0101101011101111
1111111110000110
1010010000010111
1010010101111101
1011111011100101
0101111011110001
1110000111101011
1101011101110010
1000011111000111
0001111101111100
1111101111011011
0111101110111111
0111011010101110
0011010111001110
0111011110110001
0111111111101011
0100110110001111
0011111100101101
1000001110101111
0001011101110101
1111111001111011
1000111101001101
1011101011001101
1111001110101100
1111110101100111
0011011101010111
1100011001110101
0100111110110000
0011110111111100
0010111111111010
0010111101111111
1010011101110110
0110111010010110
0111111010010011
1101011111001001
0001011011100111
1110011001111110
0111100101001100
0111100111000110
0000011011111011
1011000001111111
0011011111110010
1011010110110101
1101111010111011
0000110110110011
0100011011011100
1110011101000101
1110001100101110
1001010001111101
1111100101110011
1100111110101011
1000101011011101
0110001101111111
0101000101011110
1011111101111000
0100111110100100
1001111011001110
1100010010110101
1111101111110100
1101111011000101
1110101111110111
1001111001110101
1110000100111110
0111101001100110
0110010011001111
1111001101110110
0101110001010110
1100011011110000
1111100011111010
1011011111001010
0011111001110100
1010011101110011
0111000101111011
1001101111010101
1010110001110101
1011010111010011
1101110011111001
1101110100110001
1100100010001111
1011110001110100
0001111011010111
1101101010011110
1001110111111110
1011110011011001
1010111010110110
0110110111111101
1100111101100010