0110110111100101
1001111101011110
1011010100100110
1110010111101100
1111100010001000
1111010101100011
0111011111001011
0101111110100000
0111110011001010
0011100100110110
1011011111010011
0110111110001101
0111111100000011
1000100111110011
0110101110101111
1110100110011111
0110111001111101
0100111101001011
1110111111100100
1011010100011110
1010101101011011
1101101010101110
1101100010010101
1100111001000111
1111111001110001
0111110101111101
0010011110001110
1011111100010111
0111101111110011
1011010111110011
1100101010110010
0110111010011110
0110010101111111
1111110110000001
1110110111001101
1000101011100011
0101111010011011
1111000111101111
1000100101111111
1010110101110011
1110110001011001
1010011111011011
0011111000101110
0010001111111111
1101110001011101
1111100010100100
0111110101111010
1001110111011111
1111011011111111
0011111011111011
1101011111111111
0110110101100110
1110101101100111
0001111111101011
0110101011111111
1111101111010100
1111111010000011
1101101111011110
1001100100110111
1101110101111110
1101111100001101
1011111100111010
0101110110110111
1001101100110011
1111011101100100
0011101111011110
0111111011000000
1010010100101011
0111100111101110
0011010111101110
0011001111101010
1110111010001110
0100110011011100
0101111001111000
1101100011001101
1110100001111111
1010001111000111
1111000110111111
1101110111111001
1111110000101111
0011011101110111
0011011111110010
0010111100100011
0110110111001111
1111111100010101
1011111111111101
1011110000111110
1111101000110110
1011100001000011
0111001101001100
0110011110110100
0001111010010110
1111011111100010
1110101011011011
1001110111111010
1010110001011111
0100111011101111
0101111101101001
1110101010010110
0011110111001110
1110110000110101
1111011111001001
0111111010011001
1001101011011111
1111101100110100
1100110111110010
0010101100111011
1111101001011000
0101111001100101
0111110110001101
1111010110000100
1011100110010111
0011111111010010
1110110011011000
1111110100100011
1111111000111010
0110101101011010
1111101000111100
0110001100111000