0101101100011001
1101111110100100
0010101111001101
0110000011011011
1100101100111101
1110110010110010
0100111111011100
1100100011011111
1101101111000011
1101001101100111
1111001110001011
0100111101011101
0110100010011111
0111101010111011
0010111010101010
0010010111011110
1101111101101010
1110101001110111
1101001011111101
1001100011001111
1101011110110110
1011101101011011
0011000111001011
1110010101101111
0101110101010111
0101101100000111
1101011111101101
0111010111101010
1001110010111010
0111011101011101
1010111110101001
1111111111010110
0011010010111111
1100110110101000
1101001010001111
1001111100111001
1101111110001011
1101100101100101
1001111001111111
0110110010111110
0111111010110100
1110001001101111
1011010101111111
0100110100011010
1110010101011110
0101011111101110
0101001100111111
1011100100101011
1110111010100111
0101111111010001
0011111110101101
0010001100011111
0110000111100111
1111101111111010
1110111001110110
1011111111110111
1010001100101101
0101110111111100
1101010101111011
0110011011001010
0011001000111111
1101011101111100
0110110101101110
1111110001111111
0010110010011111
1110111100110001
0001011111101111
0110110010110111
1000001010111011
1110100010111011
0111111110100100
1110110011010011
1100111011111110
1111111001111011
1111010101111100
0101111101101100
0100011111011111
0101101011111111
0110011100001010
0100100111011111
0110010011110011
0001101111111101
0101110011011001
0011011101101000
0111010111000101
1110111001000111
0111110111101001
0010101010111110
1110000110011110
1010010111101101
1111100100010101
0110011111000111
1111011111011000
1011011010101111
0100111100001110
1011101001001110
0001010011011101
1100101110001110
0100111100110110
1110111100001001
1110101110110111
0000101110011110
0111000011001111
1011111110011101
1110011111111100
0100110100101101
1100101011101111
1110110110010001
0111100011111101
1000001110101011
1010111011001011
1101111001011111
1111101111101001
1100111111010001
1110100010011110
0101111010010111
0000110011011111
1010110101001001
0111011011110001
1111011100100101
0100011011111011
1011110011011010
0000110111101111
1110100101011001
0010110110111010
1111100110100011
1111111000010101
0101110101001111
1111011110100011
1100100101100011
1001110011001011
0111101011101110
1110101110111100
0100000101111101
0111011101010111
0100111111000011
1111000100100111
0101110101111001
1111111011101101
0010100111011110