0110111100010101
0000100111011111
1100001101111010
0111111110001110
1101010111100111
1010110100101111
0110111101100110
0111001110011111
1100111111110110
0110101001110001
1111010010001110
1011101100001111
1111011010110111
1100111001011011
1101111110010011
1100101110111110
0111011001101111
0111010110111010
0011011011100111
1111111100101100
0110111011010001
0011111101110100
1010010111010111
0011100111101101
1011110001110001
1011001010111001
0111111110101101
1111010100001111
1101111100111010
1110110111010101
0111110001110111
1111010001111011
1011111000110111
0111110101111100
0110011111010110
1001110111010110
1111101010001010
0111010100111001
1011110010111010
0010101011111110
1001000111010111
1110110000001111
1110111100101110
0111001111110100
1110010111111010
0000001101001111
1001101001111111
1010101101111110
1111101001010110
0101110111000010
0101110011111011
1100110101010111
1001100111001110
1101111111111101
1001010011111110
1101011101000011
1001101110100110
1110010101011110
1101110101100111
0011101111110111
0010111001111010
1110110001111101
1111010111011010
1011111110011011
1111110111000000
0110011100111101
0110111100111110
1010011000111111
0110111101011110
0110011111001101
1100101111110111
0101110000111110
1110011101101100
0111110011000101
0100110111110011
1011111111000101
1111101011110100
0011110101111011
1111000011011011
0001110111111110
0101101000010111
1011111101010000
0100100110101111
1110100011111100
1110011001110010
1011101111110000
1011001101101100
1111000110111001
1111011111100101
0011011101110001
1001111011000111
0111010110101111
1101101011001010
1110010111111100
0111101100111100
0110111001101111
1111000100011110
1001000111110010
0111101110011110
1111101101100111
1111111011100001
1110011001010111
1110011010011011
1101111010100011
0011110111001010
1011000111111000
1100010101101110
0001111100011111
1011100101110111
1010000111111001
1111010111101011
0111001101111001
0011111011101011
0111101000110110
1010010110001111
1001101100111111
0100100111111011
0011111011011110
0101011111111010
0011101100101110
1111010001010111
1011101101010111
1111110100001110
1010111100101101
0111011111101000
1101001100011011
0110010100011011
0111011101001110
0110110010010010
1110001011111111
0110110011001110
1111000010011111
1110111110111001
0111011011011011
1111101111011101
0000111111111010
0110000101111011
0111001111101101
1100000100101111
1101101111100011
0011010100111101
1110011010011110
1011101001011010
0010101111001011
1110001111111100
1011001110111000
1110101110100100
0111110101110110
1010101110111111
1011100101111110
1100111110011111
0001011110010111
1011111011101110
1101001010101010
1110111101011001
1110001100011111
1011110101100011