1111000110101001
1100010100101111
0101100111010110
0001011101011111
0011111101110111
0101001110111100
1111011010001000
1110011111010100
1101011011011110
1101100110101010
1111111101111101
1111110101010110
1110011001000111
1010101101000111
0111101101111110
0101001111101101
0111100011101011
1111010010100010
1000011111111101
1101111111010101
1110110101110011
1100110111110111
1101100011100000
1111101010100101
1100011111101110
1111100001101111
0101010010101001
0111001001011011
1101110011011011
1110001101100011
1111110111010100
1001111111110011
1110001010101110
0111010010110110
0111100001010111
1110011010010111
1101110010110011
0011011011100001
0101110010100110
1100001011111011
1101111010110100
1110110011010111
0011111101011011
1011111110111111
1100100011101100
1100101111011001
1111010010010110
0111111001001111
1010110011111011
1110011110011010
1110111000110010
0111001110000111
1101010001101111
0111100111100100
1100111100110011
0101011011110001
1110011101101110
0110111111111111
1111111111010011
1001101011011001
1011110011101101
1100110101111110
1111100000111011
1110100111011111
1010101011110100
1000001111111011
1111001111111000
0111011010100011
1100110011101001
0111110010110100
0111011111000110
1101000110111111
1100001011000111
0001100101001111
1111000010001010
1111011100111011
1011111001101111
1000001011110111
1111110000011110
1101001110100001
1111000001111011
1110101010010110
1011100101100111
1110101011110011
0111001010110101
1101110110001101
0001110011011110
1100111011011010
1011100101110011
1011111101111110
1011111111111010
1101100110011111
1110111111001101
1101100111011101
1110010010111111
1111000010011101
0101010011101010
0101000111100110