1011111110010110
1011001110111011
0111111110001110
1110111110011011
1101011001011110
0011111110011101
0011001111000101
1100101101110101
1101001111100111
0011011101111010
1001100111001010
0000100111111111
1101100111100001
0111001110111010
1010011001110111
1111011101000011
1001101111010001
0111110111010011
1111111100101100
0010111011111010
0101111010010010
0101101110011011
1011100111100111
1001011010010111
0101101111010111
1000110111110001
0011110101101110
1010000111001111
1111111011110101
1101111110111100
1100111011001110
1011110011111001
0110110111111001
1101110100101001
0101101100111011
1101101011011111
1011010111001011
0001111101100111
1101100100110001
0100111101111111
0110001110111001
0100111111111011
0001010110111111
1100110111101011
0011110001101101
0100110010001111
1111100101100010
1011110101000001
1011101101111111
0101111100101110
1110011000111101
1010010111100110
1111111100011100
0110010111101101
1111100100000101
1000111001100110
0111111011111001
1111110011001011
0100110010101110
1011111110011010
1100011111111111
0011111010110110
1011110100110011
1011011010111011
1110111011011011
1011101110010011
1101001111011110
0001111001011101
0011111110100011
0011011101111101
0001001111111011
1000101110111111
1001111100111111
1100111110111011
1000110011111100
1100111011010111
1110111111011101
0010110111110101
1101111101011000
1110101010110111
0010111101111001
0101010101111111
1011101110011110
1011111111110010
0010111100101110
1101110111010011
1101011000110010
0000110111110111
1011010010101110
0010110001101011
1100100111111110
0111001111100110
0111001010000011
0110110011101101
0101111100011101
1001111011111010
0001011111101100
1111110111111000
0111010000100011
1101101011110111
1011001010001111
0101101111101110
1111000111111101
0001110110001011
1111101110001110
1110001100101111
0100111110111101
1111110110110010
1011100110111001
1000110111100110
1001011110111101
0010110111100111
0111011110110100
0111001101111111
0101110101100100
0111110110111010
0110100111110110
0101001110011111
0001111010101011
0111011100101101
1011011010011100
0001111111100101
1110111101011111
0010101011011111
1101101111101100
1110110011110010
1111001100010010
1101110000111110
0001111110111001
1011011001001010
0110011011000110
0011111000110011
0111000110011110
0110000111101011
1011111001001001
0101011101110001
1011111101111100
1011111000010111
1111101011111110
1101111010000010
0011111011111100
1011000011010011
0011001111101100