1101111001100011
1001011011110100
1010001101110010
1000011111110000
1001111101011110
0111110101011111
0011101110110010
1110101101110001
0111010110011110
1110010011000100
0101110010001011
0111101000000101
0111011111111100
1110111010011110
0010111011101100
1101100100101011
0111110011001010
1111010001111001
1100111011000011
0110110000111011
0110111100110100
1111111110011001
1010101100001111
0110000110111101
1000111011010111
1000011011110111
1101100110111100
0110110110011010
0010111100011111
1101101110011110
1010111011111011
0110111101100101
1000011011101101
0111011010011111
0110110111000101
1010101100110101
1011111101100000
0011110110111101
0001111111100011
1110110000111101
1010100111111110
0111000110111110
0100110011011011
0011101101000111
0101110101111100
0111011101010011
1101011011111001
1111011000010010
1010010101011110
0011010100111010
1111001011011100
1001111100100111
0011010111001010
0010101100110110
1000110111110111
0111001011011010
0011111110100001
1011101011110001
0000111111011111
1010111101110100
1101101100011111
1001010110101011
1100001111000001
0101101111000010
1100111000001111
0101111011110011
1110111001101011
0111101001011100
1000010111011101
1110100110111100
1110110010010111
1000001111011001
1111110101110111
1100101110011011
0011010110011111
0111011101000111
0101110011111000
1111011101001011
1110010101011000
0001101011110100
1000111110100011
0110011111100111
1001110101101100
0100010101111111
0010010110111111
0100100111100111
1010110011101101
1101011010111110
1110110111100000
1110101101000111
1101100111110011
1101110001101010
0010101101010011
1101110100011011
0111000111011111
1011000110001111
1000110001011111
0111111001101110
0001001011111011
1010111110000111
1001010110101110
0111010111011001
1011110110111000
0111011110010110
1111100111100101
0011111111100100
1010010011100111
0000111111111110
0011011111010111
0101011100100011
1011111101011100
1101111110101101
1110101101101101
0101011111000111
0101111111010100
0011101111010000
1110110001011110
0001110011101111
1011101010011100
1100101111111110
1001111101101010
1110011110001101
0110011111011001
0011011111111101
0000100111101111
1111000101101010
0101111101001100
1101111100101010
1011011110110111
1111100110111010
1101010100101011
1010001110111111
1011101011010111
1110011100100111
1001101111111010
0010111101101100
1011001111100110
0110010100101011
1000111110110000
0011001101110011
1111101010010110
1111100111011011
1110010101001110
0010111100101010
0001001011111110
1001101101111001
0011101100100110
1111100000101110
1000000101101011
0111011100101101
1011110011000110
1010111001010111
1010111101100111
1101010110010111
0101101000101011
0100111111001110
1001101011101110
1001101101100100
1001100011111101
1111111001001100
1001110100111101
1111110110011101
1001110010010010
1110011111100000
0100011111111110
0001011110111011
1011010010001110
1001010111100111
0011111011011011
1101010011111011
0100111000111001
0110110111110011
0000100101111101
1110011010101000
1011101000111111
1110101011111111
0111101101000001
0010011111101011
1100110110001111
0011111011110010