1100001111111011
1111110000001011
1111111100011010
1110101101110001
1101011110010110
1010010100111010
1010111011111001
1111111011110111
1011111100110111
1000100111010111
0110110111111111
1100111100011100
1101001110001101
0111111001001011
1111101001001111
0111001110111011
1000111111011000
1011001100111001
1111110101110011
1100111101001101
1011001111011101
0011100011111010
1110000101111010
1010111001111110
0111111100101011
1101101110111000
0001010100011111
1101000101111001
0111000110111111
1101010111111010
1001101111011001
1110110110111101
0101100101101101
1111001111010110
0111110010111100
0101111111010110
0101011111001010
1110100110011011
0001100101111011
0111111100110001
1101011100110010
1110101100001101
0010111101000111
1110110001111101
0011011011101101
1110001000101001
1011011110000011
1010011110001101
1110110101110111
0011011111001111
1011000010111011
0011011101110011
1111101010011110
0011001100011110
1111101111001001
1100111110001001
1110100011011011
1100111110010100
0001111101100011
0110101111001111
1111100110101111
1110010101001011
0001101110100110
0011111100101101
1011111000111110
0011100010111111
1010101111101010
1000111110010001
1001001101111010
1110100110110110
1010001011111111
0010101010111110
0111011011111110
1110000111110011
1101111011111111
0101100111000111
0111000101100111
0001001111110100
1111001110100001
1101000101010101
1011100111000011
1000101111101001
1111100010011001
1111111111101100
1010111110100110
0110001110110110
0101001111101010
0110001100111100
1111110111101110
1011111111100101
0011001000101111
1111011111100010
0111111111010011
0111111111011101
1011010100001011
1001100111011101
0100101100101110
0111111101001010
0100111111111100
1110011100011011
1010111000101111
1100001101100101
1101110111011010
1101011110110000
1011110101101101
0111111010011010