0001010001110111
1011100111101111
0011111111110110
1101110111110100
1101101111001101
1111010010111111
1011111001110110
0011101010001111
1110111111111111
1101111011111101
0111010011101101
1111111110110010
0111111110101000
1011111111110001
0111111110110101
0111101100101111
0011111111111011
1001111000101011
0101111001110110
1111100011110100
1111001101010101
0111101111111110
1001111111111110
1111111000100110
1101000111100011
1101110100101010
1101101001110011
1011110001011010
1001110111001001
1101110101111101
1001101100111111
1001000110110111
0101110110111011
1011100101011110
1101111001001010
0011110110101110
1111111100011111
1111110101010001
1111011110110101
1101110001101011
0111111101110101
1101000101011111
1011101000111010
1101011110111110
1111100111000001
0111100101100111
0011110001011101
0111000111110011
0001101111111111
1101111101101101
0111110110111010
0111100011110011
0111101010000011
1111000111111110
1011111111101000
1101101110010101
0111000110111001
0111011100101100
1101111100100110
1111110000111010
1011111110011011
0111000001011101
1001011010111011
0011011101101101
1101011101010110
1001011001011111
1101111111000011
1111100000100011
1111110101010100
1111001001110001
0111000001110111
1111101111101010
0111011011100011
0101101111110111
1011111110101101
1011001111111100