0110011000111111
1011010110011000
1011111101011011
1010110000111010
1011101110101110
1000111101100101
0111101111011110
1110110111110001
1100101101110100
0101111001101010
1011010010111101
1110011001101100
0111011011010100
1101011111100001
1010101011111111
1110011010101010
1011111110101011
1100111001101110
0011111110111000
1100111110100110
1001011101110111
1101101010101111
1010000110011001
1100011011010010
1110111100100010
1111000110000011
1111110101110010
1101101101001110
1110111000011100
1100011111101101
0101101001101110
0111110101110011
1100010010011111
0101001011111010
1011011001111110
1110001110010101
1100110010111100
1001100011101011
1010110001100110
1110111000101011
0101111111010111
1101101110011000
0111100100111110
1110011101010001
0111110011110101
0000111111011111
1111000000011111
1101111110001011
1111001100100110
0101111001001011
1001111010101111
0011011110101111
1110101010000111
1011011011001111
1100110100111011
1001110010111101
0111011001000010
0111110111100010
1110100010001111
1111110000100111
1011101011110111
0110001111011111
1111000111000100
1101100001100110
1001111000010111
1110000111101011
0010110110011111
0110011010110101
1010011110110010
1111001101011101
1010110001101101
0110111110100101
1110100101011110
0111110100111100
0010011100011110
0110111011101111
1100101110110100
0010110111111100
0011110010100111
0101011111011110
1000011110110100
1001010101111111
1110001011010101
1011001110010100
0111101110100101
1100010111101011
1101101001111101
0011110010111010
0111101010110010
1011001101101111
1010110110010010
1111111011111001
0110111000111101
1000100101011111
1101111010111010
0110110110010110
1010101101010111
1101111101011101
0011011011101010
0011101111111111
1011011100111101
1100100111110111
0010111010111110
0111010111111111
1111101001000111
1101100101111000
1111101011011011
1010111111001110
1101101101110001
1110001011001101
1110000101111111
0101100011111010
1110010110110100
1111001101101011
0111111111101100
1011111101001100
0010110101110111
1111011100001111
1100001110100011
1010111110101110
0010111001110100
0110100111101011
0101111110111111
1010111011100011
1111101101101101
0111111000010011
1101001110010110
0111100010100111
1010101110100111
1111110101001111
1011110001101010
1001111111011101
1111011010110110
1110101010010100
0011110001111110
1101010111111110
1110100111111000
1101010101110001
0010011111101010