1111010001100111
0110111001111110
0111011110111011
1110111110011011
0011011100110111
1010110011010010
1011001110011011
1110010010001111
1110100110011110
1001010011111011
1111000011011100
1010011001110111
0010011111100011
1110110100111111
1100111101101111
1110101011101101
1111011100011110
1101111101101110
1100111001011010
1100011011010010
0110001111110011
0111101110110110
1011101110010110
1000011011100011
1110111111111100
0111101100000111
1100111111001010
0011100110001111
1001001011011011
0110111100110110
0101111101100101
0001101010101111
0101110100011101
1111001110011110
1111001000101011
0100001110001111
1010110111100011
0010111111111101
1111100010111111
0011000101110001
1111001001101101
0011111111100010
1111110110101100
1110011011100101
1110110110100011
1111100111010001
1001111110111011
1110111111000110
1111101011010111
1111001110101001
1110011011001101
0110010001110111
0101111110110100
1111111101100000
0010111001111011
1001100011101001
1101001110111110
0011001010101101
1111011101010110
1110101111010110
1101111000111001
0011100111111010
1001011001010101
0011011010011110
0111111111011011
1011010111100110
0011000110101110
0011001111110000
1101101111110111
1111101101111110
1000001111011011
0101111000110111
0010001110111111
1010111001101011
1011011101001101
1010010011011111
0111100110101011
0110100011100111
1001110111101100
0111011010001101
1011010100010111
1001101011011001
1011110011100011
1111111010101110
1100011111010001
1010110101110111
1011011001011001
0100011011110011
0001011100111101
1010011101101111
1011100011011010
1001101111001100
1110100110101111
1001100111011001
1101111001010001
1000101111101111
0110101011100010
1100100111111110
0100100101011111
1111100111000111
0011111111000111
0001011011100110
1011110001101111
1111011000100101
0110011110111101
1111010111101011
0001101111101001
1111101011011000
0001111110100110
1100100101011101
0111010110010111
0101001101111001
0100101110001101
1111101010011011
1010110010010110
1111010111110000
0101110011111100
0001011110011101
0101111010110110
1011110011001110
1110001101110001
1111011001110011
1011010010101101
1101000011011111
1001101100101111
0011101011110100
1101010011010111
1100110011111111
0100001011111111
1100111010100101
1111010010011010
1001111011100101
0100010110011110
1100011010111011
0111001110101100
1111110101111110
1101010010110101
0001010101001111
0001001011111100
1000110111111011
1111001100110101
0111010000111111
0001001111101011
0101111001111101
1011011110110101
1011010111010011
0110011011000111
0010010111111111
0000101110111110
1111111100111100
0111111001101111
1010101111111101
1111111111000011
0010011111110110
1000111001110111
0110001111010101
1011101010111010
1010111101111101
1101001001111011
1111101110110011
1101111101010110