1111111001101001
0011111001111100
1011100010110111
1111011101110110
1111111110101010
0011111111000100
1011111100011000
0111011110001001
0111101011001011
1101001001101100
1001011110011111
1111100011101100
1011110101111000
0111011101110011
1101111100111111
1110111111111111
1011101101111010
0111110110111100
1001001110101111
1001111111001101
1101111110010011
1101100010011110
1101010111110110
1111010111111101
0011111101001100
0111101100011110
1101100101001100
0111111010011100
1111110011110011
1011111010011011
0111111001011110
0111110111100110
0111011011110100
1001001111101010
0111111100101001
1111001011001011
1101000011111010
0011101010101110
1111101110011101
0011011100010111
1111111100010100
0011110001111011
0011011010110011
0111101111111100
1001111011011111
0001111010111010
1101100011111100
1001011010111001
1011110010110101
0011101001111111
1111110111000010
0101011110110000
0111001111111111
0011111101010001
1101111011001111
0101011001111001
1101011110100011
0101111101100110
1111010100111110
1011110011010101
1101001011110110
1011101011101011
1111101111101001
1111101111100111
0011101111110011
1001101010101100
0001110110011101
0101110101011101
1101100111110100
1111011110010101
1101001011111000
0111110010001001
1011011011100111
0011011101111101
1111000111110111
0101111111100101
1001111111110111
1001110111101000
1101111011011001
1011111001011111
1011011011111110
1001100010111001