1011111010101101
0010100011011111
1111011110111110
0110011100111011
0110001001101110
1010110101111001
0010000111011101
1000110101110011
0110100101111100
0000001101111101
1111101111110010
0001111010101111
0111111111100110
1100100000101111
0000010011101111
1101111101101010
1001011110111011
1111100110111000
1111110001110111
1111101011101101
1111011011111011
0010011100101111
1000011111110011
1010110011101011
0011001100101001
0101100101101110
1010001100111001
0001110111011111
0011100011111011
1101111110110011
1001110010011111
1101111100111010
0111110011110011
0100011001101101
1001111111111100
0110001000110111
1011100110110111
1111110010110111
0000111011111101
0100111111111011
1111010011101100
0111110001101111
1111000101101111
0110010111110101
1111110110101100
0011001010101111
1010000111111110
1111110100011011
1101110011011101
1101000111111011
1101111010110110
1101010001011110
1001010111110001
0000011110100101
0100111100010111
1111110000111011
0000011101101101
1110100101101110
1110100100101001
0110110101111000
0100001110101101
0110101111101010
1111111001011101
1101101111011111
1111111101100010
0010101101010011
0111101110111110
1100101010100111
1110110011100100
1011101011110101
1110110111011000
1011110101010101
1111010101111101
0011111101100101
0110101111101001
1111111000110110
1010010110101011
0000111010011111
0100011100101101
0101101111111011
0011101010011001
0001011001101101
1000111000101011
0001001000110111
1111111000101000
0100011100110111
0111111100011101
1010000111111001
1110110110010110
1101101111111100
1010001111100001
0011011111110011
1110010101111111
0010111011011110
0101001001101111
0101001111100101
1011011011110100
1010110000111110
1110100001111000
1110011110010111
0010011000110111
1111101111011110
1100111110011011
0001111011100011
0011110101101001
1111101010010101
0011110111100111
1000111010111110
1111111111001111
0111111001101011
1111001001111100
0111111110110001
1101110111100111
1110111111100000
1011011000010111
0001011101011001
1110110110011101
0111011000011111
1100111001110101
1100110001011011
0111110110111111
0011010011010111
1111100111100111
0101010111101110
1100100100110101