1101111110100100
0101110111010000
1111100100111110
1011111010101100
1100110110111101
1001011111110001
0001100101011110
1101111000110001
1100100110101011
0011110110001010
1111101111110011
0011100001111111
0001011111111111
1100001110110100
0001101111100111
1111111110000000
1000110111010001
1111000001011101
0100001110111110
1011011110000111
1101111011101111
1001101110011000
0001100111011000
1010100111100111
0110011111001001
0011011001111101
0110111101100101
1001000111101111
1011010010111100
0011100110110110
0001111011011100
0010100101111001
1011010011110111
1010010111111101
0100101110100111
1001110101011100
1111010111111011
1001111101111001
1000011100111101
0001110100011011
0111000111111101
0010101001111110
0111010101001101
1011100100101001
1001110100110101
0100111111101011
0001111100101110
1001101001111101
1111000111110101
0111110101001001
0111001010100101
1100111101110011
1111011000110011
1101111000111000
0101001110101111
1010101111101110
0111011101011110
0100111100110101
1110011101111011
1001100111101101
0001110101111100
1100100111001100
1111010101011110
1011101001101111
1000111011010010
1110101101100110
0011101010111011
1110100010111001
1110111001110100
1010101100010111
1000111011110100
1110110011100010
0101110010111011
0101111110101011
1011110110010101
1101110110011101
1110101111001000
0011110011000111
1010100100011111
0100011100101111
1000100101111110
0101011111011100
0001111101100011
0111000111001111
0111011011100011
1100111100100101
1101000100100111
0010100101011011
1010011111000011
1110001110011011
1100011111001010
1110010111011101
1111011011001010
1111111101101100
0010010101110111
0010111110001101
0111110101010101
1011111101110010
1010011000001111
1110110110101001
0111010001011101
1000111000010101
1000011101100110
1110000110011111
1011011101101101
0111011010001110
1110111010001110
0010111101111010
0101110011011000
1100010100100111
1001011011111001
0000101110111010
1100001110111010
1100011010111100
0111011101110101
0111010000101101
1011001010001111
1101111111000111
1100101101011111
1001000111111110
0111111110111100
1000110111100110
1110101000111000
0010111010111110
1101111101100010
0011011111101111
0111101100100111
1011101011010111
1111101010100110
1100111110011010
0110011011111101
1001101101111010
0111001111001101
1111101001011011
1110000101111111
1100001000110101
0100100011111001
1101011100001011
1110011011110100
0110111011110111
1101101010110100
0010110110100111
1011100011110111
1011110011100101
1010110001000110
0010000111110110
1111011001111010
1111011011010111
0101001101001011
1011100110010111
0101011100111101
0101110101100111
1101111101001001
1110110110011110
1101101001111010
0111110111000001
1011100111001001
1111011100111110
0100010110110110