1111111110100001
1010011011111010
1100110010001111
0011011101101011
0011000111111111
1111111001000101
0111011001110111
0100001101111111
1111100110011101
0101110010001011
0111110010111001
0110000101101111
1111110010101101
1101111100111110
0010011101111011
1011111110001001
1110111111111101
1011001110101011
1101111011111100
1111010110111011
1101000101111111
1111110111010111
0111101101001101
1000011111110010
1111011100111100
0111001100111010
0011111001001001
1000001101111111
1100011101111010
1101100110111101
1011111000101011
1000111110011111
0110011011101011
0011111101111110
1111011001011001
0010111100011111
0011010011111110
1101010111100001
1000010011111011
1101100100011111
0100011011111110
1111011111101110
1101111110110011
1010001101101111
1101110110011001
1111110100101001
0001111101011101
1101110110101100
1001111101111001
1101011110111111
1010111010001011
0101111100111001
1011110111101101
1011011001111111
1010010111011111
0111111110110010
0011111111110011
1110011001011111
1110011110111011
0100111111010111
1011111011110011
1101111001110111
1101101101111011
0011111010101110
1001110111110111
1111010101111000
1110010111110111
1111001110101001
1101010001111001
0110110110011111
1111111000110011
1011010101111110
1111111111011110
1011011110110100
0001111011000111
1011011100111011
0000111111111111
0110101110001011
1111101111110111
1101111001001101
0010011111001111
0111111011101100
1101111110111010
0001001101111111
1111101011111111
0111011011010111
1011100111111011
0010111011011011
1101101110001011
0111000111001111
0111011101011001