0110101101011110
1011001111001010
1011010110111010
0100111111011101
1110110101101011
1101011000100011
1111110111110001
0101111111010011
1010111011111001
0011101111101110
0010111101010101
1101011110101001
1111000011111000
0111010011101100
0001011010011111
1111101111010110
0101100101010101
1100111000001011
0010111111110000
1111011101000011
1110000101100111
1101101111101101
1010111001011100
1101000101100111
1001111101011101
0101000111011001
1111110100010010
0111110100000011
0011011011111010
0101110001001111
1011110011011101
0010110111000110
1110011011000101
0000110110101111
1000110001101101
0011110101110100
0001101101000111
0110110001101111
1111110000001110
1011010101011111
1010111011011010
0011110011111110
0010111111100011
1111111110110101
0101111001101101
1011111011000000
1010110110010111
1111111100011101
1110111011001100
0111010001000101
0111000101000111
0011110111000101
1011010111001101
1011100011001111
1011111100101111
1001111010101111
1101110000000111
1001100111100011
1100111000101101
1001100101111101
1111011011011000
1110011111011100
1101111111111110
0100111000101011
1001110010111111
0011001101011100
0110010001110100
1001001001111101
1011011100110111
1110100101111001
1010011110110011
1011101001100011
0001001111100011
0011111101111001
1011111000010011
0111010000000111
1101111010011001
0110001101100110
1010101111101010
0111111011000001
0001110101110111
0011111000011011
1110010110011001
0101001001001011
0010101101011111
1011011001011011
1011001111100000
1011001101101111
1111000011110110
1110001011001011
1111001001101001
1110111110111110
0011100101110110
1010110101001110
0001110011110101
1010011100111101
1010111011010101
0110110101011011
1001111110010011
1110010110101111
0001111001111101
1100100111110111
0001000101111111
1111101011011010
1111100111101100
1110110011101011
0001001011111101
1011011011011101
1111101101110100
0110001011010111
0110110110111011
1001011111010011
0010111110101011
1010011101011010
1000111111000111
1100011001000111
1111101110111111
1101001001111001
1111111101101010
0100111001110011
1110101001000001
1101011001110001
0001111110001011
0111101111111010
0011111010001111
0001010101111011
0010111000110011
1010011111100011
0001110110101001
1100010100110011
1100110010101111
0110110011111001
1100010111001101
0100010010111101
0110101001100001
1110000101011010
1110001011100110
1011101011100110
1011111110100010