1010101110101111
1001100111101011
1101101010101000
0101010100110011
1111010001100111
0010101110110011
1110111001110111
1011110010100001
1111011001100001
1000111011110010
1011011110100011
1110111111111101
1001110111111100
1001111000111010
1111110110100100
0111110111111110
1001110010111001
1010111011100111
1110110110111011
1101111001101110
1101110101101101
1101011010010100
1001001111110101
1101001100101101
1111100100011111
0001111011011101
1111101101110111
0010111001101110
0101000111101101
1010001011101110
1101001010101111
1111011011000101
1110111111010111
0100101111110011
0111100011101101
1001110111101001
0110111100110010
0111100110001101
0111111001100110
0001010101110111
1101011101011110
0001001111111010
0101011001110111
0111000011101111
1011010010110111
1001110111011110
0011101111000101
0011111101000111
0011111101110000
0001111010001111
0111010101001111
1110100101101110
1001010101100011
1100101100011110
1011111110111100
1011100111011111
1101100011101101
1111011010100110
0101101010101001
1111001010101011
1101011000111011
0111110011011111
1101110111101110
0000101111111011
1101011000011101
1010011001111010
0010101010011110
1010011100110011
1011011101101110
0011011010111101
1001101011111010
1111110110010101
0100111111101110
0111100011111001
1011000110110101
1110110011011110
1100001100111111
0001110101001111
1011110111010101
1111111111011011
1101111100100011
1010011101110110
0110111011001110
0111111010110000
0001111100011110
0100101011111010
1110110110101111
0000011011111010
1111010001110001
0011011111110011
0110100110111111
1111110101100100
1001101010001101
1001111001101111
1001011111100101
1101001111001100
0011000011111011
1111011111110010
1010001110111110
1111010101010110
0111101110111010
1100100111011111
1110011111100011
0101111110100100
1010101011111011
1111101111110110
1111001001111101
0111101001111111
0100111110111111
1111011100111000
0110111010100111
1001110110101101
0111001111101100
0011111001110100
1111000110101111
1111110010111110
0001111001111111
1110110101001111
1100010101011111
1101101100001100
1011100110101110
0011110110111011
1010010011111110
0011011110000111
1001001111010111
0111101010110111
1011000011110101
1010011110101111
1101101001111011
1010111010110111
1110010000011111
0111100010111111
0110011010111110
0110000111110111
1011101011100111