1111010010101111
0111110110101100
1010110001111101
0111011100000111
0011000111111110
0110000110111110
1110110110100110
0010011111000111
1100111000010111
0011110010001111
0111010011101101
0110100111111101
0111100111111100
1011011101011101
0111110101111111
1101001110000011
1101010001110011
0001000111010111
1010111111101100
1011110111100100
1110110100111011
1111110110000111
0010101111110110
1111011101110100
1101111111010101
0011000111110011
1001011111001011
1111101011100010
0011111101110101
1001110100111001
1110011001101101
0110001110010011
1110100011100001
1011111111000001
0001001010111111
0010110011100111
0111110110011001
1111101010110010
1101110010111100
0111111011111011
1111110110110011
1111001110010101
0111101011100101
1111011011011111
1111111101111010
1011000011111011
0110100111111010
1000110010011011
1001101000111101
1011000101101110
0001011101111011
1001011010110100
1111100001110101
1111111111011110
1100110110110101
1111101001100011
1110101110101111
0100110110111110
1111101011010001
1110101101111111
1010011110011011
1001000011110101
0111111001111111
1001111110101100
1101110111101111
1010111111101010
1111100011111100
1111011111111001
0101111111110100
0101101110010111
1101101110100010
1011110011101100
0001111101001011
1111101101000111
1111100101011111
1011111001110101
1111010100111011
0010111110101110
1100101011110010
1001100111011001
0111101111001101
1001101001011111
1011010101111011
0000111011001101
1111011111111010
1000011000111011
0101110010110101
1011011110101011
0111100111000111
0010011111111110
0101100011111111
1000101111110101
0011101100101111
1111011010101101
0011011110010011
1011111110011101
1011111110100111
0110111111110000
1100111011100110
0111111101111110
0110110010101101
1100111000110101
0100010111111011
1111111100001101
0101011110111011
0110000010111111
1000100011011011
1100111110110011
1010111101100110
0101011011101110
0101011110100111
1100010111011011
0011111111110100
1100110101110111
1111110101001111
1011110100101001
0010111010001111
0011010111001101
0110010111011011
0111111111010001
1111000101111100
1110111110001001
0000010010111111
1111100001111001