1010111101011010
1111110010110010
1000101111010011
0000101001111111
1010011011001001
1110011110111110
0111101100101101
0110101111111000
0111010101010111
0001101011011101
1011110101111001
1010010110111011
1011011001101010
0111011010011100
1011011111010011
1110110101010111
0001011010011111
0110111110110101
1101111111101011
0010111110011111
1100011110110111
1111100011000111
0101111011001111
1111100110111000
1011101001101011
1101001011011111
1110111100101100
1000001101010111
1110111010011000
0100011111110001
1111110110011010
0111001001011011
0110110101110010
1110111100111011
1100111010110001
1110011001011010
0101010101101111
1110100010010111
1001011110000100
1110101000110111
1111110011001001
1110111110100101
0110111101010010
1010101111010010
1110111100110101
1111001110110110
0100011001110110
1101101111000110
1010101101001100
1101111010110110
0011010001101111
0110111101111100
0101111011111100
0101111011110010
0111111111000000
1110011001010011
0111111110111011
0011010000011111
0101111110011100
1101001101101111
1100011111100111
1110010111111110
1000101000111110
0100111101111011
0111111101000111
0111001110001111
1110110111000111
0010011011101110
1111110111000110
1101100111110011
1011001101011011
1110111010101110
1111110110010100
1011000001111110
1011110111110111
1010110110011111
1010111011110111
1100101001010110
1011001001100110
1011011101101100
1110010111111101
0011111111111010
1110001111111101
1011000111011010
1101011011110101
1011100110111111
1001001101111010
0110100101101111
0101010101110010
0100110111100110
0011111100010101
1111111001000111
1010001010001111
1001101111001111
0111111101010001
0110001101011111
0011011000011101
1111100010101101
1011011001100101
1101110111011111
1110101101111011
1110001111100111
0110101101001111
0010111011011110
0110010100001111
1111011001111100
1101011100111011
1101101011101111
1011111000101001
1100111011100110
1101100101111001
1000011000011111
1001111111110010
1111110101000011
0111111010100101
0110011111000100
1111110100010001
0000001111110111
1111101111110101
1100100100101111
1100111110111100
1100111100010110
1111011110111001
1100101110111010
1101110000111111
0011111111110100
1010010011111111
0101101111010011
0011111001101011
0010111111011101
1111000001111010
0111010110100111
0111101011101111
0100101001110110
1010010111101011
1001010100111110
0110110001011010
1100110011111011
0111110111111101
0100101011011010
1111011010010010