0101111101111110
1001011011110101
0100111111011100
1110011111010101
0001101011011101
1111001111101101
0011111110100100
1000011001101111
1011110111111011
1000101011001001
0100111001110111
1011111011100110
1111011110111101
1111000001011100
1111011001111011
0100111111001011
1101110111100010
1101100001111010
0111111101000100
1110101100000111
0111110111011100
1111100011110101
1101101011100011
1001110001101110
1111100111101111
1111111001001001
1010101110010111
0001101111100110
0111110000111011
1110000101111010
1011111110001110
1001111110110100
1110111110000010
1000011011000111
1101001111111110
1000001111111101
1011100100110111
0000110101011101
0110101111010000
1100111010101111
1100010111100011
1100110011011101
1001111110001001
1111010111001110
1101101010111111
0111101011011000
1101011011001001
0101111011110010
1110110010110100
1111101000101111
0101111110010010
1100110110101011
1101110100010111
0101111110011101
0111011111111111
1110000011111110
0111111000001111
1110110010101111
0100111010111101
1101001111000111
1001101011100111
1001111000101101
1011010011011111
1011011111001100
1011111111110011
1110110110101001
0100111111101110
1000111110111111
1011111001110101
1101111111000101
1111001110100011
0110111100111111
0111100001011111
1110100010011011
1101011010011111
1010100101110111
0110111011110110
1001111011111010
1010111111111110
0101111100101001
1010111101001001
0100110011111101
0110101010110011
0111110111110111
1101101101011111
1110010110011011
1110101100110011
1110110101001101
0001101110111100
0001101111110100
1101100011110011
0111101010010011
0011101110110110
1001111011100101
1001010100100111
1111011001100100
0111101110001000
1100111110110011
1010001111011001
1110111101011110
1111110111101100
0010111011111111
1111110001001011
1100010110100111
1101111101100000
1101110010101110
0010101111101101
1010010011111101
1110010010111111
1011010001110110
1010011101001101