1111100101001111
0011001111100111
0011101010010101
0111011110000111
0101011010101011
1101110100111101
1100011101011011
1101100100010111
1001110011110111
0111011111001010
1101100001011111
1011011001101010
1011111111000111
1101101000001001
1001001110111101
1110001011011011
0000111001111110
1111110001001111
1110011100011110
0101100011101111
1011011011001010
1000111100011010
1110110101110011
0011001001111111
0001110101011010
0011101001100101
1111010011111111
0001011111110011
1110110110011011
1010111000110110
1011101100001100
0011100101111001
1011110101100111
0111011101101000
1100110111101011
0011011111100101
0001011110110110
0111011101000100
0100110110110010
1010111001110010
1110001110110101
0010111000101111
1011100111110011
0110110110011110
0110100111010101
1101011011001001
1000111011011101
0111111101110011
0011110111110110
1001101110100111
0011100011010111
1111100111110100
0001110110111010
1010011001011111
1111100111101011
0000101111101100
0110011111111111
1111111011111100
1110101101111111
0101100101111011
1101110001101111
1111010111111110
1011110110001001
0101111011110001
1110010101011001
1000111111010100
1111001101010011
1000010101011111
1101001110111000
1101101010100111
1110011001001011
1010011010001110
0001100101101110
1111111011000101
0110111111101011
1110111111000011
0101101100001111
1011111000010001
0101111101101101
1110110111100111
0011011100011110
0101101000101110
1010100110111111
0111100111011010
1100101010111011
1011111100100000
1110101111100110
1100111110101001
0000111110111000
1110011010011011
1011111000101011
0111101110010000
0101111100011100
0111011110101000
1001011101111000
1000001111011101
0111001101111001
1111111010010110
1001101111001111
1011100110011101
1001110101001100
1110101110010100
0111100110111110
0111101101101011
1011110100011111
0101100111111010
0010111011011110
0111011011100111
1011000100101111
1000111110100110
0101001111101010
0111001100111100
1010011010110010
1010111101100101
1011011110010101
0100111110001110
1001011111110101
1011011110101000
1101111110110001
1101111011110110
1000111011001110
1011101011111011
1010010110111101
1001000110111111
1111110111010010
1111010101001111
0001110101001011
1101100011000111
0101101101110100
0011111011110001
1110000110101111
0111011010110011
0111110101011101
1000101110011101
0111100011000111
1110111101000110
1011110111110101
1111001000111101
0011011101001011
0011111010100111
1011110101010111
1100110111011011
1100011110000110
0110111011110001
1110101011001101
1101001101111111
1101111101010110
1111001010100001