1110110011110100
1110100000010111
0100001001111011
0110011100111011
1110011110111110
0101101011010100
0101100111101000
1001111011110011
1111100101010101
1010110110101110
1111000110110110
0011011100110110
1110010011111010
1111101111110011
1111000101111011
1010101101111011
0101101011101001
1011111101101100
0110111001111101
0010001110110111
1100111101101011
1000111100101111
1111010000101101
1000111101011100
1100111001101111
1000111111011001
0110111110010111
0011111111110000
1100011011010010
0011000111111100
1011101110010110
1111101100011011
0111100111001000
1111010001111010
1011110100010100
1110110111010100
1111111011001111
1101101010111100
1101010111111010
1110110111001000
1101110111100000
1110010011100110
1010011101111011
0011110101110101
1110100000011100
1100000101011111
1110111101100110
0001111010111010
0010111101111100
1101010111010011
0101010001111110
0100011111101101
1010110111101101
1100101011100101
1101110100111001
1011110100110000
0010101101010111
0110011101110111
0000111100011101
0101101000111011
0101011011110111
1011101010011111
1100010001110111
1100001101101110
1011111110000010
1101111110001011
0101000111101110
1101110111010110
1010001111010110
1011110011010101
0111011101011110
1101010001011111
1111011111110101
1011011000111110
1111001101011011
1101110110101010
1110001100111011
0010010110011111
1010111011111111
0010011111111011
0110100111111000
1001101001111100
0101110110111111
0011001100011111
1011101110110101
1010110111111001
0110110111101110
1110010100011011
1010111111101011
0100111011110000
0001101111111011
0110010110110111
0111111010010000
0011110111010010
0101111101110101
0001101010111101
0111101110111110
0010001101001111
0101110111100001
0011001111110110
1100110111010011
1011100110011100
1011111100000110
1111011110101110
0100110111111010
1110111100110011
1011010111000110
1111010110011001
0011111111000111
1001000001101111
1011110110100110
0111100010110111
0011001100111101
0100011011111110
1110011110001111
0110000101011101
1100111010011000
1110111111000111
0001011011111010
1011011011100011
0111010110010111
1000111100111100
1110011011101011
1111110100101001
1100101011010101
1100111001010110
1111000110011100
1110001011010110
0000101111110101
0101111000011011
1011111010101000
1000111111110011
1001110110111111
0111100111000101
0100001100011111
1110000111001101
1011011011011100
0001001011111100
1111000100111101
0001011110111000
1001100011011001
0101111101101001
0110111110110001
1101001001111001
1101110011100011
0110111001110111
0111101101000110
0110111101001011
1001101011101110
1011011001111000
0011010100111101
0011111110110011
0111011000110111
0001111111001100
1101101010101011
1001111000011010
0010101111010101
0101110101100110
1101000001110111
0101111011100010
1101111110110111
1011110001010010
0011100111101010
1110110101010101
0011011110011001
1110011101111100
1001101001101101
1101001010011111
1111111101011001