1111101000001010
0010001110101111
0110011001001111
1111011100010011
0101001110110010
1101001001011101
1110110110011111
1011011011010110
1101101111001100
0010111111010101
0011101010001110
0110111111100000
1111010100110001
0010110101101110
0111111100000011
1010111111100010
0011011111100010
1111001100010111
0001011110101111
1100010110101100
1110110101110011
1111001111011011
1101111001000111
1111010001111010
0011111001101101
0010011001111110
1110000101011111
1111001111001101
0010100111011010
0110001111110101
1101110011110100
1111011100010110
1101110111111010
1101111011111010
1000011110101100
1011101001111011
1011010001111011
0111010111101100
1111001101111001
0011101001111101
1010100011111001
0001111011000110
1101111011100001
1001111111001000
1001001101011101
1011111011000011
1010000010111010
1010000101110101
0001001011011101
0111000111111001
1010100101101110
0001110011101101
1011001111100010
0110001011011101
1010111011110111
1000101011111011
0100100111111001
0111110111110101
1011101100011101
1100011010111101
1111100010000101
1101011001110101
1001111000101011
1110101010110101
0001011111010110
0111010011110011
1001110110111100
1001010011101011
0111101111000000
1010011100111101
0000101100011011
1011011111000010
0001100101011011
0110011011110011
0010011011011011
0110111100001010
1011001110100101
0111000111101011
0011001110010110
1010111000111011
1110101010010111
1110010101010101
0100000101111111
0110111110011101
0110001111111001
0011011110110001
0111011101111010
0110110011111011
1010100111010100
1011100111001001
1100000111011111
1101111001101101
0111001001101110
1111100100011101
0100100110111111
0101111111011100
0101100111001110
1111110010010010
1111101011110110
0110110101011101
1111010010101101
0010011101100111
0101011111101010
1110011100001010
0111001101110110
1100111011110101
1010000111001111
1001111011001001
0011101101101100
1011100101011110
1101001001111110
1000111100101100
1010100100110111
0011110110011110
1111111101100110
1101101011001101
1100111001111001
0111000110100110
1010111011111100
1111011111010001
1011001101100101
1110111011001100
1100111110010111
1100011100111100
0011100110101111
1010101101100101
1110111101100001
1010011011111001
1110000101101101
1111100110111100
0001111001110101
0010101010111010
0101111111010001
1010010111100111
1110111010100110
1111000110110001
1111010110001110
1010011100101011
1000111101110011
0011110101001001
1001111010101001
0010111111001110
1011011110110010
1110100001111100
0101111101110100
1010111101110010
1010111011001111
0011111101111010
0100100101011111
0100110100101111
1001011011000101
0111110101010110
0110011110111100
1011101010011101
1101110101111101
1101010110001011
1101001111101111
0111010111011111
0110110111110111
1011010110101001
1011100101100001
0001101100111100
0110111101110100
1100111101011101
1101111111010010
1011010100011101
0011011010100110
0100011011001111
0100101101101111
0100001100011110
1110101100010011
0101010100101110
1001101110110111
0101011010011101
0101111011101100
0010100110111110
1000011101101101
1010011011011110
0011011111101000
1100111010001111
0010101011011111
0011111110000100
0011101101001110
1110100001111011
0101101010100101
0011000000111110
1011011001010101
0100111110100111
1111110001010001
1101110101110111
1110101100011101
1110110110101011
1011011101011011
1100111011111100
1110100110101101
1101111101111010
0010001111010111
0111101101110011
0000011011101111
0101111011111011