1110101000111101
1101110010110111
1011111101011011
1100010110101111
0011001100110101
0111111110001110
0101011010010111
0110110101111110
1011110001111110
1111110011101101
1001111100101111
1111001011011010
1110110111001111
1011110100110110
0111100100111000
0111111111100010
1111111111001011
0111011100011111
1111111011110110
1001010111101101
1011001011101110
0101110111001111
0101011000101111
0111110011010001
1101101101010101
1011110010111010
0111010101111111
1001011100111101
0011101110111001
0101110001101011
0011001010101111
0111011111111001
1011011110100111
0011111011010101
0001101110101101
1101001100110001
1111100100000100
0001101011110111
0011111011111011
1111110001111100
1110100100110110
1001011111111001
1110100101010111
0111100110001111
1110111001110101
0111101010111001
0111111111011010
1101110000101011
1100110100010111
0011011111001110
0110001111011110
0001110100110011
1001100111111011
1101111111111110
0110101111110111
0110011011101101
1111011001000101
0011011001101111
1011011111001101
1100100010111111
0111010111111010
1110100110101111
1011110110011101
0111001001011101
0011110110000111
1100011011001101
0111101111001100
1101111001010001
0011110101110010
1110011101111111
1110001010100111
1011101111101010
1111100011111110
0111111100011101
1101111010000101
1010111111111111
0111001100101110
0110010111011110
1011101001110101
0111100101110100
0110011011011100
0111101001101110
0011011101010101
0101111111110001
0101100010101111
0100011011001111
1001110101000101
1110101101110101
1001110001111101
0001110111010011
0101010111111011
1011010010111011
1110111111111011
1111001000110001
0111111101101101
1011100110010110
1111000111111111
1011011011011110
1001101010111101
1011101010001111
0001111110111001
1101101111100111
0111101010011110
1011100111101101
0111011010111100
0011101100111011
1111010010110011
1011101111111100
0001101101101111
0011111101100011
1110100110010110
1001110000111011
0111101010011101