1111100110111110
0111000111110111
0101110101101011
0011111110010011
0011100110110111
1100111010010111
1101111111001111
1111100000110111
1100011101111011
1100010101100101
0110001101110111
0011111111101110
1111011111101110
0111110101110011
1011110001110010
1111101011001000
0111011101010011
1100101101101010
1101101001110101
1000000111111011
1101111000111111
1110011101010001
1011101010011111
1101111111110011
0011110011111100
1101101101010111
1111011011111111
0011111111000011
1110100011111111
1110111111011110
0111111001100100
1110110010101110
0111110100010110
0111110011011111
1101110111101110
1011101111010111
1110110110110111
1010011111000011
0111001110001111
0001111010111111
0001111011110111
0111110101010100
0011111010000111
1011111000010011
0010100111111100
0011010101110111
1000111110111111
1110010111110010
1010110111010101
0110101111101001
0111001101011001
1011000101111000
0010111111111011
1101101001101001
1111111110111101
1010111011110001
1001111111101111
0100101111101110
0111111111001000
1101011101111001
0011110111111010
1110111011101101
0000000111111111
0111010111111110
0010111001011111
0011011111110100
0010110100111111
1101010111111100
1010111101100111
1100110011111000
0110011101101111
0011001111101111
1011110111101111
0111010110111111
1111100111001101
1110010101100001
0010101011110111
1111111101000111
1001101011110111
1001100001011110
1111101111000110
0111110111110010
1110101011111110
1101010100011010