0111110110101101
1111000010101100
1110100100111111
1111111100011010
0111011001110111
1000101111111111
1011011011010111
1110001100110011
1110111111111101
0111010001101101
1110110101010110
1111101111010110
0001110001111101
1111111001010100
0111101101111110
0110010111110111
0101111010010011
1110011100011111
0011010011111111
1111100001101110
1011100101011111
1010111111011011
0011011110101101
0111011101101001
0111000101110011
1111011001011111
1011110000101110
1111111111000101
0111011010010111
1111010100001101
0011011111111110
1101011111100100
0011101100110101
1111100000111101
1001111001100110
1010110011111011
0111101010100100
0011111011111011
1011111110011011
0111110011101001
0011111101110001
0011111111100000
0101100010111100
1100111001111111
0101101011101101
1110100101101111
1011001111010111
1111100011100100
0001110101101011
0011100100111111
0001100001110111
1110101101000011
1011010100010111
0111000101111001
0111111110011110
1011011111110101
1111110111000110
1110101111011010
1000111110111111
1111111001111011
1111111011111010
1110000110111011
1101111101111000
0011110010100110
0110111111110110
1001001011111111
1110001101011111
0111111101111100
0010101110111011
0110011110110011
0110111100111011
0001001110110111
0011100110111001
1011100110101010
1100011110111111
1011111110011101
0111110001011111
1101111110101111
1111000110100111
1100101011101110
1011111101100100
1110011100100111
0101001011111111
1011011011011100
1111011111011011
1011111011001011
0111111111011101
0111111101100011
1011010000110111
0111101100001111
1011000111101111
0111110100011111
1111011001111110
1011101101101110
1111011101110000
0101110011010011
1011010011111110
1001100011111101
0110011101111010
1111000111111010
1100100111010011
1110100011101111
0111111110101011
1011110111010011
1101010111111111
1011110111101000