1011111011111000
0001111001011111
1110111111111111
1011101001111111
1111011010110111
1001100101010110
1111000011011101
1111111000111001
1101011110110110
1111100000110110
1101111010110111
1111100001101110
1111111111001011
0111111011100110
1011110010011001
0001011011110111
1011010011001111
0101111011110100
0111001111101111
0111011101101000
1001001011001111
1111110110110011
0011000111111011
1101010101100011
0001010111001111
0001001111111001
1111110001100111
1011011101101001
0001011110011111
1001111101110001
1001010101111010
1001111010011110
0111101011111111
1111111011000111
0111001100011101
1011001111101110
1011111110111100
1111011001101010
0011101111011000
0101111111101110
1001011101100101
1011101101100110
0111100101011000
0111111111110000
0011111010111011
0001101101101011
0011110001001111
0101110001011101
0111111100111110
0001011000101111
1101011110111001
0101110011011001
1101010011011011
1011111100011011
1111101001111101
0111011001111011
0101101101100111
1111111010010101
0011111101011100
0111110111110111
0001010111011001
1001101101011000
1101001010011110
1011011110110110
1011110111101101
1011001110111110
1111110111110101
1111110111010011
1011011101100110
0011110110111111
1001010001111111
1111001111110111
0001001111011111
1101100110110110
1111111110101101
1111001001011110
1111001011111000
0111011110110110
1101001010101010
0111100100101111