1101111111010110
1100110110111101
0110111011011101
0100001111001101
1111111000100100
0010101010001111
1101010110001101
1011011010100111
1010111001011101
1110100100111101
1110011111110101
1111001011011010
1101101101101000
1110110111001111
0000111111101111
1011111100111100
1001110111110001
1010101111000101
1111111100111011
1100001001111111
1001010110111110
0001111111100011
1111101111100100
0100111111111010
1001110111101001
0011101111000110
0110001010111001
1001000101100111
0111110111100000
1010011111101011
0101101101011111
1100001101101101
1011001110101111
0000100110110111
1001111111100010
1011011101101001
0111111010101001
0001111010011011
0001111011111110
0011110111110110
1001001101110101
0111010101111001
0100010111111101
0000111110111100
0111011011101110
0110001000111111
1111100111110100
0111011110001111
1000101111110010
0011111011010111
1111001010000101
0110111111100101
0010001111111100
0111101110000111
1100001100110110
0011001111011000
1111101100001111
1001110100101111
0010111111001110
1110111111101000
1011111101010000
1111110011111111
0110110111101111
0110011001111000
1001111101010101
1111011101011111
1101110101111110
0111011110110001
1100011001101111
1101111111000101
1001101001111011
1000101110111100
1000011011011110
1111111011000110
1111001110101100
1101101011001011
0001110101001111
1010001011011001
1101011011110101
1110111010001110
0101011100101100
1000111111010111
1110111011100001
1110110111111001
1101101010100101
1111111101001101
0011011110111111
1111110101011010
1111101111000011
1111011010101100
1111101001111110
1001101111101000
0110110100011100
1011111100101101
0111111011110101
1110011111110011
1100111101011101
1011111011010101
1010101011100111
0111010111111110
1111100111100010
1110101111011110
0101010110011111
1000011011011001
0011111101010001
0010111101100010
1101101101110001
0101111101011000
0111101111101100
0001110111101100
0111110110111000
1111011111100000
1101111010111000
1110001111101011
1001111011100111
1010111011100010
0101001101101001
0010101110010111
1101111001101010
0011101101111100
1000001101111011
1111110110110101
1101011101111010
1011011111001111
1011100101100110
1011011111100010
0111001010011101
0101011011111011
1100100111011101
1110111010010010
1001100110011011
0111100111110101
1000111000111101
0101111010101111
1100101011110100
0101001111011110
1011101101010011
0100111101110001
0111001111100001
1001111011011010
1111001110011011