0111110111011111
0011101111110101
0111001110000101
1010110100101111
0100110010111100
1000110111111101
1011011110100011
0001101101100111
0001001111111101
1011011111011101
1011111101101100
1101111100011101
1010111110101011
1010001110011011
1111100110111101
0100111010011100
1110110100111010
1111001101010101
1011101110101101
1110111100000101
0110001111111100
0011100101100111
1111000110000011
0101011001111011
0011101110101011
1001010111101100
1011111001111101
1111011000110101
1111010111111010
1010010101110111
0100111111111011
0010010000111110
0010111100111011
1100111000101111
1111100110101010
1011010111100101
1011110101111100
0000011011111111
1011101011101011
0101001011101101
1100111101011010
1100111001100101
0001111110110111
1111101001100011
1101111101101011
0101001101111101
0111110000110100
1110101101111101
1101110100010110
0110101110111101
1100101100011110
0101011001110101
1000011101011011
1100110011011110
1100001110111101
1011011101101111
1110111101010110
0101001110101101
1101010110011111
1001101101011100
1100110101111111
0111111100011111
1011001010110101
1010111111110011
1001000000111111
0011111111011111
1101010100111110
0011100000111111
0111011011111010
0010010111101111
1110000111010111
0111101101110100
1100001111110111
1001000101111101
1001111111110101
1110001100100011
1001101101011010
1011000010100111
1110100001111111
1010101011101110
0111011101000011
1001110110110011
1001011110101011
1110110110010110
1111100101010011
1100001010111111
1100010011110101
0101111011100101
1011101001110111
1110001111100110
1110011110110101
1010100110011110
1001111011011111
1011010110010011
0111010110111100
0000000111111111
0110001111101111
1101011010100111
0111111111101110
1111011111011010
1101000001110100
1011110110011010
1010101110011010
0101001101111011
0101110000110110
1010110100010111
0101011111110011
1111111111111001
1011111111100110
1110011010101111
1101100111101111
1101101111010111
1000011011111100
1101000111011101
0010101011110110
1111111000101101
1011111001111011
0101011100111101
1110110110101010
1100101010101010
1111111111001110
1111011011101110
1111111011010111
0101001111011111
1000011100110110
1010011111111010