0011101011111011
1001010100011100
0100111110011011
1101010000111010
1101110001011001
1100000111111110
1101000010011110
0101111110000111
0101100110011101
0011011001011101
0011011100101110
0101111101010001
1111110010011100
1110111101111111
0111010100011101
0001010101111111
1000101011111100
1111010101000011
0110100111110010
1111100001101101
1111010100110111
0011110011111111
1110111111010111
1111010011010011
0011100111011010
1101110101101110
0101000011111001
1001111101011010
1111110010101000
0111110010111100
0101011101001010
0111001110011011
1111101011010111
0111011011010001
0111111010101001
0100110111111110
1011011101101001
0011110110101000
1111011110000101
1001010011111111
0111111111000001
1101110111101001
1001101101011111
0011000100111111
1110001011011111
1101100110001011
1000111011011100
0111101101010111
0101111011011111
1111011010001111
1101011110010100
0110011111111111
1111001111100001
1111111011110010
0001101110101111
0101101111100111
0101110011111000
0011011111111001
1011111111110111
1101000101111100
1101001110111100
1011100011111110
0011110101011101
1111111000101110
1110111011011001
1101011011010100
1111111100110000
0111111110100101
1110100111011111
0110110110110011
1101100111010001
1001100111011000
1100101011001010
0111101110011110
1001011001111101
1001110101101111
0101010101111100
1101110111000101
1110101110101011
1110010011001100
0111000110101111
1110101010011011
1001111010001011
1111101101111011
1111111100010101
0110101111101111
0100101111011010
1001101101101100
1111101000110111
1010111010001010
0111111101001101
0001111100111010
1111111011100111
1111011010010011
0101001010111101
1011101111001101
1010001111011000
1110011010101110
1101000101010110
0101111001111100
1111010110101000
1111101111101000
1111100111000011
1111010001101110
1011001100011111
0111110101011100
0101110001101101
0110111011111100
1111101100110101
0111111110011100
0111111011011110
1101011111010011
0010110110111011
0110110011111010
1110000111111011
1001100110011011
0110111110101011
1101101100100111
0011011011011011
1011110010111110