1100101101101110
0111111001011100
1111001011111011
0101110010001011
1001011100011111
1101111101001111
0111111110001101
0001001101101011
0111110001101001
0111011100111001
1111000001111101
0101111001101011
0001101110101011
1010101101101101
0111101100010110
0000111110111111
0011101110001110
0111011010101011
1010000111111110
0111100001110011
0101110010111001
1110010101110110
1101101110110000
1101110111010110
1111010111111001
1010111101101001
1110111111011111
0011111100111001
1101100110111000
0101101111111110
0010111101110000
1010001101111011
1111111000110111
1011111011111111
1101111101110001
1001101110111110
1011101110110101
0001011111101010
0110111100111100
0101111010110011
1000100101111110
1001110111011100
0111000100111110
1101000011101110
0111100111101101
0000111101111101
1101111111100111
0010001111110111
0100110011111110
1110001001110111
0101101110001111
1111010010010011
0011011100011110
1111111101011011
1101011100111001
1110010110100011
1111010111011110
1011011101001111
0111011010110111
1110110111100010
0111111110011001
0111000110011011
1111100011011101
0111011011111110
1001111110111001
1101011011101011
0111111111010100
0101100111111011
1101110001010101
1111101011111010
0101100010011111
1011110110111111
1110010010111010
0101110011111100
0111101110100111
1110010110101110
0111010101110101
1110011001111000
1101110100110111
1111110001101010
1000111111110011
0111011110110101
1111001110001110
0011111100101011
0111100011111101
0110111111101111
0011110111100111
1010101101110100
1011101110110011
1111010101001111
1110101110111111
0101101110111101
0111011100100010
0111001111101100
0101111110111110
0011101101111100
1011001111110001
1110100001111011
0011100101010111
1010011100111010
0110011011110001
1111110110101010
1010110111110101
1001110111001101
1111101001011111
1111111011010110
1011011111001000
1101011011111101
0001010101101100