0110111010011011
1000001111110111
0111101011010001
0011111111001111
0101100111101000
0100011101110111
1010101111111010
0010110111101101
1111011111101000
1101010111000101
0110110111111110
1000000111101110
1101111001011010
1110011111110101
0110110111010011
0011111100111100
1101110101101100
0101111101110010
0000111110110110
0001111011111111
1011111000110101
0010111111010111
1111101010010001
1111010110111101
1101110101011010
1001110110011011
0111010101101110
1100101110111001
1000101010111111
1111011011000101
0001110101111111
0101111001110001
0111010111110101
0110101001011110
0111011110001101
1101100111001110
1010010111111000
1101010111101100
0110111000001110
0111110110110111
1011101000110111
0001011110011111
1101001001110111
1001101011100101
0110111111111100
0111111101000000
1101100100110011
1010100110110001
1111110101000100
1111010101011111
0100111010111111
1110011010001111
0011011101111101
1111001011101001
1110001111101100
0100011100101111
1110101100111000
1100111000000111
1010011110111101
1111110011111111
0101011101100111
1010111100011000
0100011011001011
0111101110111111
1101101101111110
0001011110111100
0001110111101001
1111010100111011
1100101001010111
0100111111101101
1111101001011100
1111111010110110
1011101000111101
1001101001011111
0111011110101001
1010100111001111
1111101101101100
1010101011101110
0101011110011011
1111011001001011
0011111011111001
1011011011111011
1111011111110011
1111010111010110
1010101011100111
1101101001101111
1110110101111111
0101110101010101
0101111100011110
1000111111110010
1110001011111110
1001101010011010
0110111110110010
1111111001000001
1011101100011010
1011011011011100
1000111101001010
0101111111011001
1111101111110110
0100110111110101
1010111000111010
1011001011101100
1100111100010110
0111101001001101
1101101011011101
0001111111111010
1110011001111111
1011101101010001
1011111110101111
1111011111001001
1011011100111010
1000011011111101
1000101101100101
0110111110010011
1101111111010000
0101100101101011
1110111011010000
1111001111011111
1101111110000100
0101011001001100
1101111001010011
0111010110001110
1100111111011101
1010101000111110