1111111110100000
0011111110111111
1000111010100111
1010111101011010
1110100111001111
0111111111111011
1011001101001011
0110111100010100
1000001110111111
1100110010101000
1111100001100011
1110011010001001
0111100111111101
1110011011100011
1100101100111110
1111011001000111
1110001011011010
1110101111101001
1101000110101111
1110011001011000
1110110000111110
0110110111100110
1101110111110111
1011001111010011
0011110101101111
1000111110110110
1101000100111010
1111001110101011
1110111100111010
1010100111111111
1010010111111100
1011101111100111
1110111101100110
1111110100111100
1110001111010111
1110110101110101
1110110010010101
1111011111010000
0100100111101110
1110101110110101
0010111111111111
1011011111110110
1011000101101111
0111011111111111
1111111000011000
0111111111100101
1101011010101001
1110001111101101
0111111001111111
0110101111011110
1111000111011111
0111111111001101
1000110101101101
1010110110001000
1111001101011100
1011010011111000
1110111011000101
1010011001011001
1010011101101110
1111101110010101
1011011001011010
1010110001000011
1101111111011111
1110111110010010
1010101010010011
1110011101100111
1101101111111101
1111110101011010
1111100010101101
1111011010101100
1111101001111110
1111000010111100
1111010010011110
1010111111100101
0111101101001111
1101111100100001
1100101011101111
1011001000111011
1111101001110001
1001111011111001
1101100100101110
1010010010111011
1111110010011000
0110111100101100
1011011100001101
1101010111111101
1010110010001110
1011011101110011
1111001101010001
1010111110010001
1111010111101110
1111101000100101
1011110000011111
1011011001101100
1110100101011001
0011101111101100
1110111101110010
1111010110110111
1111011010110100
1011011111100001
1111101011000011
1111100010011100
1101101010110110
1010101000001101
1001101110101110
1101011001110111
1101011011110011