1000110001110110
1110010011111011
0101011100011101
1111010011111001
0110011101010001
0100111001101011
1111001011000101
1011011010011001
0111111001110011
0101110110011111
0101111011110111
1011011001110011
1110111101100100
1000110101101010
0010111010111101
0110011110100110
1101111000111101
0101011110111100
1110111011110101
1111110101111101
0101101101101001
0000001111111111
0110010100100111
1000101011110011
0001011111001011
1110001101000111
1100111000111111
1111101101010101
1010011111111110
0110110110101100
1000110111101000
1011001101001110
0011111110001001
1011101111010010
0011111111000001
0101011010111111
1000011001010111
1011011101101011
0101111111010111
1001010001101111
0111011111001110
1111111010011010
1011111011000000
1101011011100010
1111010100000011
1100101100011111
1101111011111001
1010101101111111
1101111101110011
1111101010011001
0111110111111011
1110011111000110
1111110011001010
1111001111111001
0111111011001010
0001111111110100
1100101001110111
0111011001111110
1100111101000110
0100011101111010
0111010011011111
1101101111110110
1111001111101100
0011110010111101
1000101110111111
0001111100101111
1010111000110010
0111101100110101
1011101100111011
1111101100111001
1111011100110100
0111111111001100
1011110111100111
1011101001100011
1110110110001110
1111111000101111
0100101111011011
1010011001011001
1111101010101101
1100111110110101
0111001111111011
1111010111110010
1010111011101000
1001001111111011
0101011001101011
0101011101011110
1110110110110001
0111110001100111
1110001101110010
1100101101111001
1111001000111010
1111111101001100
1101001111101111
1111111001011000
0110110110010110
1110011011011110
1101111110011011
1101010100011110
1111001001011101
1100011111110110
0011110100011111
0011111110000110
1001101110011110
1110101010001110
0111101101011010
0110011100110101
1000110111001111
0001111011101100
0100011111110011
1101101101000111
0101111110100100
1001011010100101
1100101010011101
0010010010101111
1000011111011101
1010001110100101
0011001100100111
1100101110111011
0011011111011101
1001101110101001
1010011010010011
0000111100111000
1110010010100111
1111100111111111
0011111000111100
1100011111010011
0110010101011111
1110011101011000
1001101111001011
1001010011101100
0010111101101110
1010110110011001
1100111111110100
0010111100101001
0010001111010111
1111111100000010
1110101110111100
1101011110110001
0010110011010110