1001001101110111
1100110110001011
1111111110100001
1010100111100101
1101101100111101
1101101001011010
1101011010101101
1111100011101101
1110111101110011
0111100101001011
1110110100100100
0111110010111010
1101010011001010
1001101101111100
0110110010011111
0010110111101110
1001111000000110
0100111011001111
1001001110111101
1111010110010111
1101101011100010
0011111110111000
1011010101010011
1001011000010011
1010010111010111
1001110011000011
1101011011010010
0100001010101111
1011111001111101
1011010010001010
1001011001101111
0101101001101110
0100010101101110
1101001100101110
0111101110101001
0011011101011110
1010011111111110
0011011110101001
1000110111101001
1001001011001110
0011100101011111
1100101101101010
1110001111010111
1011101000101111
1110010111100110
1100101111011011
1000001110111011
1000011011010111
0111001000011111
1110111010011010
0010010110101011
1011110101111101
1100101101010110
1011110001111011
1110111010111100
1011110101011010
1001111101110000
1001010011111110
1111011110110110
1110110111001110
0101010010111011
0110110110101010
1011001101111011
0000110111011010
1100111100111100
1000100110010111
0101111110101001
0011100100111111
1101111110111010
0101011000011110
1110101001111010
1101010101111011
1111111111011101
1100000011101110
1101100011001111
1011101100100101
1100100100111011
0010101101111110
1110100001111100
0011010101001111
1110000111001011
1111000100011111
1100010111001111
1111111100001011
1010010100101011
0011001111101010
0011111011111111
0001101101001010
0111111111110111
1110001101011111
1000110100001111
0101001001111101
0101110110101011
1011100111101001
1000110011011110
1011000011110010
1101111001110001
1101011001100011
0110001110101011
1011010101100111
1111100100100011
1111000101110111
1011101010111110
0110111011101001
1101001111110100
1011101011101100
0011001111101001
0111110011011010
1110011111111101
0001111100111110
0110001101111110
1110011001001110
1101000010111100
1111011110100111
1010110110101010
1010100101011011
1001110111111000
1011010011000110
0101100111111101
1011010110111100
1100010111110010
0110000101111011
1011111011010010
1100100111110101
1010100100111010
0111001011101001
0110111100101101
0100011001111110
1101101000101110
1111001111000111
1001101111100010
1111110000110111
1000111001011111
0010011111011111
1010111110101101
1001111011011010