1011010110011001
1001011110111001
1111111100011010
0100011110111111
1111011001100010
1011011101011101
1010011110111010
0110101101011101
1101110110001001
1111110111001110
0101001110111111
1110111010011000
0010011010011011
1010011011010110
1011111111101111
0010111110011100
1111001011011000
1111111110100101
1111101010110010
1001001011111001
0001111011110011
0011111101111100
1110110101110101
1010101010011110
1000110110011101
1010001111010110
1110000101010011
1110111010110010
0111100101011111
1001110101010101
0111111010010111
1111010101011110
1111011111110101
0100101110010101
0011000110010111
0010101010111010
1010111000011011
1111010001001101
1011101101111001
1111111101001001
1011101010011000
1001111010110111
1011101110110100
1101101110011001
1111100110011000
1101111111111110
0111011110111010
0110110110010011
0111111001111110
1110101010110110
0011110111110101
1011011110110010
1110111001100110
1100110101111111
0111101111010100
0111111100011111
1110111011000101
1011101100011110
1110000011001101
1111111100110001
0000101111010111
0111001111111011
1100111111111011
1110110111011010
0010110001110111
1011011011011010
0011110101110010
0111100011011111
1101101101100111
1011010011011100
0000010011111111
1110110111100011
1011111010010001
0111010001011111
0010100101110111
1000101100111111
1100110110101101
1110000110111000
0010011010111100
1011011000110111
1110101001111111
0011000100111101
1001001001110111
1011100110111001
0101101101111001
0101110111010101
1101000001101111
1111001001111110
0000001111110111
0001011001111111
1010101110111100
0111011111011110
1011011010010011
0110110110010101
1001011000111111
1001111110011011
1111110010111111
0001111100110011
1010100100111010
1111101100101010
0111000111011101
1110011101011000
1110000100111111
0000111110010101
0010001011011111
1111100110100011
0110110011111011
1011011101011011
1010101111110011
1110111111001110
0111111111101111
1011101000111110
1110011000010111
1101110101101011
0010110011010110