0101010101110101
0010101011111011
1111011110011100
1111100110011100
1101100110010110
0101111011010111
0110101110110100
1010011111011100
1011111101000111
1101101111001110
1111110101010111
0010001111011111
1000011111001011
1001111011011100
1110100011111010
1110111101100101
0111011111101011
1100010110101101
0111000101110100
0111010001110111
0011011111101100
0011111101101011
1010110011011111
1110111111001010
1000101011111100
1110110010101011
0100110111110110
1110101011110001
1101011011000101
1111001111111011
1101100101110111
0111010010011110
0111011001111101
1101100011101100
1010111101110110
1011110111110011
1101010010111111
0001101110101101
1111011011100110
1101101011111000
1111100011100101
1000111111100011
1011111111110101
1000110110110110
1100011101111111
0010110110011100
1010111101011101
0011101111110111
1111100110110011
1011111110011010
0111000011010111
1111111011011011
0101011010111100
0110111011010101
1011110011101110
1110001110110100
1000111001111010
0001010111111111
1111011111010011
1001110101111010
1001010111101001
1010010001111001
1111100101101101
0010011001111011
0000110110111001
1100000111010101
0111111101110000
1010100110111101
0100100110101111
0110100011100111
1111011101011111
0110010011011101
1101111011110011
1010111010111110
1001101001111011
1110010101110011
1110010111001011
1000111111001101
0100111010110100
1101101011010110
0100101101111011
1110101001111001
1101101010111011
0111111111001111
0111110001100111
0110111110011001
1011100101001111
0111111001010100
1000110111011010
0111101001101101
0110010111011110
0101101111101110
1101101111110011
0111010011100101
0011111111011000
1111100010101100
0111010110101100
0011010011100111
1110010111110001
1110101101000110
0101101001111101
0011101111111110
1110100101111100
1111011110010111
1010011010111101
1100011110011101
0101110011101011
1100101101011010
0100010110011111
0000001011111101
1111111100111111
1100101011011111
1000101101111011
0011101011101111
1111111110001111
1110110101101101
1001110101011110
1110011011110100
0110111010100111
1110000111100110
0011111110110111
0110011010110010
1101101111100111
1011011101111100
1111000010011110
0000011111111010
1000001111101111
1101111001110100
0110010110100110
1010110110011001
0100110110110101
0100110101111000
1001110101011001
0110100111101001
1100100011111101