1011010101010001
1110100110111111
0111101011110011
1001011011101110
1000110110011010
1111100011100010
0101111011101010
0100110110111001
1101111111110111
1001111101111111
1001010110111101
1101000110011010
0110101001010110
1111010001011110
0011110110010111
1111000010101111
1010111110010100
0111011011110100
0111110111100110
1011110010101100
1100100111101111
0010111111101111
0101111111011111
1110111010011001
1011111011111011
0111010100100111
1101001110101011
0011110110110011
0100011000101111
1110101101110000
1011010011110111
1111111000111110
1010101110001001
1111000111101110
1010111000001111
0111010100111000
1111101010111100
1110010111011000
1101101100101001
1000001110111011
0111100110000011
1101101110011000
1011011100101001
1111111000011001
1011111110000010
1111010010001010
1010110010011110
0100101110101111
1010010111111111
0111101111000110
1110101100000010
0000111011111110
1110111001101010
1111100010111001
1111001111001011
1101011100011011
0110010010111110
1101100011101111
0111010011011110
0111001110011010
1100111011001011
0111111111001101
1010001110011101
0011100110101100
1111101111100001
0011011011101110
1011110111100111
1001101010101111
1111001100011011
1100011111111101
0111011111101101
0011100111010000
1111101001100100
1110001101111110
1101110000011111
1111111100110001
1011000011111111
1101011011101000
1110110010101101
0111110100110010
1111010011110110
0111110001111011
0101111010101001
1110101101011001
1111111010110111
0100010110111010
0110010111111000
1101101001101001
0011010111110001
1101001010111111
1110011101011101
0111001011011110
0011110000111101
1101111101111110
1111001001101001
0010110111110001
1101001111001100
1101111011011101
1100001110011110
0001111110111111
0101010101111011
1110110101111111
1111010101010110
1001110110001100
0100111011101110
0111010100101010
0011011110111110
0111110101110001
1001110110111000
0111010101011101
1111001001111100
1111001111110111
0011011111011100
1001110011101111
1111011101110000
1101011010111000
1100001101011011
1111100000001011
1011111101111110
1011101100011001
1001001111101110
1111001011001110
0011011110110001
0110101100001111
1110111011001010
1010111110101100