1101001110010101
1011011011001001
1011110110110101
0011101100110011
0111100000111111
1100111110011110
0111001111001001
1101110111001100
1110000111000110
1111110110011111
0001111001011111
1011101011111111
1010110101111011
1011111101100010
0111011101010001
1010011101111000
1100111110100111
0111111011111000
1101010110101101
0110101010011011
0101111010111011
1111010101101111
1111111100000101
1011111100001011
0110110010111001
1111111011001110
0101001011011110
1101111010001001
0011110101110100
1110111101011100
0111010110110011
1101011011111001
1011001101110011
0101101111110011
1110100101001011
0011010100111011
1001100111101110
0111011000111011
1110011011111000
1110111110100100
0101101011001011
0011111111100010
0101111001011100
0110101011111001
1110011000111110
1110111000101010
0011011100111101
0011111010101111
1110110010101001
0011101100101001
0110111101111100
1111110011001011
1001101111011011
1011011111000101
1111001110010110
1011111010100000
1011110001001101
1110101011101001
0111111001011011
1110111100101000
1110011110111100
1100000100111111
1110101011011100
0101110000111111
1110110110100001
0111101101100011
1101001101101111
1010011111011111
0011110000110110
1100011111100111
0101101110101100
1110111001010011
1101101000111100
1101111011101100
1010011001110001
0100000011111101
1011011110111100
0100110111011011
0110111100011110
0001000100110111
1110001000011111
0111110111101111
1111001111011100
0110101101001110
0011101111011100
1111010010111111
0111111011101101
1101011001101110
1111000100111010
1010110111001001
1001111101001100
1100001011101111
0001010111011011
0110111111110111
1010110010110010
1011101101010100
0011110111110011
1101101110100000
1011110000111101
1101111000100110
1001111111010110
1101011100011110
0100111100011101
0001011111101101
0100111101011010
1110011101011101
1111110001011110
1101010100111001
0110101010111101
1000111101110111
0111111010101010
1100101101011110
1011111110011101
1001111110010011
0101111111110000
0011011011011010
0011000101111011
1101101001001101
1001110001110011
1010101111111111
1110101010100111
1011000111101111
1111001011100100
1101011010001111
1110101010010110
0011001110001011
0001111111100100
1101111001101011
1101111100101101
0101001110000111
0111101111111010
0011100101010111
0010111110111100
1100011111110100
1101001111001010
1111011011010111
1001011101001011
1111101001110111
0111101001111011
1111100111100000
1011111111001000
1100101011010010
1001111011111110
1011101110111110
0101011110010100
1011110111010011
1100111010111110
0111100001011101
1100110110111000
1101001111001001
1010111011101111
1011110101101100
1111001110011010