0111000111110111
1110011110111110
1010100100101101
1100110110010001
1101110101110101
1111110101010110
1111111011001001
0011111110011110
0011101110110001
0101111010111010
1011001011000011
0110001111110011
0110010011011010
1010110011011111
0011011001111100
1111101111111110
0110011110011011
0110011111010111
1011000111101001
1101101010110011
1101110010001111
0111000101001111
0110011011100011
1010111000100111
0001111111000101
1101111000001101
0101111110011110
1011100111011011
0010100111111001
1110010110000011
0101111110101111
1011110010011110
1100011110101111
0111110001110101
0010010011100101
0011100010000111
1010110111000011
0011100011100011
1001111110010101
1111010011010000
0110101100011111
1110110010110100
1000011110010111
1100111001001100
0010011111111001
1010000111000111
1111111101111011
0000011001011110
0111001011100101
0010111010011101
1100111001100111
0111001110001111
1110000001101111
1001011111000111
1011101100011111
1001010110101101
0111111001101101
0111111111010110
1101101101111111
1011110101110111
1100111101000100
0100101110110111
0010111011010011
0110001011111001
0110110011100011
0000111001101111
0111110010110101
1111110110010110
0010101010111111
0001010111111011
1111011101100110
1010111011110000
1010111001001100
0010010110100101
0110011111011001
0011101010100101
1001011111100100
1001110111011001
1101111011010010
0011010111100011
0111000001111101
1110010001101101
1000011101110100
0001101011111011
0110001010110111
1100110011111111
1001010111011011
0101010111111010
0111111111101110
1110100011101001
1110010111000101
1001111010111110
0101011111111101
1101101011010011
1111010111000100
1111101111011101
1110001111011011
1000110111010100
1101010101111101
0100111000010111
1110111111100001
1011010111110100
1011100001001111
0010100110100101
0000110110010011
1001011011111100
1101000111101001
1001101111001011
1110001011001111
1111111010010010
0001011011001011
1011111010110110
1001001110101001
1111110010011010
1110101110110011
1111011100111111
1000100110111101
0111110010101101