1110110011110101
1101001010011011
0101101001010101
1011111001011110
1100110101110101
1101111101101000
1011001110111010
0111101011110010
1101110111000010
1111010101101100
0010110111101101
0011010111111000
1111101101110000
1001010101101111
1001101011110001
1011100111011100
1101111000010111
0100001011100111
0101010101100011
0111100011101011
1010100010111111
1010011101001011
1010010101011101
1001111011011100
1110111101100101
0111001101001111
1010101101011011
0111101100100001
0100110111101001
0110000011100111
1111111011001101
1001101101110010
1100111011110100
1110010011111000
0110000111100011
1111110111010101
1010111001111111
1111011101101001
0010011110001110
1110111100111011
1110111001001011
0011111111110010
1111011100110001
0101110110011001
0011110001011101
0100110101011110
1000101111011000
1010100111101011
1101110110110111
0110111001100111
0101001011110101
0001111000101011
0101111110101000
1011010010110111
0111111110100010
1111110110100001
1110111011000010
0011100010000111
0010111011010110
0000110101111101
0110110111100010
0010100011010111
1100011111001100
1110001100100111
0110111111111100
1010110010110111
1011111110110010
1001001101010011
1111000110110010
1111111010111110
1101010110101010
0111101111000101
0110101111011110
0110000101111101
1100110010111101
1010111101010000
0010110110011111
1000110110101011
0011111101111000
0111100111101100
0110101111110110
1011011111110101
1011111010010011
1110110011011101
0101111001100111
1000111100111111
1111110101011001
1001101110111100
1111011111100101
1011010111100010
1011111100000110
0101100011111101
1100111001111110
0101010101011101
0111101001100011
1101001101001111
0011111000011011
0110111101001110
1001000101111100
1000111110100101
0111101111110100
1111100011111110
0110111110011001
1110011011110000
1001000101011111
0111101110111000
0101111001011110
0010011101001111
1011111101001000
0111000101011101
0000111011101010
0011011011110111
1111011111011001
0100110011001011
0111111011101000
0101011111111010
0011010100101011
0011100111111101
1101110001101011
1000101010110101
1110101011111011
0111000111001011
1110100101111100
1111001100011111
0100101111011111
0111111011011000
1110110101101110
1100011010111011
1001010011101111
0000111101011111
1110000111000011
1101111110110001
0101110011000110
1001011010100111
1010011101100111
0111101111001001
0111010011001111
1111011001111111
1001001110110111
1011101101101111
1110110011110010
0110110110100101
1100011111110101
0000111111001101
1010010111010010
0000011111100110
0001101110011001
0000100111111011
1110110110011100
0001111110101100
1010011011101000
1110101110011010
0010011011111101
0110111010111111
0111111101010100
0011100110110011
0010101111100011
1111101111000110
1100010111111111
0101110111001010
0111111010111101
0101111100110011
1110101110110011
1110010110011110
0101100100011011
0001110011110001
1101111100101110
0101111100111101
0000011110101101