1111110100011110
0011011110110110
1101111110111000
1010101111000111
1111101111001010
0110101101111111
0111111000100010
1101111110010010
1011111001011101
1100110100111110
1010011110111011
0101010111001110
1111101010100100
0001111111111011
1110011111010110
1011111101111011
1100111110111101
1011101111111001
1101111111001010
1010111110110110
1100101011111011
0000111011011110
1110011100110000
0111011111010110
0001110011111111
0001101001111111
1111111011101001
0110101011010101
0111111000010101
0011011111100101
0001101111101111
0111011000010111
0101110111100101
1110110001100111
0101100101001011
0101011001011111
1100111001010101
0100110111111111
0011111010011111
1101101110100100
1110010111100101
0011111100001110
0000101011110111
0011101110001100
0110111110111011
1011110100111100
1111011111101011
0110100111000011
0101111111010000
0111000111100110
1100111110111011
1111010011111011
0011100101111101
1111101001111010
1111011000110000
0101111000101010
1001010011111100
0111111101110001
1001101011100111
0101011111100111
1110011001010001
1111110110110111
1111100101111001
1111111101101101
1110001111111111
1001010111011111
1101001111010111
0001011010110111
1011111011001110
1111011110101101
1110010101111100
0110111011101110
1101001100111111
1000110011111011
0110110001011001
1010100111110111
1001000111111100
1111101010001100
1111000111010111
1111001010011101
1001110111101110
1111100011111111
0101111000010110
0010101011110011
0011101011010101
1101101100000111
1111001011110011
1101010101101111
1100111100110110
1001001111011101
0111100110111101
0100101111101101
0111011111111011
1101110011010001
1111110111111010
0011101110000101
1010111010111101
1010110011110110
0110011110111110
0111111011001100
1001001001001111
0111011110101111
1101110011001101
1100101011101110
0100011101111101
1101101011110100
0011101001101110
1001111000111111
1001000110111111
0011001010110111
1000011011111100
0100111111111100
1111100110001011
1111101001110111
0101110101100110
1010111101111111
1110111010010011
1111100110101100
1111010101111011
1111111110001001
1101010001111110
0111101110100010
0110111000011111
1010111011101111
0111011111011101
0101111100111101