1111010010101111
1101110010110110
1000001111001111
0100110011101111
1010111001011110
0011111101110110
0110011100111011
1101101100111101
1101011110010111
1100110011011001
0110100111111100
1000011111010110
0001111010101111
0110101101100110
1100111110010011
0111011110011001
0010011110010101
0111100110011001
0111000110111100
1111111001101111
0100011001111011
0001010111110001
0110000111101110
0001001111111111
0001010101011100
1011000111110101
1011101010110101
1110101011110001
0101000110110101
0111010000111101
1110010011010011
1101101111011011
1001011010111101
1110100111110011
0010111110111010
1110001110011110
1101010111010011
1100110001110101
1110010110100101
1001110101100111
1111001111111011
0001111011110011
1111100000011101
0101011010111111
1010001110110101
1001111011110110
1011010111100101
1001101111000110
0111101000111111
0101101111100100
1100101011111000
0001011101111010
0001011111110000
1101101110011111
0011001110111100
1111111111101010
1110110100000110
1000101101011111
1110110101000100
1110100111110101
1100111110101100
1111011011111110
1111110001110010
1110110010110100
1101011100011010
0100101001111011
0101101010110110
0011101111011111
0111010011011111
1010001010111101
0110110110110100
1100111111001100
1110010110111010
0111111011101100
1111010100110011
1101110111010001
1101010100001011
1011111111101011
1100011010110101
0101101110101100
0111111110001111
1111001101001101
1001111010011101
0011011110101100
0100111010011010
0011101101111111
0000111110111011
0010111001111100
0100011111100111
1011001110010111
1011000101100111
1100110110100011
1111101110010110
0110101110111111
0111111101010111
1000011111011010
1100111000011010
1001101001111010
1111001110000111
1110011100101110
1011110010110010
1110010110100011
1101110000111010
0101010101001011
1010111111010010
1101111010000100
1111001101011110
1111011100100001
0111011010010101
0011101111100110
1110110001011111
1110110100101011
0001011110111110
0011110000111101
1010001101101111
1011111101001111
1001111011000101
1110010101111111
1110101110110110
1011110100111010
0111111110110011
1011000100101111
0011111011111001
1100100101111001
0011011010100111
0101001110110110
0111101100111011
1101011101010101
0011111011011111
1001100010100111
1100001111101101
0110100101111010
1110010011111101
1111101000011001
0110101111101101
0101010110101111
0101111101101001
1111001110100110
1110111100111000
0111010010110101
1001000101110110
0111101101110000
1001010001111111
1111101000110000
1001100010111010
0101111100111110
1011111101011001
0101111111000001
1101110001110011
1011010110110010
1111010000110111
1010010110111100
1111110011011110
1101010101000110
1010111010110111
0110110111110011
1110001010010101
0010110111111111
1110111100001100
1001110000111011
0001110111110100
1011101101011100
1000011011111111
1110011111111001
1100101101100101