1111100101001111
0010111110111110
1101010100101110
1011101110101110
0110111001111110
1110010111101100
1100011101011011
0101101010111110
1101011001011111
0111011101111101
1101001111011000
1101100111011010
1110101111110011
1111101011110110
1100111101101011
0001111001111010
0010110110010111
1000111110101111
0101110111010011
1101100011111111
1111011111110001
1110010101101111
1111100111110000
1110111110100110
0111011011110101
1111100101101010
0011010111111011
1110011010110010
1110000100010111
1111110110011010
1111111001110010
1110101000011111
1110111011001110
1011100101111011
1111101000111001
1101011011000101
0011100101011110
1111110110111101
0010011011101011
1011111101010100
0111111000010101
1111111010011010
1101111011111001
0111001111011100
1011101100001011
0100110111111111
0110010011110111
0011101111000101
0111111101110011
1001011111001111
1001011101111100
1111100010001111
1110011111010010
0101100110110111
1100111111111000
0111011101000111
0011101011100111
0010011111111001
0010011110010111
1011011110011010
0111101100110101
1111001110101111
1110011001110110
1110111111011101
0110001011111111
1101101111101011
0111011000111010
1101110010110010
0001110110011110
0111101101010101
1111111101101101
1011011111101110
0110011011111001
1100101010100111
0001110111010110
0110111111101010
1101101101111111
1100110011010110
0011111010100000
1110100110101110
0110111100111111
1000101111101111
1001111011100011
0101111010110101
1101101010111010
0001110101110110
0110011111101110
0101111100011100
0000111101111111
1100110101111100
1011110110100111
0000001110110111
0111111011011011
1110111001011010
0101011011111110
1111100101011100
1111100111011001
1100110100100111
0100011110011010
0101010111011110
1100101110001110
1100111010000111
1101011011001110
0011000110110111
1011011100111100
1011001001110011
1010110111010010
1001111110110000
0111110110001111
1110011011101001
1011001111011000
0011111110011011
0011001110010111
1100000110011111
1111001001111101
1001010001111110
1011011010011100
1101010111110011
0100111101110110
1101011110110010
1011111011010111
1111101111101001
1001111101010111
0111101111111011
0110111011110011
0101011110001111
1111111010010011
0101011110010100
0101111000001110
1010101011001111
0001110110110110
0111110111111101
0111100100101111
1010011010011111