1110100111001111
1011111001011110
0111111100101111
0011111011100010
0011100101111011
0111110110011011
1101010010100010
1011011001110010
0111001010111111
1101101111101101
1101101011100011
0111011000110010
0111101011011100
1101001011011111
1101101011011000
0110001111111100
1110110011101000
1010001111101010
1111110101111101
0100110100111110
0011001111111000
1110100001101111
1000100110011110
1111111011001111
1111110010011110
1011101101101101
1101111011101001
0101001111101110
1000111011011111
1011011101001001
0011110011111110
1101111000111111
1111000110110011
1111101010101000
1011110111111100
1100111111000010
1101110101010111
1000101110001110
1111001110101001
0110101001010011
1100011111111010
1010101000110110
1110010111011010
1111110001110011
1010011110111111
1110011000011010
1100110101001110
1111000111101001
1100110111101000
1110011101010110
1101100011101111
1100110100101110
1111111111110101
1111100111011100
1111001100001111
1110001101100110
0111111010101110
1110101111001001
1111010111001101
1111101100111001
0101110111110010
1011100010110111
0001110100011111
1011111110011000
1101100010111111
1100101001101010
0011001101001110
0110101100111110
1011001010101110
1110111110010111
0111110111000010
0110101111101001
1101101001110010
0110011111011010
1100001111001111
1111000111010111
0011011011101001
0000111101111111
0100010101110011
1011001101011001
1111100101010011
1001001111010010
1111100111011010
0111011101001101
1111111101000011
0011101111010010
0110101101101011
1100111110001100
1110101010011010
1110101101000110
0011111010011001
1110110110110011
0101111011111110
0111111101001100
1010001111111001
1111010111010110
1111011010010011
1110111011100010
1101100111110111
1101111101101101
0100101111011111
1010101100011011
0110110011111111
1110001000110011
0011011111011101
1011110111101111
1101001110010110
0111010110111111
1001001110110110
0110010111110010
0010111111101011
1111111100111100
1101011111011101
1001101111001011
0111000111101010
0001011100111111
1110110011011111
1100011101100011
0101100011111011
1111000001111010
0011101010101011
1101000011111101
1010001111011010
1010101001111101
1010110111011101
1110101110111100
0101101011111101
0111110111111101
1111110000110111