1101010101011001
1011001011110110
1111001011011001
1111110101110000
0010101110110011
1110101001101111
0111111100101111
1111010110001010
0000011101111111
1110111111111101
1110100011100011
1011010001110100
1111011001111011
1111011111001100
1001111011011101
1011100001111101
0110110111100110
1101111101101111
1000110110100111
1001011111111101
1111101101110111
1111110100011100
1010111110110110
1100101111000011
1111111010111011
1000100111111110
1101011110001101
1011110111011000
1110010111100010
0110010010110111
1111011011000101
1011001101111001
0011111110001000
1000011110001011
0100101101011111
1111011101010000
0001101111101111
0101010111110001
1011011110100111
1001101111000100
0111110010111110
1001100011010111
1010100001011111
1101100110101101
1101101001011101
0101001110111010
0111110001011101
0001110111011011
1110100101101110
1011101101001111
0111100111111111
1110110010101111
1001111111100000
1101101100011100
1011101100111010
1111111100010000
0111010110000101
1001000101111110
1011010111001111
1111101001001001
0110011110111011
1001111110101101
0111101111000101
1101110111101110
1111001100011011
0110001110110111
1011011011000110
0100110101011011
0011110010100101
0110111110011111
0001111101110011
0101011110110100
1001100111011010
1100111011111111
1011111010111110
1111011111100100
1010001111100011
0110011101011011
0101101110101011
0001001110010111
0101101011111111
0001110111110110
0101011101011111
0011010010110111
0011101111111000
1101110110000111
1000001101111110
1111000101101000
1011111100011010
0110111111001010
0111001011111001
1110111001000111
1001100111000001
1101011101010011
1010010011111011
1001110101110101
1110110001011110
1011111011110001
1111111101001100
1101111011111000
1101000110111110
1011011011011000
1001010011101011
1101100101011101
0011110111001001
0111101110100111
1011110111010110
0011110101111111
1101011000111111
1101111011010011
1111100011111001
1111100110111011
1111010111010110
0111111101111110
0111010111111110
0101111101110001
0101110110101101
1101110001111110
1101101011110101
1011001101011110
0111001101111111
0000111110101111
1101111110110010
1101010111000001
1110011001100110
1111110111010010
1111101011000001
0100011110100110
1010011011110110
0010101111001011
1111000001001110
1111000100111111
1111111101000110
0111111101010101
1111001011001101
0010110011100011
0011101011010010
0101011011100010