0111001011110101
1101010011011101
0110001111110001
1111111000100100
0111000101010101
1110100111010101
1111001101101110
1100111111110111
0101101011101001
1111001110110001
1110101100111010
0100111100111011
1101111010001011
1010111101100011
1011111001100110
1011111100101011
0100000111111011
1000101110101101
1110101011100010
1011101101000111
1110111101111000
0011101011100010
0011001011010111
1101011111101100
0110111100110110
0011110101110100
1101010101111111
1111101010110011
1010010101011111
1010001111110111
1011010001011011
0100001001111110
0110010111110101
0111101111010000
1111111110011110
1011010110101101
1110010001110011
1110101011010001
1100111111111100
0010110101001111
1010100100011001
1110101111001111
1101111101111101
0111110111111010
1010010011100011
0001110110111011
1110110100110001
1110111011100100
1001100100111111
1110100110110011
0011011010101011
1011111111110000
0110110101111001
0111101010001111
1111101001010101
1111111000011111
1011101110110101
1110000011111111
0111100111111110
0011010001011101
1001001010101101
0101011111011101
0101111011000111
1001111111111001
1011111111011110
0011101101110100
0010111011111101
1110100011111101
0110111101010110
1101100111111101
0010111110001101
0111111011000010
1111001111010010
1110110100010101
1101001010111100
0110101100111110
0011011110111001
0011011101110001
1111101001011100
1101101100011011
0101101010101111
1110001110101100
1010101101010101
0001001101011011
1111100111111010
0010110001101011
0010100111010111
0101101010011011
0001101111111100
1111010110100011
1010100101110111
0010010111101110
1001111111010111
1010100110101011
0001111100011111
0111110000110001
1101111100001111
1110111010100011
0010011101110110
0101101101100110
1001011011011111
1000011111011011
1011000110110111
1010110111111100
1111101111000010
0101010110101101
1111110011111110
1101011111110111
1101110110001111
0011011010100110
1101111110000111
0000101111011101
1110101001101011
0101010010011011
1010011111010111
0110011000101011
1001011110011011
0000111110101111
1110011111100001
1011000101111101
0111010101011100
1111100000101111
1101110111011000
0110101110100001
1110111111010100
0101111011001011
1011001111110001
1010110101101110
1111011100011011
0011111010001111
0111001101110010
0111110101101001
1110111101000111
1101110010101111
1111010010111101
0110010110100110
0000111011101110
0011110000111001
1011101111000001
1000111111101011
1100110011111011
1011101101101001
1011011001111010
1111011111001111
1100000111011111