0010111110111111
1011011000111001
0001011010111001
1011111111100010
1100011110001111
1010111100010100
1101011110001110
0100111001110110
0110011000111101
0001011111011001
0010010011111111
1011111010101111
0010010101111111
0011010011111110
1111110101110011
1000110101111110
0011011001110011
0000111111011001
1111101111111111
1111010001111010
1011011111100101
0101011000101110
1010010101110111
1100111010001001
1011111111011010
0011011101011111
1011110101100110
1111011101001111
0011111001111001
0010111011110110
1011010111010101
0111111100011011
1001011101111111
0110010111110101
0011011010110111
0101111111010111
1111110101011100
0100111010110001
1101110100101111
0111111001001110
1010111100010001
1001111101110000
0111110011010010
1111010111011011
1011011110000011
0110011100111100
1111110001111100
0101011010110011
1101110111001011
0110110010110001
0011011010011110
1011011001011110
1110111100010010
0011011100111110
1110110011100010
1011111011000011
0011110010111111
1100011011101110
1010111010111001
1111111010000010
0100111001110101
0110110111010001
0101011111100111
1111011011001011
0001111111110010
0111111100100101
1110011101011111
1111111011000100
1010111111001011
1011111001110110
0100011101111001
0111111011101101
1111010100111011
1110110110000011
1101110001110111
0011110111011110
0110011110110011
0101111000100011
1011011101010100
1010010110001110
1110011101100111
1111111010010101
1101011001101101
1001111111101111
1110111111000000
0111110111001111
1100011101110111
1101011011001111
1101110110111001
1110011111001011
0111111110110010
1101111111101100
1011110001110111
1111011101011011
0110110100110111
0110111111101111
0100110011110001
1110111001001100
1111110100001001
0101110010101010
1011010101010111
0111010110111111
0110011011110001
1011110111110100
0101110110110100
0110110110111000
1001111100110100
1010110111110110
1101110011100001
1010111101100100
1010111110101100
1100111101010111
0100110110011101