1011001111111101
0111001110111001
0111000101110111
1011110110001101
1101010111100111
0111011100111011
1110101110100110
0011011100110110
1111011011100001
0001011011001010
0101111001101010
0000111000101111
1001100110100101
1101000010011111
1101010111111001
0111111001111100
1111101110000111
0101111111111000
1011010101011101
0110110111011101
1111111110000001
0001111010010101
1111110010101011
1111011111010110
1111110111010101
1101011110101000
0011000110100111
1110001010001101
1100111111110001
1011111000110111
1111101111010000
1111100100110001
0101110111011111
1011100100110111
0011101111000110
0111111100011011
1111111000101011
1110110010110111
1111100000111111
1111111110011110
1111110111111110
0110100101110111
0011111011101001
1010011111011001
1100100011101101
0111001011011000
0010101011100101
1110111011111110
1111111101010101
0111110001011101
1101001011111001
1101001000100110
1001001001111111
1011011011111101
0111100110001111
1010001110110110
1011101111001010
0110011111111111
1111110001011011
1111111001110101
0101011001011101
1010111010111001
1110101111111011
1110111011000001
1100101110111101
1110100100110101
1100011101111101
1111101111100000
1011011110111100
1101110011001001
1010101111010111
1001101101101101
1011111111110011
1100111111000101
0110111111101011
0011100110111011
1111110101011001
0100111111101101
0011101010100111
1010001011100111
0101101101000111
1101010100011101
0111100011011111
0101011011010001
1110111101101110
1101110110000111
0000101111111101
0001010100110111
0011110111011111
1010010111101101
0101001111110010
1111010010111011
0101111010101011
1110010101111111
0101111001000110
1111001011110001
0101111101000011
1110011110010111
0011111010001101
1111011101011011
0111011101001110
1011001000111010
1101011110010011
1111010101100111
1101111100111011
1001101101001111
1100011111101111
1111001101101011
0101101110110011
0111111110110001
1111000110100001
1111010110010011
1001111011011001
0100101001011101
1010111010101011
1111110101001111
0001101001011111
0111101001111011
0101011100111100
1101010101101011
1110110110010011
0111011111110100
1111010011110001
0001111011101101
0111100010111111
1111011001001111
1111011110001001
0010110111111111
1101100101101101
1101001111001001
1101111001101000