0011000011110001
0111100101001011
1100100011100110
1001010111101111
1101010011111101
1001011011101101
1011010110111001
0111111110001101
1010110110110111
0011001111011111
0111011011101111
0100110111010010
1111011110111000
1001111111111110
1010011010111111
1111001001100101
0111101101100111
1111011001101100
1011111011000111
1001101011111101
0000011011110111
1101111011001110
1100111110111110
1010111110110110
1111000010011001
0011011010011001
0100101111111101
1111001101111011
1010101101101100
1111111110100101
1111111101011101
0011111100111010
1111110001000111
1010011110111001
0111101001011110
1111001011011100
0011101110111001
0110011110101111
1111111110011110
0101001111111011
0010100111001111
1111011111010000
1111101010101000
0110110010111111
0111110111001001
1011111111110100
1111110110111110
0101100011101011
1110001110011101
0011101011111000
1001010110011111
0111111011001010
0100010101110111
1111000101101101
1011101011011111
0000110111011011
1110101001101100
0011010101111011
1110001011110110
1110011101010111
0000111101010111
0111100110111001
1101111110111011
0010111101011010
1110101111111011
0111001111011110
1011011000011011
0111111100111100
1001110001101001
0110110100100011
0010111011111100
0101100110101111
0110011000110101
1100110000011111
0011100111001010
1100110001010110
1101101101111111
0011111110101111
0001011111001101
0011111101100101
1011101100111001
0101101111000110
1111110011111000
0011110101110010
1110001100101101
0101001111011101
1111110110001001
1111100011001001
1111100110001111
1110011011011100
1111001011001010
1110010000110011
0101101111011000
1011001101101110
1100100111010110
1010101111110111
0101011111111010
1111101101111010
0111010111011111
0101011011011101
1100011101001110
1011101101010111
1011111111010101
1011111000101001
1011101010101111
0110111110010001
1110111110101110
0110011101111001
1101010100000111
1111011111100010
1010100001101110
0111101111100010
0111110011111110
1010111100111111
1100010101111100
1110011010101111
1111101011000001
0101100110010111
0001110011110111
1001010001111111
0010011111101000
1100111001101011
0000110011011111
0110110011111001
0011100001110111
0011011111110110
1111110100101101
1101111111110101
0101110101111000
1011110111011101
1100011011111101