1100110100111100
1100100011111001
1010011101111111
0100111110011011
1010111110010111
0100011110111111
1100101101110101
1011111100110000
1101010111000101
1101101110111111
0011111010101010
1111110101010111
1010011010100111
1110101010111111
1111110100111010
0000111101110101
1100101111101001
0011110110010111
0110101111011001
1011111010011011
0110001111101001
1000111101100111
0101011110110011
0001111110010001
1110010110111110
0101110100111111
1011101011110011
1111111110000011
0100110101110011
1001010101001111
0111101111110011
1111011111000001
0010111111110010
0001111010111011
1011011101001001
0100110101101111
1100001101010011
1110111100101110
0111111010110110
0001110011100111
0011111011010101
1110111101111010
1101111110001011
0010110100011100
1111100011001100
1110111100101001
0111101101010111
0101100111101111
1011001111101110
1001111010110110
0001011111110111
1101010101111011
1111111111101000
1100010011011001
0011001101101001
0011111101000101
0010011011101110
1011100111101110
0111001101111010
1100000101001101
1110110011011110
0010111101100101
1111001011101010
1110111011111010
1111110101100111
1111101101011000
1011101011101110
0111111010011101
1111100111000111
1101111111011110
1110011010011011
1111101110101010
0011101011111101
0110100111011010
1000110100110110
0111101110111000
1011101111110110
1111000011110111
0001111110100101
0111101100001001
0100110111111000
0110111100111001
1110111011000100
0111000011001110
0011111110001101
0100111011111111
1111011111111100
1111110010111000
1011010110011101
1000011010111001
1101110011101110
1100111010100100
1001010110100110
0101010010101011
0110110011111111
0101111011101100
0101011101110011
1111110111010011
0101100101111100
0001011111111011
0101101101110101
0010111110011011
0000111111111011
0101111110111110
1100000111011001
1110100101111110
0001110110011101
1001111011011001
0110101100100101
1100011111110101
1110111110100011
1111001110111111
1111011010110110
0010110111100101
1111111001111111
1011110101111011
1010101111111101
1111111101000110
1100011101100011
1101111011110000
1001110011010111
1101010011111010
0101111111100100
1001011101101110
1100111010001101
1100010011010111
0100111111001101