1001001111001111
1101010111010110
1011111010011100
1001011111000111
1101101011011010
1111001100110010
1111111000011110
0101001101111110
1110111111111111
0001011110111101
1011101011001101
1111101111001010
1011111111110001
1111110101010111
0001110110111110
1001010010101011
1011110111011110
1011000011101111
0111111101110110
1011010011011101
1111100100110010
1001011011110110
1011111010101110
0101001011001110
1011011010111110
0101001110101011
1011010110100101
1111101110011110
1111101000101010
1101011111100010
1011010110110100
1011110111011001
0111111110011010
1101000101011111
1111001010100101
1011111111011010
1111111101010010
1011111110101000
1011101010101111
0111111111110101
1101110001110100
1111011110011001
1111001001111110
1001111011111001
0001110011100110
1001100111111111
0011011011000111
0101110010110111
1111001100110100
1111110010011000
1101110110100100
1011100111110011
0101101100101110
1011111101111111
1101011000111000
0101010111101000
1111001111000100
1111111000001011
1011101111100101
1101111011100000
1101111100100110
1111101101101001
0111000000011111
1011110110100010
1001111111011100
1111000101101101
1101111101101011
1111100111101011
1011011110010110
0111010010101101
1001111110111100
1111100011100100
0111100110111001
1111011111010010
1111100100100100
0011111111011100
1111110000100000
1101101111110111
0111100101111010
1011111010110111
0011100011111101
0111111010101110
0101110111001011
0101011100011011
1111001011101000
1111010110010101
1111111001011101
1011001110110101
0111101111110111
1111110110001110