1111111001101001
1111110010110011
0101011111100110
1111111100101011
1111001011010110
1111101001101111
1111111101101100
0111011110101010
0101111100011011
1111011110010011
0011101010110111
1111100110011101
1101111011000000
1011100001011001
1110111111111111
1101110011011001
1111000110111010
1011010001111111
1111001011101011
1001011101101001
1001110101011011
0011001010111101
0001101001111101
1011110010111101
1111110111110110
0011111111101111
0101111001011110
1111101101110111
1101111100110111
1011111100110001
0111011100011111
0111101111101111
1101101110111000
1101111000011011
1001110110111110
1011001110011000
0111111001110001
1001101011010111
1111010011011101
1011001101111001
1111011011010101
1101111110011010
1011000010011111
1011001000111011
1001001110010110
1111101101001101
0111010010101111
1011101110110010
1011110100011001
0111100110010011
1111101001111100
1101000110011111
0101110101111110
0011011001010111
1101101010110100
0111111110110001
0101011110101001
1111010110101000
1011101111010001
1111101010000111
0101110101110101
0011111100111001
0011111011111011
0111111111111100
1101111110100111
0001000110111011
0001101010011101
1001010111010011
1011011001011110
1101000100111111
1001011001011111
1101011001100111
1111010101111011
1111111110010101
1101001011110101
0101100110011111
1011010011011010
1001101101011101
0111111010011011