1111110001001101
1110010111101101
0111101011111100
0101011110111111
1001110001001111
1101001101011001
1011100001101011
0011011101000111
0011011001111111
1010000111110111
1101111111110111
0011001110001111
1010111111100010
1011100011111100
0101111111111001
0010000101111001
1110110000010111
1010111001010011
1001111101011101
1111011001101100
0110011111110001
1010010010110011
1110000100010111
1000111101111001
1111010111000110
0111001110100111
0011110100110111
1011101011001011
1010100000011111
0011110101000011
1111101010111101
0010110101010110
0111110100100110
0010011011101011
0011111010011101
1111111110011110
0011110011111110
0011101101010111
0011111110010111
1011000100110010
1111110000100110
0110110100111010
1001000101001111
1101011000111001
1011110110001011
0010111101000111
0111001100110101
1110010111011010
1010111111011101
0111110000101011
0000110111011010
1110101111010110
0100101001111011
1110101001100011
1110001101001110
0110100101110001
0100111001101111
1011111001000101
0111001110011001
1111110001100100
0110110010111100
0011110110101010
1100010010011011
1111111011011001
0111110110010011
0100101001011111
0100111011111010
1111000000110011
0110011011111001
1001001101011110
0110111000110011
1011010101100001
1011000101000101
1111000111110000
0011011111110000
0100000111101011
0110001111011000
0111001001011101
1111001001101011
0010110111110011
1000101111101111
0110111101001110
1011001000101110
1001110101011010
0001101111001010
1110010001101011
0110111010010111
0111100101011011
0111111101111100
0110111101010001
1111111011011110
0001111101111111
0010001011101111
0000111010001011
1010101011011011
1010010001111110
1110111110010011
1011011011011111
1011111110111000
1110101110101010
1110110011100110
0110101100110011
0111000011101011
0111101101101010
1110000110011101
1101111010111010
0011100111110011
0110000011110110
0100111110111100
0010111110110101
0110010111000111
1101011100111010
1101111110101110
1101111101101101
0010101011110101
0110001101111110
1110100110111011
0011100101101111
0110010101010011
0011111110011001
1110001011001101
1100011111101000
1111100100100111
0111111111101101
0110011101010101
0011110100111110
1100000110011111
0110111001101010
1011101111100100
1101110110111010
1110010001101110
0011000011111101
0011001011101011
1111111110101101
0011011100101011
0111010110111111
1110001111110010
1110111110100010
0100101011111110
1011100011101001
0111001110010111
0110110001111101
0110110011001111
1010011000101111
0111001101011010
1011111101111100
1110011101000000
1101110101101010