1011011001110001
0100110001101110
1001011111101011
0000111111101100
0101111111011101
0100100110111111
1110010011111001
1101111110111000
1111101100011111
1101010011111100
0001111111100001
1100011110110110
1101001011110011
1010000011101110
0000111101110100
1111111100101100
1100101111101000
0101011010110111
0110011011110100
1111001001100100
1010110101111111
1111101011010110
0111111111011110
1011011100101110
1110100101101010
1011111110110110
1001011111010001
0010101110101011
1011110011111001
1011110011011100
0010111001011011
1011111000001111
1011110101011100
0101110111110110
1101011001110010
1010111111011010
0111110101011011
0011111110111010
1011000010101110
0110010111110101
1101011101011111
0111001101011101
1011001100101111
1001110111110111
1000001001100111
0011011111111111
1111001110110100
1100110111001010
1111010010010110
1010010010101010
1110001001101110
1011101111010001
1101100100111101
1111111001101010
0100110011100111
1100110101111001
1001111101011000
1110111110000101
1101110011000100
1111010101101011
1101111110001111
1010100011100110
1001101011001111
1101011011101101
1110101010011111
0111100110010101
0111111010101111
1011101100111010
1111110001100101
0100101011101111
1101100011001011
0010111111001111
1011001011111000
1000101001100110
1101100011110111
1011110011101100
0001101111010111
1110010101110011
1111111110110011
1111111110001011
0101101011100110
0111101001101100
0111101011100011
1001001010011011
1000001111111011
0110010001111101
1000011001110011
1011010011010011
1101111010101101
0010101111111000
0101101011111011
1101110101110010
0110111100111010
0001101111101001
1100110011010001
0101001101111000
1111000111111101
0010110010111011
1010101110111010
1011010001111101
0101110111111001
1110101110110111
1110010111010111
1101001111110101
0001111100111110
1110000011101011
1110100111111101
1111100101111100
0101000101110111
0100011011111001
0110001110101101
1001101111001000
1010011111010110
1010100011011111
1010101001110001
1110111110111001
1100001011101010
0101111101101001
1000111111110001
1100111001011111
1101100010011010
0111111001000101
1101101111100011
0101100100100111
1010111001100011
0101001111101001
1111100001111111
1111010100101101
1010010110011011
1001101101100101
1111001101010001
0100101111010011
1100110011101100
0011111111101010
0010101111101100
1001110111111110
1000101101001111
0110111000110111
1010001001100101
1100101001111011
0101010011101011
1011100111111011
1011011111100001
0010111100110101
1011111110010111
1010011010011111
1110011101110010
1111011111001111
0000111001111001