0111111101111011
0100111111111111
1001111111011111
1100101101000011
1100101101110100
1000101101111110
1000111010111011
1111011011101100
0001111010101110
1110001000110110
0111110111111111
0111101101111111
1111110101101000
1111011110110011
0101111001110110
1010011110111010
1100011011011101
1011100101111001
1101110111110111
1011110001110001
1010011111100111
1000110101111111
1110001111001101
0111111100110110
0010011011011111
1011110111011001
1100110101101110
1110111101010010
0011001111010010
1001111011101011
1111101010111101
1110001011011101
1010001101111001
1111111100101111
1111110110111101
0001111011111100
0110111111000010
1100001111011100
1101101001110101
0010111001010101
1011001111101001
1111110001011001
1000111100111010
0110011111010100
1101101011001110
0011011011010111
1011110010110111
1110111000110011
1100011101111110
1001001001111110
1011101111010000
1011001110110110
1111011001010011
1110110010010111
1011111111000110
0101101010110110
1110101110010000
0001101110101111
1110101111001000
1100001111000110
1001011111100000
0110101111110111
1111010111111111
1111110011111010
1101100010111110
0010111010111010
1110111110101011
0011001010101011
0010011111110010
1101011011101111
1111101100010101
1010101100111000
1110110101100110
1101011001110101
0111101111000011
1010101001001101
1111011001110000
1010100111101000
1100111001110001
1110001110111010
1001111100110001
1111110111011110
1011111101110110
1100001111110100
1101001101001000
1111111011100111
1110011100011001
1011001100111110
1110011111001011
1111100011010101
0011101010110010
1011110001011111
1001101010110011
0111101110100000
1010011110110101
0011011101011100
1101001101110011
1010011101110011
0101101110011110
1100100101111011
0010111010111001
1110100011010111
1100011010111001
1001001111101101
1000110110111011