1100111001100011
1111001110010000
0001010000111111
1111100101010101
1001011011101111
1001110101111100
1110101010011100
0111110010111011
1011010100111001
1111011010101010
1101110001100111
0011010100101101
0110011100100111
0111111000100011
0111110010011111
1001110110100111
1101110111101100
0101110111110001
1110111111100100
0101110100100101
1011010110011011
1001111101011100
0110111011111001
1011110011101010
1110100111101110
0110111101011011
1011111111001100
1110111100011000
1110011111101110
1100011111100011
1111100000001101
0110010101101111
1110101110111001
1001011101101011
1011011111111110
1110110111001000
0100111101111110
0011111011110110
1010111111011011
0101010010110111
1110010110100101
0111101111110010
1110011111010001
1010111111110111
1100011110101101
1011111110111110
1011110101110011
0100111111101011
1101111111000001
1010101101111111
1111011011100110
1110010111001111
1111011000111101
0110110011011100
0111010010111110
0100111011111101
1010111101011100
0011001101101111
1011000111011111
0111100001111111
0110101110111100
1110110011100011
0110101100110110
1111001110101110
0111111110111001
0011101101110100
1101010101010111
1100011110111011
1100110101111110
0010111110001101
1011011111110101
1101111010011010
0110111010111101
1011111101001010
1101101111111111
1100111101111001
0011111101011111
1000110011011111
0101110011111110
0111101011101101
1011101100111001
1111111100010110
1011110011000011
0111111001000000
1111001101110011
1000111011101101
0011111101111010
1111100101111010
1111011101111110
1110011100010101
1011001110111101
1111100001010111
1100110111111000
0110111111010101
0001110111010100
0111000111011000
0101110111000101
1001110011010011
1110100011011111
1111101011111011
0111101111000001
1000111101101011
1110111100001001
0110101100010111
1111000111010000
1110111111100010
1011100011000110
1110011111001011
0011010011111001
1111000010110111
1011011000001011
0111010101010011
0111011111110110
0100111011101111
1001111110000101
0110110000111110
1111010111000100
0111100110011101
1011111001010111
1111001100011101
1100011111110100
0101111111110010
1111010100100011
1111010101010101
1000011001011111
1011001101101011
0110110001111100
0110101100001101
1111110010100100
1110001000111111
1100111101001010
1110110100101101
0111111100101110
0110101110100011
1000111101101110
0110111001110101
1111011001111001
1100011011111101
1101111100101110