1001001101110111
0111110100101101
1111101100000101
1010001010111110
1101101100111101
1110111010100101
1000100011101110
1110110001101110
0111111111011000
0011001111111001
1111101111111100
0110101101111111
1101111110011101
1101111100010011
0101101001110101
1111111001010101
0011011110010101
1000101111010001
1001100000111110
0001001001101111
1001100111101001
0111101111111110
0110011001110001
0100111100111010
1111110111001111
1110101101110111
0101011110110010
0101011001111011
0111010100011101
0000111111011010
0101110100111110
1000111001111101
1110001111101001
0101000111101101
0101110001110110
1111011000110101
0110111011010010
0010011111011011
0011110010101011
1110100111110010
1011110111100011
1001011101000011
0101110011011011
1110011001011111
1011011111110000
1011011111101010
1000111111001010
0101111101010110
1110100010111111
0110110010111101
1110011111010001
0110110100111001
1011111001111100
1101111011001111
1100100101011110
1111010100111110
0000001111111011
1111011011100110
1101000001111110
1011111110001101
1010010100111101
0110111011100001
1001110111011111
1101011110001011
0000111101111010
0101011110101001
1001111000101111
1011001101111011
0101111011110011
1100110100111011
0110010101111001
0011110110010010
1011000111011111
0011000101111101
1110011111101010
0111011111001100
0100111110101010
0100110001111100
0111011011010111
1011111101101110
0111111100110011
1110011101001011
1101010001011100
1010001011011111
1001010111110110
1111001000101110
1101101101100101
0111001110110111
1101000111101110
1101001011101101
1110101010101101
0011100110111011
1110111110010111
1011111101110000
0011011010111110
0011111011001001
0110011111101110
0010111110110111
0110011111000111
1111100101011101
1111000110111111
0101110101101101
1000011010101111
1001101110110001
1111101011111011
1101101110001110
1111011100111011
1001010111111100
1011001111110110
1110011111111100
1011010110011100
1001111011011111
1111010001100011
0110111011110000
0111101111011011
1111110111110101
1000000011111110
0001111110101110
1100010110111011
1110111111001000
0010110101110111
0101011101111101
1101100101101110
1101010010010011
1010111111100110
1001011010111010
0111011010110011
0010111010111001
1110011011010111
1011100110101111
0001011100111111
0000111011101110
0001111101011001
1110111101110010
1101001110101110
1101100101100011
0110011100101111
1111111100000010
0001111111100111
1011001111110011
0110011010001101