1001011011110101
0001101011111110
1101101101101111
1011001011110111
0011111000010111
0111101011001010
1111110011101110
0111001111110000
1010001000111110
1011101111000110
0001111111011011
0111000111101111
1011101110110111
1001100111110010
1110111011110000
1111100110011110
0010100111100011
1111110110000110
1011010110011011
0011011010101110
0101100010001111
1111011010001010
1111010111100001
0110100111001001
1110100101101010
0001111010101101
0101001101010101
1010101111000101
0011000111010001
1100001001111111
1000111111111101
1001101111100110
1101111010001001
1100110101101110
1000101010111111
1111111101100111
1011101110101011
0111001011110001
0011010110101010
1100100111100110
1001111011110110
1010110101111101
0010011101111111
0111101100101011
1100001010100111
0111100110101101
1001101111011111
1111100110110010
1111011101111011
1000111011010011
0110001000111110
0110011110001111
1010010010011111
1001111101011001
1011011011100110
0101100110110110
0111011111001101
1010101101001110
1101001000111100
1101111111000011
1110111001011101
0000100111101011
1001011111111010
0010011010110111
0101001111100001
1011011011001101
0100001010110111
0110100101101101
0001111111111100
0011010111001111
1111110110010100
0011101111011100
1110010011001111
1101011111010000
1111111111000010
0101001110011010
0111110011000111
1110000110111011
0110011111011011
0011011000111110
0101101001111111
1111110011111101
0100111001011111
0000111101111110
1011001100001110
1101011110100101
1101111001001001
0100011010011111
1011010111101100
1001011011011111
1101100001010111
0101100111000111
0111001010011011
0110110110001011
0010110111001001
1001111101001111
0111111110111100
1011011011111010
1110110001111011
0110011111100011
0100111101001101
1110011111111101
1011110101101001
1100111110101010
1011010011011011
0111101101011011
1111101001110001
0111110101101010
1010101011010110
0001111101011110
1111111101110110
1110100010101111
0010110101101011
1100011000110111
1100101001111000
0010101011101111
1110111111010100
1101011010011010
0000111001111011
0010011011100111
0111110110100101
0111111101111001
0110110011100111
0111001010000110
0111111110011101
1111111111100100
0111010111110010
1000110001111111
1010011111100010
1100011111010010
0110011010100111
0010111101101110
1111110110010010
0011011011111101
1100111100010001
1101101111010100
1101010111111111
0001111110111011
1101001010011111