0111010111001001
0001000011110101
1000011011110101
1110101011101111
1011010100111010
0101101010111111
1001111111100100
1111110100011110
1101101111000011
0110010111010110
1011011010100110
1110001111101111
1110111011110000
0101111010100110
1111111011010100
1010111111101100
0110111010101101
0110001011110110
1001011010111111
1101110010110101
1011011111111100
1001010100101011
1111100010001011
0111111010111010
0100111110101101
0110001011010101
1111001101100000
0100011111001000
1001101011110011
1110011101101011
0111111111100000
1111010011111110
0110111011100111
1000111101111001
0011000111100101
1111001011100011
0111101111111100
0100110011011011
1111000100100011
0001111110111110
0001001011101101
1000110000111110
1110100101001011
1111011000011101
1010110111100011
1011111111011111
1100001111111110
0101011010111110
1001110110110100
0100101111100101
1111101110011100
1111011001101111
1111100011100111
1011111001110001
1001001110100001
0101110100111100
1111101110010001
1100111011001001
1111111011000010
1111111001010001
1011000010101101
0010011110101111
1101111000101100
1101110111001010
0100111010111111
0110111110001001
0011011100111111
1100100110101101
1100111110010101
1100011010101000
1101000111111001
1000010111110111
1101110000110110
1110100101111001
1010111100100111
0101110000101101
0111010001111111
0111010111111010
1100100110011001
0111010011011101
0110110100111100
1101000110001011
1111011100101101
0001110101101001
1101101101111111
0100010011010111
1111010110000110
1001110011111011
1100101010111010
1101111101011111
1010101010111100
1000011100110101
1011111010100101
0101101111011001
1100110111111000
1111010000110011
0111011110111101
1100111010011000
0010111011101011
1110000101110111
1011101101111100
1111000101001110
1100111111000111
0111000011101011
0010110100111001
0011111010101101
1101011000111110
1110011010100011
1011110110100101
1110110000011011
1000111101101010
1110111100001000
0001101111111110
1101001111110100
1110010110101111
0101111111110001
0111111010100101
1111001001111110
1110111000100001
0001110101101100
0100111011101101
1110110001101010
0111101100001111
1010101100110011
1101101011010011
0100111001110010
0111111110110000
0101110010011110
1100001010011101
1111011011110100
1010001111111111
0110110011001111
0011101001100010
0110110011111001
1110000010011101
0100111101101011
0001000110100011
0111111100101110
0101110011110110
0111011001010011
1100011001110110
1110011101110010
0011111011111100
1110110011000111