1111111001101000
1110100101110111
0101001110111101
1101111000101010
1010101111011000
1111011100010011
1100011011100101
1111001100001010
0011101101101111
0111111101100110
1101100101011011
1011111111100010
1011111101101100
0110111001111101
1000111100101110
1001001110111101
0100001111101101
1010111101011000
0011011011100111
0011111111110001
0011100111101101
1011011001010001
1011001000111101
0101101110100100
1100001111100101
0111100101111111
1110111000010010
1100110101011011
1100111010010100
1100111111110001
1111011101101001
1001101010111111
0101101111110010
1110001110011111
0011101111000110
1010101110101010
0101100111101101
1100101011100101
1111110111111110
1001111110111011
0011111011010100
1011100100011111
1110011000111111
1010011110100111
1101111101000000
1001000100111111
1110111111000110
1100111011111010
0111111110100011
1011010110101111
1011111111101001
0010001110111100
1111101100001100
0101111011110011
0110011111100100
1111011000011111
1000111011010011
1001001011111010
0010101111110011
0111101101010111
1111100010001111
1011111000011010
0011011111111010
1111000001110111
1100110110011101
0100010110100111
1110110010101111
0110100110111011
1011011110011010
1011110110111011
1100111110001000
1101101010111001
1101101101010001
0011010101100011
0101101111001110
1101101010001111
1111100110110001
0101101111111001
1101011111111100
1000110010110101
0100101101011011
0111101111010101
1111010011101001
0111001011111111
1001111111010100
1110001101111110
1101001001101101
1100011100100111
1101011001010101
1001111000110111
0011001111110111
1001100011010011
1111101110001000
0110101101110100
1110100010011011
0100101011011101
1100011111010111
1101011010001011
0100101110110110
1111001000111010
1111110110010111
1010101011011010
1010000011110011
0110001110101010
1001110111000111
0001111111010110
0010011110111001
1100111001010111
0101110011111101
1010001111000101
1111100110001101
1110101100001010
0110100111100011
0011111011001110
1111111001100011
1011101100101011
1111011010010011
1101101110101001
0000100111011011
1111001001011100
1111011100011000
1111110101001101
1000111110000101
1010101111001100
1101000011111111
1001111011001101
1101100000101011
1110101101010011
1110101000011000
0111011111011111
1101111100010111
1001000101110111
1101101101011000
1100011010011011
1111011101000110
0001101110111111
1001100001110111
0100111110111010
1111100110001011
0100101111011100
1100001111001011
1110011100111000
0111111010111111
1001111100110100
1000101001001011
1110101111110000
1101101110010110
0111111100001011
0011101011010011
1111011001001111
1101101110001011
0101111001111111