1111100111001111
0101010100110011
0100010111001101
0011111100011100
1111010101100011
0010111101101001
1110011101101111
0110101110001101
0110101000111011
1111101010010011
0110101101100110
0110001100111011
0000111001111111
0101110111010011
1111001100010110
1101011111111010
0010111100001011
0110111001001011
1111110110011000
0001011011001111
1011111110110111
0110111101100100
1110111111001010
0110011110011011
0101101000111111
0101011010010101
1101100000110101
1111010100101010
0110111001011001
1101000111100001
1111100110011001
0011001111111100
1111111011111110
0101111101100110
0011011111000011
1110010111001110
0101110011111011
1101111111111100
0111010111100011
0010111010101111
1110111000111101
0101011001101111
1111000111011101
0110000111111010
0101010011001111
1111111010100111
0100101111111011
0101000111110101
0010111011010111
1110101111010110
1101100011101111
1011110111111111
0000111111010011
1111101010101011
1100000101110011
0111010011101011
1111001110101110
1100011100111110
1100111101011001
0111100100100101
0111110110011101
1011011111001101
0010101010011111
0101110111011010
1101011101010001
1111011100101101
1111010000111111
0110101001000111
0111110100110010
0001011001111011
1100001100111111
1101111011010001
1110010101010001
1000011001110011
1000011011111001
1001111110011110
1101111110101101
1000001011111111
1110110111100010
1111001111010000
1110111100110111
0101101110001110
1101001111010001
1110101011011001
1111100101010011
1011101101001011
1010111110111001
0101100111111011
1010011110011111
1110101101111010
1101000101110110
1011101111101000
1101001101001001
1010111111100101
0111011111011001
1101101101011110
1101010001011001
1110011101111000
0111110110010110
0101111111110001
0111000001011111
0110101010011101
1100011011011011
1111010111101000
0010011101110101
1100000011111111
0001011110111001
1101111110110010
0100111100111111
0111001111101101
1100111111010001
0111010101110110
0010111111110100
1000111110011011
1100110010010111
0010101100111011
0110111111010001
0011011011111101
1010101101110111
0101111000111001
1001111000011001
0100101111110111
1111111011100011
1011111001010101
1111010100010001
1111111011101101