1110011100011101
1010111101011011
0111110101011110
1010110000111011
1111011111110111
0110011101111101
1111110100100101
1101011000101110
0110110110011011
0111111011110011
1001111001010111
1101100011111011
1111101010111111
1011101001101010
0011010011111111
1001111101100110
1110111000010011
0100001011011110
0110001110011110
0101111000001011
1011110111011001
1001011111101111
1110111111010110
1111011101001110
1010001110011001
0101001100001111
1011000111011101
1000010001011111
1111101110101101
0101111110011110
1011111001111100
0000111111011110
1111010110111111
1011111111110101
0101101101001100
0011110101111001
1000010101111010
0111011010001010
0110111111110011
0011111001111010
1101011001111011
1111110011111001
0110010011011111
1111111110000100
1001110011000111
1110000011111101
1000100110010111
0011011100111111
0110110011110110
1111011010001101
1101011010101001
1010101011110110
0100111110110111
0101001011101111
1001111011101110
1111100001000101
0010111011111100
1101100101001011
1001101100101011
1110100011110011
1110001111011100
0101111011011001
1111111111000010
1101111011111100
1001110001011110
1001000111111101
0110011001111010
1110111111101111
0010111101111011
1111100101111110
0011110111011111
0111111110011001
0111101001101101
1100110001010101
1100100001010111
1111100101010011
0001110000111101
1100110111011110
0010101111011100
1010001011011011
1011110000111110
1101011100111011
1001100110001111
0011111011110111
1001110011100011
0101110110100011
1010011100111000
0100001101111011
1000011011011001
1101110101011001
0010111011011001
1001011101011101
0101001100101110
0011101011011111
0100111100111111
1001111001101001
1110110110110100
1111001100011101
1011100111101100
1100011001011101
1100101101111101
1111100011101110
1111110110011100
1101101101110010
0011101110101111
0101110101001111
1011111000001011
0110100110011111
0101001011011011
0111110111111100
1101101110001010
1010011010011110