1011000101010111
1000011010111100
0111011001001111
1110111100000111
1101010110101111
1011101011011100
1101110100111101
1001101111111111
1001011011101110
0100101011001111
0101101101010001
1100011011100100
0100011111110111
1100101101110101
0100111011101011
0011001111111011
1100010110110101
1110101100111011
0111001110111011
1011111110010101
1101001111111001
0011101111110110
0111111000011001
1101100110111100
1011101101011011
1111011101110100
0011111010111101
0110001111101001
0101011110111101
1101111010110111
1010111111000010
1110100000001110
0111000111101100
0111100011001110
0111101001110011
1011010011101010
1100001100101111
1011101111100111
0110111101111110
1010010110010011
0111100011101000
0111111000011010
0111000101110011
1111101001100000
1110110000111000
1101001101011100
1110101110010010
0110100111001111
0011011101111111
0111010110101011
0100010111011001
1110101101111000
0010111011010110
0111001101100011
1100011001111011
1111011111000111
0011101111111100
0011000111001111
0010111110001011
1010011100010011
0111011110001111
1100111001001101
1110000100110101
1110110011101100
1001011011010001
0110100111111000
0111110011110111
0111110100111011
1100010110110110
1101111111000011
0111110111001011
0011011111111000
0010110111101001
1000010011111101
1111101111010100
0011101110011011
1110100001000101
1011010101111100
1010110001111000
1111111010000011
0111101010100111
1001111101010100
1101101111100101
1010101111010110
1110001111111110
1110011101011110
1101001101010111
1000111101001110
0100111111101100
0001111110100111
1011101100111001
0011001110011101
0110100110111100
1001111101001100
1101110001101001
0111100111011011
1110011010011011
0010111011110001
0111011100110110
1100011110111000
1011011101100010
0100101110110110
1111111010010110
1111100101010010
1101101101111010
1110100011101010
0111101100110001
0111110111110110
0111101001101111
1110111010110000
1101011000111110
1110011011011110
1101111110011011
0011101110110111
1111001011111111
1110111011011100
0011010111111101
0110011011111101
0110111111010010
0001110101101101
0111111111011100
0001011110111010
1010001101101001
1000011111011101
1110100011101001
1100010101111101
1011110110011001
0100010111101001
0100111001111101
0110010011001111
0100011111011010
0111111011000101
1110111000001010
1001111110011111
1111111110101101
0111100101100001
0011101001010101
1110011011010111
0111110101010011
1100110111110011
0111011001110101
0110001110101111
0110100111110101
1010110010100110
1110000101110011
1101100100101111
1110111101110010
0110011100010001
1110010010111110
1101010011111010
1000111111101011
1101110111011010
1011110001011101
0110010111100101
1011010011011010
1001111011011010
1101011101001010