1101000111011110
1110100110111110
0101110011101111
0101001111001101
0111100101001011
0010111111010101
1001010111101111
1111111000011101
0011010111011111
0001011000011111
0101011111010101
1000101111100101
1111101000111111
0100011111101010
1111111001101111
1111101011100011
0111000100011111
1001100111111101
1111110111110111
1011110101111111
0111010100011100
1011111011000101
1100111110111111
0111100100111010
0111011110011011
1111111011001110
1101111101110101
1101101011011111
1000111011010100
0111110110011000
1010101101100011
0011011111011010
1101100001111101
1101010011011000
0111000111111100
1100101111011011
0100111111010110
0011010110101011
0001101111101110
1111111000011011
1011111001110011
0111111011100111
0100000111011111
0110101110000111
1101101111110001
0011001001011111
1111000010111011
0010101111011011
0100101101111111
1111110000111111
1011011011111101
1001011100111110
0111101101010110
1001111111111011
1111001101011011
0011101110000011
0110010110011100
1110000011111101
0010111011101111
1110010111001101
1101011011101101
1101111110111011
0111101010001111
1110110101011110
0001110110001110
1111011101001010
1101011001111000
1110000111101010
1101101111100100
1011100111101110
1001101101101101
1011011111110101
1101111100001101
1101101010100110
1100001111001111
1111101010110101
0011110111111100
1000010111111111
0011101111111101
1111011001010110
1011010111011001
0110010010111011
0110001100010111
0111001100101110
0111011011111110
0111100101001101
1011101010010010
0110011011011101
0000011101110110
1101110110101101
1001101011101101
1011111110011101
1110110011111110
0101011101011101
0101101100011101
1010111100101101
1000101111010110
0111011010110001
0101101011110010
1010101101011100
1111100100011001
0010110110001111
1111011011101001
0100100011111011
1100010011001111
1111111100111000
1110110101101100
1111111100001110
0110111001110110
1101100111101111
1011101111100100
1001001110110110
1111001111110010
0100001011111101
1111100011101111
0011100011111110
1100100111011101
1110111111111001
1111011111100111
1011001111011011
0110101010110110
1110101110111100
1110101011001101
0110101101011010
1011001111111100
0100111111001101