0110111100010101
0111110110100011
1110111110100001
1111100111110111
1110101001110101
1100101100111101
0110011001110110
0101111010100100
1100101001011011
0001111011011110
0101011111110110
1111011111101111
0111011110011001
0001111111100000
1101000101011101
0001110001111101
1010110100110110
1001101011101011
1111000101011001
0100101110011011
0010111011111010
1111001100010111
1111110101001010
0111001011110110
0111110111011101
0100011110111100
1011110000100111
1101011111011001
1111111010011000
0111011100011111
0010001011010111
1110110010101011
1101111111001000
0100111101100101
1111111100111011
0100110101110010
1110111101010011
1011110111011000
0001101110110111
1111011011111001
1101110110001010
1111001111110100
1101101101101011
1100011111111000
1110101011101011
0000101011010111
1101011101110111
0110111001111010
0101101111010100
1110101110010010
1101110101010110
0001001110011100
0111011001011011
1111110000001101
1101100110111000
1001110101010101
1110100011111110
1010110100111101
1000100101111101
1100001111011110
0011001100110110
1110111011011010
0111110101100111
1111101010011111
0000100011111101
1011000000111111
0001111101100011
1011110101011001
0111110011101011
0010101100011111
1001001011110010
1110101111100000
1000011001111110
1111101001100100
1100101010100110
0100111110001010
1110100010111011
1101111001001011
1100110110011011
1111110011010011
1110001001110111
1010101011110101
1110010111111101
1100111100001110
1001111011101101
1101100000111101
1111001011010101
1011111111010110
1100110000111110
0011101001110110
1110011011011101
1111001111010001
0010101001110111
1100010010110110
1110111111000111
0111010001011111
0111101111101110
0111111101101110
1011111010111101
0010001101110010
1101111110000010
1100111100010101
0101011110011010
1101011000111110
0100101100010110
1111011001111101
1011101110011010
1111111101101001
0100110111101111
0110111111010011
0110011011111100
0000001011111101
0011101111100001
1101101101110000
1110110111010011
0011100010111010
1001110111111001
1110100000101111
0110011111011110
0111100010111100
1000111110101010
1111101101010011
0111100011011011
1011010101110101
1011110101101110
0111010110111111
1011101010100011
1011001100011111
1110110101111000
1110101110100101
0010110111001110
0100101011111110
0101101111010011
1001110001111110
0110111111101000
0100101010111001
1101001010110111
0111001101011010
1001010100111111
0101110011110110
1101101110001011
0011101000101111
1110111010110101
1111111011100010
1011110111101000