0110110111011111
1001110000111111
0100110010110011
1001010101101111
0100011101110110
1101110101110101
1010111100110000
1110101111111100
1110101011001111
0100111101111100
0110110110101110
1010111001100111
0111011000111101
1101101111101101
1011011111111100
1111010111010101
0101100111101011
0001011000111111
1110010100110111
0100111011101001
0011110010110111
1101110110010110
1110010101110101
1111101011110000
1111110111010100
1101001110110111
1110000100101101
1010110101100111
0111011111010111
0001111010111010
0110110001101111
0011110011010010
1001001110111011
0111000101011011
0110111100110010
1101001101010011
0101101000111010
0011001111111101
1111000111110101
1000111011000100
1011001110101111
0000111101101111
1110011110101011
1010100111111101
1111001111111001
1111011111000111
0111000111111110
1001101111011111
0011101110111111
0110110111100011
1011110111001100
1001111001111011
0110111111100110
0001111111010010
0100101011101110
0000110001111111
1011100000011011
0110111100111100
1100101110111101
1110011001110111
0101111010011010
1011011011001101
1101010001100011
0000111101111101
1101100111111100
1101010110100100
0111111100011111
1111110101111010
1110011111011111
1001010101011110
1011110110011110
1100111111111010
0100100011110011
0111110110001011
1000111011000001
0011111101011111
1110111001111011
1101001001101110
1100010111110110
1001110100101001
1111101110101010
0110111111001011
1010110011110101
0101011010111001
0110011111111011
1110100111011001
1101111100110111
0100111111100001
0011010100101011
1010110111001011
1101101110001111
1110101110110111
1110100101000101
0001101011111011
0111110110100111
1111011011010100
1010111011010000
1111111010101011
1011111101100100
1101110111110000
0111011110110100
0110111010001110
1011101111111110
1100000011111111
1100111000011100
1101101111001011
0111101011110101
0100111110001101
1000111100011111
0101110001010110
1001110111010101
1111011010010001
1011101110100111
0111101010011110
1000110110100011
0101101111011101
1001011111110111
1100101000101111
1011011100100111
1110011111100111
1100010001111110
0011011111110110
1111001100110111
0111001111111010
1011110101010111
1101011101101100
0101111000111000
0101011010101111
1111100010010011
0111110111111101
1010011101111110
0011011111011111