0111010111110001
0101100111010110
0010101011111011
0100111011010110
0110010101010111
0000111110101011
0101111011101011
0100011111001111
0101001111110100
1100111101001111
1100100101011011
1101111101110110
1100011011100110
1111010001111000
1011111111000111
0001011111111111
0100111001110111
0111111001111101
0111010101111101
0111101001010111
0111001101001111
1111100111101111
1110000110110101
1101001111011011
1010001111101011
0100110100111110
1111111111001011
1111111011001110
0101001011111010
1111011100110001
1110100011111000
1011100100110111
1010101110101011
0101001001111111
1110001101111010
0011011111100101
0010001011100111
1001111100111011
1110010100111110
1110101110011100
0011111111011011
1011101101111101
1100110100101111
1001010110101011
1111101110110100
0111100111010101
1110111101010100
1110001100100110
1111110110001101
1100110011000101
1100101100011110
1011110101110001
1001110111110101
1010110111111001
1111111010111111
1101010011110001
1100101011111111
1001111110100010
1001101100011111
0111111001111110
1011101011101001
1110110001111110
1110110110111000
0010011111010101
1111010111011100
1110001101010011
1110111001100111
0100101101011011
1100110011110001
1010001011111000
0101110111011011
0111111110011111
0001111111111101
1110001011110001
1111101101000111
0100011110110101
1101000111110101
1101110101011100
1011111011110101
1001101110110010
0011101110101101
1111111100010111
1111001110100010
1101001100111111
1011010011111111
1101001101001111
1100001110100110
1001111110100100
1001011011111000
1001010111111110
0111110011011000
0101000101111110
1100101100101110
0011010110111101
0110011110111100
1011110011001101
0110110101101101
1101011101010011
1110011110001111
0111100110111100
1111101101111001
0111010110100011
0111111101001100
1001011110111101
1101011100011101
0111000001011111
1100011110011100
1110100001010101
0110111110110011
1101110111000110
1001010101011011
0110111111101110
0100101111101001
1111111110001110
0101100111111100
0101101110111100
1111111101101011
1001111001011101
1100101111101100
0111110011100111
1110111110101101
1100111011011011
1001100011111101
1011111101111110
0111010011010101
0111011101111011
1000111110110010