1111010010101111
0110111101111010
1001011111101010
1001111101011110
1100011011011111
1111001101101101
1110001110110011
0110001110011111
0101110011001100
1101010111000101
0110101111100111
0000100111111111
1101010111111000
1011010101001001
1101111101010101
0111111001110011
1001110001101111
0110001010111110
0000011101100111
0101111111111000
1111010111010100
0100001101110111
1111101100011010
0111111111100010
1111111011110101
1101101010010111
0010111001101111
0111110110111011
1111010011111110
1101101110010011
0101000111101101
1101001001111110
0110111000101110
0111011111010110
1111111001010110
1011110110001100
1110001011101100
1101001010101110
1110111111010111
1010100101111011
1101000100100011
0001110111111011
1110111101100110
1001011110001011
1110001011011101
1110100011001111
1101100111111000
0100001111111011
0011001110011010
1011111011111101
1111100011100110
1100101001011110
1111110001011001
1101011110101101
0011111001100110
0011101110100110
0110011001011011
0110010111101100
1011111111101000
1111100110011010
1100110001101101
0101101110101111
0111101011100111
1111111100010010
0101101011001001
1011010111001100
0011100110101111
0101001101100111
1001100111100011
0101101100011011
1011010111111010
0010101110111111
0111110010000110
1111100001101010
0010010111011100
1011001011101011
0111100111111110
1101111111000011
1000001110100111
0110000100111111
0101111000101011
1001010101001011
0010001011001111
0000110010101111
1111010111010010
0010101111111110
1111111101101100
0111001101000111
1110011011110010
1010111111110010
0111000101011111
0111000111100101
1001011101011001
1011101001000011
0001111001101111
0111010101100110
0011111111100101
0101110100110111
1011111111110001
1001100101011001
1001101111101110
1011101011101110
0111110011011000
1110110100110100
0001011011100111
1100110100110101
1110011000011110
1111100011001000
0000011111100011
0110111011001110
1011011101010100
1101100001101110
1110010100111001
0110001101011111
1111110000101110
1010101001110111
1101101110110110
0111110111101010
1110110111111010
0111111110111101
0100011110101111
0001101111111110
0100110001011111
0011010001001111
1101100110110101
0111100111101001
0101101111011110
1011111100111111
1111000111111110
1111010111101010
0011011101011101
0000111111111010
0101111110111110
1001011110111110
1110110011110011
1011011101110010
1011001001111111
1110111110101101
1100111110011000
0001010111110100
1011101111111100
0111011000011110
1111100010101001
1110100011101110
1111001110111101
1000000101110101
1010010001101011
1011011010011111
1011111110010111
1111001111110001