0101111000011111
1011101110101111
1100110101110100
1111100111110111
0101010110111101
1011101011011101
0111101111011111
0101001111110101
1111100111101001
0011110011100111
1010100001101011
1101110001011001
1010010000111111
1000111000111011
0111011001101111
0111111011111100
1111001110010011
0111110111010011
1011110100110110
1101110100111111
0011010011111111
1110110011101001
1111101011010110
0110101011110001
1001011011010100
0000111101100111
1010011010100101
0011110100101010
1010010001101111
1110111001001010
1100110110011111
1111111010011011
1110111111000101
1111100011011000
1101101110011111
1111111100011101
1101011111100100
1110001110101001
1000110111011111
1001011111101101
0111011110101100
1111000111011100
1101100001111111
1001001011111010
1110011011111110
1100111010101001
1101111000001111
1101110110110101
1111100010111000
0111111000111011
1010001000110111
1110010110001111
0101111110101010
0000111111011101
1111010011111011
1000010111101010
0100110111111101
0111011110111010
1111101011110100
1111001101111110
1101101011100101
0010011111010101
1011110101101000
1110110110110111
1010101011101101
1111011101111001
0011010100111110
0001111010111110
1111100000111010
1111111010101110
1111011101011111
0110111101101001
1101111011110011
1011110100010011
1000011101100111
1010111000111110
0011011010111111
1100111110001111
1111001011101010
1100001110100111
0010010101101111
0110101111110100
0000111010011111
1011111001101001
1110111000110110
1011110000110011
0101101101111010
0001111111110000
1111101011000101
1110011110001110
1001101100111101
0100100101111110
1110110011010010
1101110111011110
0111101110100110
1111110101100101
1111111111100011
0011101111111111
1010111111010001
1111010100101111
1100011110111110
1100110101101010
0110101101110010
0101010111111011
1100111011110111
0101100011111001
0111110001111111
1000111011001111
1101000011111110
1100010101111101
1110001011100101
1110110011111100
1011001111001101
1011100001001111
0011111101001001
1011010110011111
0110001111101100
0111001011101001
1111110001010001
0001111110010100
1101000011111101
0111011110011111
1011000101111111
0010010111100111
0110101101111101
1111001111110001
0111010100111100