1011011111101111
1011111010011101
1011010110111011
1101111010011011
1110111111111111
1101101111111111
1101011110101010
1101010110011100
1011110111101011
0011101011111101
0111111110111110
1111100111110001
1011101111110111
0111111111100010
0011111110101001
1111010011110101
1011110111110010
1111111101111111
1011010110110101
0111001110100111
1111001010101110
1011111011101011
1001111010101101
1101011010010110
1011111110011100
1101110111110001
0101011110111011
1111110110010000
0111110011110100
0101111011101100
1011111111101000
1111111010110010
0011100111111111
0111100010110011
1111001110010111
1111000110101111
1001111011011001
1011101111011010
1001111111010010
1111101011100110
1011110011011011
0011111011010111
1101010111100101
1011011111011111
1101010110010101
1011010111110110
1011110010111110
1111011111001111
1101011011110011