0100110001101111
1110110010111100
1101111111010110
0100101111110010
1110010000101110
0100110111101011
0010111011100011
0000011111111110
1110000011111001
1011111111000111
1010110101011111
0101011111110111
0110101111100110
1111110001101100
1010101001111111
1111010010101101
0010111111001001
1111010101011011
1111100010110011
0101001110111111
0101111101111101
1111010111010101
1000111011110001
1011001111101011
1110100001101111
0010011101111000
1101011011100111
1010011111010010
1101110001011111
0111111110000000
1100110011100101
1101100000110101
1101011110000011
1110001001100110
1011111011011011
0110100101101001
1101111010101111
1011110011101001
0111101101010001
0010111001001111
0111111000100100
1100111010110101
1010001111010101
0100101011001011
1001111011110110
0111011001110011
0111011010010111
1011111110111111
1111110101011100
1100100111100101
0110011101011111
0111101011100111
1110111100110110
0011110011110011
1101011010110111
1111001000101101
0111111101110010
1100101010111110
0110110001101101
1100100101110001
1001001011111011
1101011111001101
1011101011011110
0110101111010011
0111001110110001
1111001100111011
0110001111011111
1101111011010111
1011010101111100
1111111001011101
0001110001111111
1110111000110001
0111111101000110
0010101111111111
0111101100010011
1111010110100001
0101110110101001
0111001111000110
0110101111001110
1001001111100110
1101001111101011
1010111001001110
1111010100111011
1001011111011000
1111111011111010
0101111111100010
1110001011101011
1111010100100110
0110101111010110
0101011100001111
1110101101100011
1101110011111100
0110111110111111
1011100011101101
1110110110010111
0111001101111001
0011111101011100
1110010010111011
0110011111011001
1101111101111110
0110110111110111
0111100011011101
0101010111101011
0101011111011001
1110010110011011
0001011011011111
1110011110010111
1111100100111011
1011100011110101
1111101001101011
0100001101111011
0111101001001110
1001011111110101
1101100111011111
0101010100101111
1110001110100110
1111100111111110
1010111101100110
0111010011001111
1111101111101000
1011110101100001
0110011111101010
1100110101000101
0111010111110011
0110011011110001
1111011000100001
0011010111001101
1010110111110101
0111001110010111
0101100110111001
0011001101111111
1110101100011111
1100110110100111
1100010111111111
1110011100001101
1011110111010010
1100111111101001
1111101110000001
0110001001111011