1111101011101110
1001011011110101
0001011111011111
0101101001101111
1101011001100101
1110110001101111
1111100001100011
0101101101101011
1001010111101110
0011100101000111
1010011010100110
1101010110110101
1110101100111010
0011001110001111
1101010111111001
0111111100110101
1001100100111010
0101011101010101
0111110100101110
1011011110000110
1010100110000111
1000111111111111
1011100101111001
1111001001100101
0110110111111010
0001011000111111
1110111111110001
1110010011111111
0110011101011101
0111100111110000
0110111011100111
1101111111110001
1110100110010011
1110111001001010
1010111000001110
1110000101011110
1111100011000101
0100111111001000
1111010011010010
1100110100001111
1011100100110111
0001110110011011
1101110011110101
1011010101011110
0101100111100010
0011110011111110
1100101101001001
1110101010101001
0111100110001100
1001011011010111
0100110100111101
0001011110110111
1100110110011110
0011011101000010
1010100001011110
1111110110100001
1011111010111010
1011010100111101
1100101001110110
0110100110001110
1001110010111100
1010001011011101
0100101111111111
1110011101111011
1111101010110001
0110101001011101
1100111001100100
0011101101110110
0100111100010111
1001100111100011
1101110101001110
1111101011011100
1110100010111001
0010111010110110
0111001111110110
0011111110100010
0110101011001101
1110011000111100
1101110010011001
1110101000101111
1001110101001001
1001111100001100
0100110110111110
0001011011111101
0011110100001011
0110111100110011
0011100101111100
1101001110111101
0011110000101011
1001101111011000
0010101111111111
1101101010000101
1101101100100011
0110101010010111
1010100111110101
1101110011101011
1011000111100111
0110110001111011
1001001111011111
0001101111010110
1101011001101110
1110101110010101
1010100011011010
1010001111100010
0111101011000111
0100110111111011
0011110101110011
1011111011101001
1101101010111010
0110111101001110
1010101101101010
1111000111010111
1111000100100101
1100110000111110
1100101001101001
0101101011010011
1010001101001100
1110110111101100
0100111011011011
0101111001011111
1110111010101100
0001111110100110
1110011101100110
1101111011111000
1101001000110111
1101111111000110
1110110011100101
0110011111011001
0101100010111011
0101101110001100
1101101011001001
0101101110110101
1111100010011001
1110101100111100
1011011011111011
0111110001011110
0110111001010111
1010100010111101
1011110100001001
1111011110111011
0111010111111111
1011110011100110
1101101100111001
0111110000110011
1011011100010100
1011011011011100
1001111000111101
1100100100101111
1111111110111000
0110110111000111
1111010110110100
1110001111000101
1110001110100110
1111101101010011
0010110010010111
1001101110011101
1010000111101110
0110111000011100
0101011011101111
1111110000110101
1011110101101110
0111110010101110
1001011100110100
0101101110110010
1001110100110010
0010111000111100
1110111101000111
0001111110100011
1110000111111010
1100100111010010
0110100011111100
0111001101011010
1111001011001101
0101111010101111
0100011011010111
0011100111101011
1011101000111111
1001101101100110
1010100001111011
1011111001010101
0110011111101001