1011101011010010
1100101111001101
0011011110001111
1010101010100000
0101100101110110
1010101101111011
1111110111101001
0010111100111101
0110010101001111
0001111110110010
1010100011111100
0111010111001110
1110000111101101
1000101111011111
1011101101011011
0110101111111111
0011111010010101
1000100111111101
1110101111011100
0101101001101101
1101001101011111
0111001101110111
0100111000111110
1111001110001001
0110111101100101
1110001100111111
1111001111101000
0111101100000111
0010011101111001
0010111001101110
0111110011111100
1001111001111101
1001010101001111
1011010111001011
1101010111111010
0011100011011111
0101111100111001
1111110111001101
1001011111000010
1111111110011110
1010011111101011
1110000110111101
0101101111010101
1110100101100011
0101111110101111
1100100111100100
1101010110011001
1111011011111111
0010110110011101
0011110110010011
1000010110011111
1110110001111100
0101011110110111
0111100100111101
1110100101010111
0111110111100010
0111100111000011
0111101001110111
1011101100010101
1100001110100100
0111011100100100
1110010101011001
1010111101010001
1001101011011000
0001001111101101
1011011110001011
1101101100000001
1100111111111011
0011001100011101
1111111001111010
0111110111110101
0011111101100101
0110111110100110
1111111001011111
1101011100000101
0101101101111010
1001100101100111
1000111111010111
1111110100110101
0101100111011110
1100111010101101
1110011101011100
0110011111000111
1110010100111001
0111011111111010
1111100100100011
0011100010111101
1010110010010111
1100101011010101
1010110111110011
0101111101101110
1001110110111110
1101001100110010
1100100110111111
0001101111110101
1011100011110101
1000011111110100
1101110011111111
1110101101110101
1110111011010011
1100101100100110
1101001110100001
1001001101100010
0011101110101001
1011100111010111
1110010111110110
0011101100100110
1100111010001111
0101101111110100
0101010101001111
1011010101010111
1001011100110101
1110101111000101
0001000111111001
0011001111001001
1011111101000010
1101001111010101
0100010110011101
1110000111111010
0001111110010101
0110111101100010
1001000101110100
1010101100000111
1011011111001000