1011001011001111
0001110011011101
1110011110111111
0110010111010111
1110010001111001
1010100111011110
1110100010101011
1001101101110011
0010001101111010
0111111110000011
1001110010111001
1010111110101010
1011010101011101
1111111100101100
0011111010010101
0100011011110101
0101011110111100
0100111111011110
1010111101000110
1010011111010010
0111111111100000
0110100011110110
1011011111100101
1000110100111010
0111111000101111
0011001111011101
0011011101011110
1000111111011011
1001011100001011
1111111110100101
1010011001111111
0100111011011101
0100110101101111
1011100111000111
0001110101011101
0111101110110111
1011111111110100
1011111000000111
1111011110110111
1110111010111101
1100100111111011
0000111101111010
0110001011110010
1111011000011111
1101110101001111
0111110001101101
0011000111111000
0010101001111101
0101111010111110
1101110101111000
1111011011011001
0110111111011011
1100010111101110
1110110011100011
1110011101100011
1101111001111111
1101010010111100
0000011011110011
1101000100111110
0100110110111110
1100101011111110
0111110111001011
0100001111111010
0000111101101100
1101000111111001
0101111010111101
1010010011101111
0111111111000010
1010111011100101
0111100011100111
0111011101101100
0000010011111001
1111101111011011
1010111100011001
0111011010101111
0010001101110111
0001011011000111
1110100101011110
1101111110001100
0011011111001010
0101010110011010
0101000011101111
1001110011111010
1111000010111110
1011010110101011
0101110100110111
1001111011100011
0110000111111111
0011111011111110
0001101101001110
0011111110110110
1100101111100111
0111010001111000
0011100101011100
1111111110101000
1111111011011110
0001011101101001
1101011101011100
1011100101110111
0101011111000110
1110110101011010
1111111101110100
0010001111110110
0111101011000101
1111111100010101
1111101110001110
0111111100111001
1110110100110110
1110000011101011
1101010100101011
1010111111111000
1111110111110100
0011111101010001
0011100110111111
1001011111011101
1101100100100011
0111101111101100
1010101011111010
1010001101101001
1001110010010111
1011101110111100
1011011101011001
1011000111101110
1011110001011111
1111110111010010
1111100000101110
1110101111011101
0111000011001101
1110101110111110
0101000011111010
1110111011101110
1110110000010011
1111101001110111
1110110100101111
1101101101111100
0111010101011110
1110111011001011
1010010101101110
0111110111110010
1111000000101101
1011010101001011
1101111101010111
1111111011101100
1011010111110111
1111101010111001
0010101010101011