1100111011101101
0101101111001010
0100111011010111
0110011100111011
0111101101011110
0110001011101110
0001110100101111
0110101011110011
1010001011001111
1001101101111110
0101111110100001
0110111101100111
0111011010011100
1111100001100001
1011110101111010
0110011010011110
1110100001100011
1110011011101101
1011111111100010
0111011110011000
1110010111101110
0110111011111101
1011001001110101
0111111100110101
0111010100111111
0111111111000101
0011100011011100
1111010100010111
0001111110111100
0101111111111000
0000111101001101
1101101001100110
1011110110000001
0110110111100110
0111011011000010
0010111000110111
1111101110011111
1101011111100011
0111110111111001
0101111101100101
0011110100101011
1010110011111000
0110101011101010
1001000010101111
1110110011001001
0101110101011110
0011111001001110
0010101011111111
0111110011101111
0110011100111110
0110011001110011
1000111010011101
1101101010100011
1001011110101100
1101101001110100
1111000110111101
0101111001101100
1101111011111001
1110010110111000
1101110001010011
0101100011110111
1100110100101111
1011010100111100
1110011110101011
1010010111001101
1001000111111001
1101100010110111
1110110100000110
0101101101111110
1001010111110001
1110000101100011
1011011111000101
1111010010101000
0101011001110101
1101111100111100
1110101011010011
1011111010111000
1011101011110110
1010111000110010
0111110000010011
1011010011101110
0110101101101111
1110101001111010
1000101000111111
1000101010111011
1111010111010011
1001110110101011
1011000111011001
0111011101101101
0111001101000111
1111001111010011
1011001001011111
0100111110001011
0011111010000111
1111101101000110
0011101000111001
1111001010111001
1110101000101100
0001101001101111
1101110110011010
1011001011100111
1011101110111000
1100111110110110
0001100111001100
1011001100110111
0110111101001110
1001000101110011
0101011110101100
0111111101110110
0011110111110011
1001110011100100
1111111101011010
0011011011101000
1011010011111010
1111111000101001
1001111110111001
0110010111011110
1000111011111010
0011011110111111
1110011011101011
0101111100101010
1101011001101101
0001001111110100
1011010110001100
1000110111011001
0111101110100110
1001110111011000
1101101111010000
1111011001111100
0000111011110110
1111100110111011
1100110110001110
0001111001111100
1110110111110101
1101011111011111
1010010110111110
1110001100110110
0101110101000011
0110011110010010
1100110010100011
0011111011100101
0101011101111100
1001111101001001
1101101100111010
0110111010100110
0011001101011011
1110111111010101
1111011100111001
0000001111101011
1010011101110010
1010111011101101
1110010001101111
0100111111110011
0101110011010010
1111101100101011
1011101000100111
1100001011110110
1011100101111101
1111100111100000
0111001101110011
0101111001011011
1111111010010010
0110110101110111
1001111001000100
1100111101111011
0111100101111011
1010011011010010
0011110001111111
1111101011000011
1110111100100101
1110110101111010
0100111001111110
1001101001100011