0110011000111111
0101111101111111
1111011101110110
1111001001011001
1111111100000110
0110101001111100
1100100011011111
1110110100011111
0011110111100011
1110101011010100
1100111110111000
0101001011100110
0111001101101000
1101110101101101
1111010001011110
0011110011011011
1011111111011001
1011011111111101
1011011111100110
1111101000101011
0001111010010101
1100101110011110
0101011111001001
0111110111000101
1001011110100111
0000001110111011
0111110010010011
1101001001111110
1100101110111001
1011110101011101
0000110010011111
1111100111001011
0011110010010101
1111000111011011
0010110101010110
0111000111110011
1010001011110011
1111100000111111
1001011010011111
1011111001110011
1101000101110001
1001101101110111
1010111101110101
0010100101111111
0100011011011110
1111111000110011
1110101100111111
1110010111010100
1111110110111110
1110010101011111
0010101111111100
0000111111110100
0111101111011101
1101101110000111
1101110111001010
0011100111100111
1011111000011011
0111011001111110
0101001110010110
1111101011010001
1000111101111101
1010110101110010
0100100010111111
0101110111110011
1101111011100011
1011011110001010
0011111101111001
0110011110110001
1111011110000010
0101011011001010
1111011010111010
0010001110011111
0011111100101110
1011111001001111
1000111010110001
0010111011010011
1111010010011101
1101111011010000
1110111111101111
0001110010010111
0111110110010001
1101001100011001
1110011001010111
1101110101001011
1010001011111110
0111010011010001
1110100011011101
1111111001000110
1111000011110111
1111011101100111
0011111101100110
1101001100111100
0111011011010010
1111010100011111
1001111001101111
1101111111100010
0001101011111011
1101110001111111
1100011011110010
0001111111001111
1100100010111011
1101110101000110
0111011110110100
0110101011110111
1001111110110000
0101110111101111
1111010110110101
0010111111010010
1101001011101011
0010110001111100
1011101100111100
1011110110110011
0110111001110110
1010110011110001
1110001111011011
1111100111111110
1001101011101110
1111111110101101
0010111110110010
0111101011010110
0011111000111100
0011000111110111
0101010011110111
1001110100111101
1101110111111100
0110011111110100
1001100110011011
0001101111011111
1110000101110011
0110010111011010
0011101110101111
1101100111011101
0010110000111011
1111001100110111
0110000111110111
1011001111110010
1111010011011000