1110100101110110
0101011111101001
0011001111100111
1111110010001011
1111100010110001
0100001110111101
0011000111111111
1011011100011011
0111111011011101
0010101010110111
1010011111011100
1111010110001000
1011011110101100
1000010110111101
1101111111110111
1111100001000110
1110011110011110
1001001100111101
0111101111111110
1111100000110110
1110100010110011
1110010100110110
1000010111101101
0100110100111111
1101111011001100
1111000011111011
1001101011001010
1010100011010110
1110101000011110
1111001101111011
0010111010010111
1011000110011111
1100111001101101
1111111101011101
1010100001111111
1101001111111110
1101110111101010
0011111110001000
1111001011011101
0010110010011010
1010000111000011
1111011011100101
1111001111100000
1001110011111110
0101110011111010
0110111110101101
1000010011111111
1010010011101101
1011100001110110
0101010010111011
1010101000110110
0111101110011111
1010110011101110
1101110101001110
1010011001011111
0110100001111111
1011101110010010
1111011100101111
0010110000110111
0110111111100110
1110100101101101
0101011101111011
1101101001011110
1100101011111111
1111010101000111
1011111101101111
0111111100111101
1001100001111011
1000110111011100
1100011100111110
0011110000011110
0100011010111110
1010101010000111
1010010110010111
1011011110001010
1101110010111001
1101111111011001
0111110111101111
1110111011011000
0110111111010110
0100001101111111
1100111111111011
1110101010101101
1111010110000110
1100010111001110
1110000011001110
1101001101001111
0111011101011011
1110010110101100
0110001110110101
1001010110011011
0111101011111011
0111011110001011
0111011110111100
0010010100011111
1011010011100111
1101111100001111
1011101101110011
0111100111111011
1011010001111101
1101010001111011
1110011001111100
1000100100111100
1011011011111011
1110011111001010
1011101100011011
1010001101011111
1010000101111110
1110001110111001
0011111011100101
1011010110110011
1111101111011100
1111110001001011
0111001100111111
0110001101111101
1100011110011111
1010001001111111
0001111111111111
1100110010101110
1110111111001101
1010100110101111
1111110110010011
1110110000101011
1110010011110001
0010011110110010
1111111110010101
1110100111111000