0011111011111101
0110101111010101
1111110011101110
0111111100101111
0111111111011000
0110110011001001
1101111110111000
0011101110101100
1001101110110011
0111100111110011
0100111110101100
1111101110111010
0101011101111001
1111001111000001
1011100011110011
1011110110001111
1110011111111111
1111011111111010
1101111111011111
0111101011011100
1101110011111100
1111011110011011
1011011010001101
1111000001001011
1111010111100001
0010110110111111
1111111010011000
1110100111011010
1101011111100011
1011010011110111
0010111111001010
0101111011111110
1110110101001101
1011001011111101
1010110111101100
1111100111111101
0000111111111001
0011010111001011
1000111111111100
1010101111111110
0101110001110001
1011001110101110
1111111111110110
1010111110111110
0111010101100011
1111110011100111
0111101011110101
1011111101111111
1001101010111100
0101001111100111
1011101011100001
1101001111111100
0011001111101110
1111110110000011
0011110011011110
1101101010110101
1011010011111110
0101001100111111
1111101010100001
0010111010110111
0100110111100011
0101111010101101
0100101110111100
0111110000111110
1110101011011100
1010110011011011
1111010110000101
1010111111000101
0111110100111011
1111101101111110
0111111110101011
1100111001111000
1110100011011011
1001101111101101
1010110011111101
1111001101001101
0110101011101110
1101111110101011
1111111101010111