1100110111000011
1001011111110000
1101110111110100
0110010110011111
1001010111010101
1000111011110011
1101111110111111
1111110100011111
1111111101001011
0011010000100111
1100010101111000
1011111101100010
1111110111010110
1011010101110000
1101110011100110
0011001111011111
0010010011111110
0110111010011000
1110010101101111
1011111010011011
1101010111011110
0101111101010001
0011111100011111
1111110010101011
1110001101000111
0110110010111000
0111110100110101
1000101001001111
0110011010111011
0111010110001011
1011111001010001
1111010101011000
1101001011011000
1011101011011001
1011011101101011
1000111101110010
0101101101011111
0110110011110100
1111110011010111
0011011111001101
1011000111111100
1010111111101000
1110110111001110
1011100110000111
1110110001111100
1011110001001101
1010111110011011
0100100111101111
1011010101011001
1101001001011111
0111001011111101
0110001111110110
0110111011001010
1110001100111011
1111101101111101
0101011001110100
1101111111001101
1100110111010001
1111010111001100
1011011100000101
0101110111110011
1010011100110111
1011111111011110
1110010011101100
1010011111000111
1011110101101000
1101000101101110
1010110111110111
1011001101011011
0110000111011111
0111101101101111
0011110010111000
0110110101001101
1100101111010011
0110101111110100
1101101111100110
1111101111100011
0111101110010001
0110111100011101
1100111101100100
0001101111110011
0010111011001001
1101110011111101
0101001011001110
0100010111111000
1011110011110100
0111110101101100
0111011110111101
0100011011111111
0110111000111110
0110100011111001
0110100011011101
1001110111011001
1110111000110100
1100111101010010
1101100111110111
1110011111001010
1111011110111010
1111101001101010
0111111100010000
1011110001110110
0110110001111111
0110100111000101
1110011111100011
1111100111011011
0011110101101010
0001001101110111
1010001110100100
1110010111110111
1000011101101100
0101111111100111
0000110011101011
0110111001000101
1100110101101001
0010011111010011
1101100011111110
0110011111101111
0101000111111111
0100111111110011
1011111000101110
1100011111110101
1010001111001101
0101001011110010
1101011101010110
0111011101111011
1001110111000011
1111100011101111
0101110111101100
1110110010100101
0011011111110110
1010000101111111
1111110100100011
1011010011110011
0111100101010111
0010101011010011
0010100111101010
1100111111101000
1100111101100010
0001010111101001
1111010010100101
1010011111111010