1001011010111100
1111011101110110
0101001110111100
1001111101011111
0001111110101011
0010100111000111
1111101111001011
1011000111001111
1101011010101110
0011100111100011
1101111111110111
1110101011001110
1010110011111111
0110000111001101
1011111110010100
0011111111001000
1111101011101101
0001011110101111
0011010100001111
0111101000011110
0011111101110100
1110011110100101
1011111111000010
0000111011011101
0001001111111111
0101111110101110
1101101011111011
1001101110111010
1111111100111011
0110001101010101
1011110011111001
0011001011010110
0111110111111001
1110111011110110
1111100101101001
0011101110101010
1100011010101101
1011001101110011
0010111101111100
1011100100110111
1110111100101111
1011011010001011
0111100110111111
1011110101110011
1110011010111110
1001111110001000
1010011111011001
0110110110011111
0111111011001111
0100001110111011
0110111101000001
1001111010101110
0010011011101001
0111011111100100
1100100111111111
1101001110011001
1111100111110100
0111111011010100
0000111111101011
0010111101011001
0011011101110011
1110011101101110
0101010101011111
0111101001110111
0110001101101111
1011100011111110
0010111101110010
1111000111011110
1101011000011100
1111100111000101
1111101110101001
1100001110111001
1001111100111110
1110101001011110
0100111101101101
1110010111111100
1100001011101110
0010101110100011
0011001111101010
0110101110010001
1011011001000101
1100111111011010
1011011110001001
0101001001111101
0011111101011100
1111010010111011
0011100011110111
1001111101101010
1110110111111011
1101101101011110
0011010111100011
1101100101001111
1001101110011110
1111110111101110
1110100001010101
1010111101100101
1111001111011000
1011100011101111
0010011110111101
0111110001111111
0011110110001101
0111111001101011
1011111011101100
1101011010111001
1101000100011111
1011011110111010
1011110010001111
1011010111110101
1111011000010101
0101001011111100
0011101101011011
0101111111011011
1011101111111101
1110101001011001
0100011111001101
0111100111110101
1001110111111111
1110100011101111
0110001111111010
0010111011011011
0111111001110100
1100001101001101
0100101100011101