0111101111111000
1101110110110010
1110110000001011
1110111010100101
1011110111000100
1111011001100001
1110111111111110
1110000100010101
0011110010001111
0010010101011111
1101100101011011
1110011001000111
1001001101101111
1100010111111001
1111101011110110
0111111001111101
1100101101101101
1101111001101110
1011001010011110
1001101110101101
0111100110100110
0010110101011011
1111110010001001
1100110110110001
1010110011101011
1001101110011001
0011100010011011
1101110111001111
1101100011011101
0001111010101101
1111010001111010
1011101001111001
1101100011100111
1100100101100111
1011110011111001
1100011001001011
0100111011110101
1110011111000001
1111101110000100
0011110101001101
0111010111110101
1100111011101001
0100110111011111
0001101101111111
1111100110000110
1101110100111001
1010111010100111
1111010111100110
1001110101111000
1011111110001101
1001101111110111
1101111000111000
1101010011110111
1101011111100100
1111111100010011
0011110101111000
0111011110101101
1010111111101001
0110111000100111
0111100000001011
0110011111100101
1010001110011111
1011111100101110
0011001101101110
0101000110110011
0101111101111001
0110100011101111
0110001110011001
0111110100111010
0011000000101111
1110000011111111
1110111001011101
1101111010010001
1010110111001111
1011100000011011
1011010101111101
0011000111111010
0111001011111110
1111000111101011
0010001011001111
1010111010001111
0110110011101011
1101011100111111
1010011111000111
1111011111111000
0101010101111111
0101011010111011
1011111010011101
1011111111110011
1101011101010001
1010110110100101
0011101101011101
1111110100010100
1101110010100100
1001001110101110
1010010001111111
1011110011001100
1101101101010011
0110100010110111
1011110010001011
1101111100101001
0101111111110110
1100110010010011
0001110101101110
1111110001011110
0001111110100101
1001110110111110
1011111101110111
0111101101001110
0010001100111111
1111111111100010
1101111100010100
0101111101001101
1111011011110110
0010110100011111
1101000011011110
1011111101011110
0101001010111101
1100001010011111
1110100100111011
1010001101011111
0110101111001011
0111011101001110
0101111011101100
0111110100110111
0111010101011101
1111001001111101
1011110110111100
1100001110100011
1010101101101111
0111011101010101
0101110011011100
0000111111001101
0010001011110101
1101101111001111
0011100011111110
0011110111100100
1111100010011100
1110101001110001
1111001111110001
0101001111101011