1100101111101110
0100101011010100
1100011011011111
1110011110111110
0011111101110111
1101010101100110
1101101101110101
1010100111011110
1000111010111011
1010000101110110
1011101001111111
0011111110011110
1101111010001011
1011111011100111
1110011111110101
1101010101111001
1011010110011010
1000011101001111
1111001101010100
0100110111011101
0011111111101111
0001010101111110
0000111011011100
1001101011110010
1101111011001110
1101010100110110
1110000011111010
1110110010101011
0111000111100010
1010110101010011
1000111101111001
1110001010000011
1001101111100110
1011010111111101
1101011011111001
0111101010100010
0001100011011110
1000111101011011
1110110001110001
1100111000101110
1110010001110011
1001110010011011
1010110100011010
1100011011100011
1011101101111101
0010100101111111
0111110101111011
1100101101001011
1101110001101100
1101111110010111
1100111000001111
1110010011101111
0110110100101110
1101000010101011
1001100101110010
1110100111010011
0111010011011111
1100001000111111
1010111110110010
1111100111011101
0111100110111010
1000110101010111
0100001111111010
0101100000011111
1110000111011111
1111110000001111
0101110101110111
0111101011011010
1110111101100011
0010010110111111
1100100100111011
1101001110011110
1110011111011110
1011100111110100
1111010001001110
0111100011111001
1000110001011111
1111010111001010
1101110101010010
1000110011111011
1111001001101011
0101101010101111
1110101001111000
1101110011101001
0111100001011110
1111010001101010
1011001101000110
0010011111010111
0110000101111111
0101001000111111
0111011101101111
0101101011111011
0100111001011110
0111011011111110
1111000011001111
1111111110111101
1100111001010111
1101100101101000
0101111010110111
1101001111000011
1011110101101001
0110100111100010
1111111111011001
0111111000011110
1011011011110100
0001101111110101
1100011111110110
0100011000111111
0101111000011011
0100011110111011
1111100110010110
0010100111110110
0110100011111101
0110001110100011
0111100011110011
0101011111111100
1101101111001010
1001000101101010
0101011011010101
0101111001111101
1011001111001101
0110101011010011
1111110010111110
1011011001001011
1110001111111100
1001010011010111
0111011011110001
0101101100101111
1111101111000101
1011101110111111
1101000111110111
1011011010011111
1010111101100100
0110101101011010