1110101101101010
1110101000111101
1111011101110110
0111110110100011
0101001000110111
1111001001011001
1011110110101111
1001100001110101
1001101111111110
0101110101101010
0111110011001001
0011110111101110
1110100010101011
0010010111011110
1111000101111011
1010101001111110
1111101101010111
0001011110011010
0001110011111100
1001110011101011
1110101111101001
0011101111001111
0110010101110011
1011101000100011
1001110000111101
1101011011010011
1111100110010000
1110100010111101
0011101001100101
0110111010111011
0111011100011111
1011110011111000
1011111101100000
1111000011011111
0011011011011110
1010100110110111
1110100101001111
1101100001111100
1111010010101011
1011111101010101
0111110101011010
1101011111010101
1001011100011011
1101101101111011
1110110010101000
0101110011111011
1101111000111000
0011100111111111
0110110110011110
1110100110011011
1101100110111000
1001111011010110
0101100001101110
0101011111101110
1011011000011001
0110111001111000
1011010001111010
0110111001001110
0111110101100110
1001111111100111
0111110001001011
0011111101011000
1101111101110000
0111110011110110
1100111111111111
1101110100100011
1001111101110011
0011011111010100
0111100101011001
1001111110010110
1011011110111100
1111100100110101
0111111111110001
1111001111111110
1101011100011000
1011100111101111
1101111111100110
0010101011101010
1010011001011011
1111010111111101
1011100100111111
1010011111001110
1111110100001100
1011110101101111
0011011001101000
0011001101101011
1110101000111011
1101110001110110
1101011010011111
0011101011010101
0011101110111011
1110011001111110
0111011101001100
1111011010000000
0010011101001111
0101011011111110
1011111011001001
0010101010111111
1010110111110010
1010110011001110
0010110101111111
0111101101001111
0111111110111101
1001011011111011
1111101110001111
1110010110101110
0111111000011111
1111110001001000
1010110000111111
1010011110110111
1101111111101101
0110011101001110
1011011000001010
1111010101100111
0110001011010111
1010101001110001
0111111011011010
0111000110110111
1101111001011111
0110100111101010
0101111111110011
1101100110110111
1110100100111001
0010111001010011
1110111000101100
0010111101010110
1011100110010111
1011010111101010
0001111101011001
0101100011010111
1010010111110111
1011110010111110
1110111111100111
1011110111101001
1111010110011111