1101111010101011
1011011000011111
1111101110100111
1111001110111100
0101100100111111
1011111001111001
1110010011111011
1111101111110011
0111010110100100
1111111000011101
1101111111001111
1011101110001111
1100101110111110
1011111001010011
1111010110010111
1001101010111111
1110100110011100
1110001010101111
0100010100110110
0011101011111111
1111100011001110
0111000110111010
1011101000101111
1110110101110101
1011100100011111
1101110011010011
1111101111111000
0100000111101110
1110010111111001
0101101110101111
1110011011001101
1101111111111101
0110101011100111
0011001111011011
1110010111010101
0111001000111111
0110000111111010
0100110011100111
0111111101011111
0011111011010111
0111010100101101
1111111010001100
1011111111011110
0110001001111111
1101000001111011
1011010100110111
1001110111011011
1111111101101110
0011100111010111
0011111011001001
1110001101011111
1110110011111101
0001111010110011
1110111111011011
1111010101010000
0001111101111110
1110011100100001
1010111111111111
0111011101110100
1111100011011100
1111111111000111
1001101100111111
1001111111101111
0101100010111010
1110100011101010
1011101100111110
0111011111011000
0111010010111001
1001111101110111
0011010111100010
0011110111110001
0111110111011011
1101010100101011
1111100101111100
1110101101110101
0111010011010111
1111101111110110
1111111001111110
0111111010001101
1111000010011111
1111011111001000
1100010101011110
1011110000110111
0111000110011111
0011111000110011
0111110000111111
1011101111111100
1011000001001011
0100111011100011
0100101001110111
1101001010110111
0101111100110010