0101110110100111
1111011111010101
1011111111000000
1011110101111000
0110100111110011
0010111101010101
0100011100011101
0101101110111001
1001001100111100
0110010111001110
1110110101110011
1111100110010001
1011100101111011
1011110110000010
0110000101110111
0101011101101100
0011110111010110
0101110101101111
1010110101111100
1010011101010111
1110101110011101
1111111011111111
0111010110101011
0110011111111010
0101111100110100
0111110110101010
0101110101110101
1111010110100111
1101110101001111
1011001110110110
1101011110001010
1101100111111110
0101001101111100
1010101101111001
0101011110011110
1110011100110101
0110111111001101
1101110111101110
1100011111001110
1100001111010111
1001110100110001
1110101101011010
1100111111111011
1111100111011110
1111111100110010
1101011101101011
1100010101110110
0111011100010111
0111110111001100
1111010111111101
1010111111011100
0010110101100101
1000110111000111
1110111101001101
1110110100101011
1010100110011111
1110111110111110
1101101101011110
1111101111101111
1011010100010011
0111011100110100
0011101110010100
1111010101010110
1111100101111101
1111011100100111
0101001101111010
1010100111010111
1010101110110011
1001111110101010
0101001111011001
0110010110111011
0010111110110011
0011110111011011
1000110110101101
1010010110110011
0011111111010011
0011100111110111
1001111111000100
1111001101110101
0111011111011100
1001111100101001
1111010110101010
0011101111111011