1101111010101010
0111111101111011
1010101111011001
1111001001111011
0100011110111111
0111111111011001
0111111000000110
1111000101111011
1111110110111010
0100111111111001
1110111100100011
0011111100011111
0110110011111110
0011011011111011
1011111110001111
0111110100110101
1011100010011011
0010011011011111
1100101110111001
0011001111011100
1111110100000101
1101101000001111
1111010011011101
1100011111111000
1001111101011011
1011011111101010
1110010111100110
0111101011111001
0100001011101111
0101101101011110
0010111111101101
0111100111111010
1111111000011001
0101101110101110
0001111101010101
1111111100010011
1111111110011100
1101001101001011
0010101111111100
1111011110110010
1011111011000011
0000111111010011
0010010010100111
1011010011101110
1010110011001011
0011100110101101
0111110100010111
0011111001111101
1100111100101111
1010011101110101
0101101011011111
1111101100101001
0011010111001110
1011011011011001
1111001010111001
1101001011101101
1001101011111011
1011000011111110
1101110111111111
0110110110110011
1101101011001010
0001111001101111
1110010111111100
1101011000001011
1110111100110010
1011011111101101
0001011010101111
0111111101111100
1010011100010110
1101001110111011
0111001010011011
1110011110110101
1010111011101010
1111110111100001
1110101011111010
1000101101101101
1011101011101101
1100011110010011
1010011010111100
0001111111001110
1101111110011010
1111010111010111
1101111111101100
1001111011100101
0111011101001111
1111011101011010
1101011111011110
1011110100010110
0011111110011010
1110111001111111
1110111100111000
0010110111001111
1110011101000111
0110111010100110
1110001111011011
1001001010011111
0001001111101011
0010011111010010
0111000011111111
1010111011101100
1101011110111101
1111100001111010
1110110110110101
1000111101010110
1010111011011101
1000011111110111
1110111110101100
1010101111011010
0101011111100101
1110001110111111
1111101111110111
1110111011001010
0111100110011111
1011101101011100
0111111010011010