1101111110100101
0010101011111010
0011101110110011
1000111101100101
1101011110010110
0001111100101010
0111101110001100
1001110101110011
1010100111011111
1111011101010100
1001111011001010
0010111001101101
0100011110011101
1101001111100110
1011100011010111
0101011111110110
0111111100001101
1110101101010110
1110101111111100
0111111001001011
0100111001110111
1100110101100010
0111000001111011
1111100011110101
1010101101011010
1110110100011100
0001000111111101
1110001100111110
1100111101000010
1100110100101010
1011101111111001
0110111111100001
1110011111101111
1001110001010111
1011110001001010
0111011001100010
0111000011111001
1010111011100001
0011111011000100
0001101101111110
0011101001111110
1110100110000110
1001110110110100
0010111011010100
0111111000111000
1110100000111110
0011110111101001
0111110101001001
0101100011110110
0110001111011101
1110110001011010
1111010101110110
1000010011111111
0111101111000111
1000101111101011
1001111011101001
0110110011010010
0101100011101010
0111011101011111
0011111001001100
0011111111000010
1011001111111011
1100011111111110
1010011111110111
1111111010100111
0100110101010011
0011101001011111
1110011111011100
1101101100110101
0101111011011110
1011001111101111
1010111011000011
0011011110001011
1110111001010011
1010101111001010
1011110100111110
1010111001101010
1101101111011111
1110101010110111
0101101111111001
1001011100001111
1011011111001101
0111011111101101
0100111001011001
0110111011000011
1111110000011011
1101101011110001
1011111001110110
1101010100111111
1100110111010010
0101111111100011
1111111010110110
0101111111101101
1010110111001001
0000110111110111
1110000000111111
1011010101111010
1011100100111111
0101011011101011
1101000001100011
1111110100110100
1001100111100110
1110010111011111
1000100001111101
1001011011111001
1011001110111101
1010011100111110
0011110111011111
1111101110101011
1010111110011111
1111000100111011
0111101101101011
1001011001100101
0111001111011011
0101010111101011
0011110101111110
1000111110100111
1010100011111011
1000011001111111
0110010011111010
0000101011111011
1110101011100001
0101110101010100
1111001101010111
1001100001101011
1110100110111011
0101111101110001
0100110111101110
1100111110110001
1111001110001111
0100100101110010
1011100111010110
1001100011111100
1001011101101100
1110001111110111
0011110101110111
1010110110111101
1111011110111001
0100000011111011
0111111101001010
1000011110111111
1011111010011111
0111101001100111
0111110110111111
0111100011110010
1001010111100110
1000110011010110
1101111010111111
1011010101001011