0110111110010101
1111100101110111
1001001110111111
1111010100101011
1100111101101001
0110110111100101
1010001001110111
1011110001111100
0010110011111011
1011111001111001
0010110110110011
0111010100011111
0100101000111111
1011101010011011
1101111101110111
1100011110101011
1001011001101101
1110011110100100
0111001101010110
1110110011000001
1001011010111111
1111100011000110
1000101011101110
0110111011111001
0011111000001111
1000011011010101
0111001111111101
0110011101111110
1111110010101010
0001011011001111
1100110011011011
1100111111001001
0000011011110111
0100011100011111
1010111100111101
1101000111110010
1111001011101100
1011110101010011
1111100110010010
0010100111101111
0111010111101011
1101111001011001
1111110101101110
1110100011000101
1011000011101101
1010111000001111
1011011001111110
0011010010111011
1011110111100010
0011111001001110
0010111111111101
1110011001011110
0010101111000110
1110101110100011
1001011110100011
1000111110111011
1010001101100110
1100011011101100
1110111100010011
1010111110001100
0100110111111110
1110111010110010
1010101100001011
1111011011000011
0111111001111001
0000110111110011
0111001101100010
1110010111010101
1110101001001011
1010011111000101
1010111101011100
0101010110111110
1110110001111100
0011101011111000
0110011110001111
1101111111100101
0111011100110011
1011010101011001
1010101001101110
0010010101111011
1111110011100010
1011001011011101
1111100111011100
0011011110001010
1011101111101100
1011110100100101
0000011111011111
1110000011101110
1010010011011111
1010011101110100
0001110110011111
1101101110101101
1011111010011101
1101111010000111
0011001111001111
1011111001001101
1011111001110101
1111101100010100
1010111010111110
0101110110001111
1111111100110010
1011101110000101
1010101011110100
1000111111110100
1001000111111101
0101100101011111
1100100010011111
1110111001100101
1110100111111011
1010111110100001
1001001011110001
1001010101111110
1101111111011110
1110111111011010
1101000111101101
1110101101100010
1111111101000011
0111011111000111
1100100001101101
1111010111110001
1010100110011111
0111101011100001
0101111101101111
1111111110010001
0111011100010101
1010111010111101
0011100010010111
1001100101011111
0110011110111110
1110100110110101
0111011011100111
1111001110011111
1110100011110110
0011100101101111
1111011100100111
1110000101001101
0111110000111101
0110110001111110
1010111101001101
1111100010101111
1111010011111100
0111001011010111
0111100010111100
1010000111101111
0011110000010111
1011001111001101
0110011010110011
0011111111110101
0011011001110111
1011011001100011
0011111100101001
1010100011011101
1011111100001110
1001110110111010
1111001011001101
1010010111101010
0110111110101011
1001100011111111
1111011100111110
1101101010110110
0111100011011001
1101011101001011
1110011111111001
1100000111011111
1101111100101110