1110111011101001
0111010001110101
0111101011111100
1101100110010111
1111111010011110
1011110111111001
0001011011001001
1110011111101001
1010010010111110
0100100101110111
0000011111111110
1011000111001111
1111111010111001
0011111101101111
1101111110011101
0101001001100110
1110110010010011
1110010011011111
1101011110001111
0001100111111111
0000111011111010
1111011111000011
0011001111100101
1110110100111011
1001011010111111
0100110111010011
1010001010011111
0110010101110011
1110100110111001
1110000010101110
0111011111110001
1111111111110010
0011111110100111
0101110111101001
1011000010111111
1100111111110001
1011011010011011
1101001010101111
1010111111101111
0011110110011111
1111111110100100
0000111110111111
0110110001101111
0011101011111110
0010101011111111
0011101011001101
0110000110100111
1001000111100110
1110010100111111
1011110101110011
1011101101111111
0011110010110011
0001011110110110
0111100111001110
1100011010101010
1011111100101111
1010011111110011
1001101011100101
1110010110100110
1111110110000011
1100010001101111
0110110101100110
0111100101101011
1001000110101101
1111110111111100
1101001011100101
1011010010110101
1001100111010101
1111101001111011
1101111011100011
1110000101101110
1101111100101111
0101111101110100
1011110110010011
1011011011011010
1110111111000011
0111010111100110
1011111111110001
0010011100111010
1100101111011101
1111001101111100
1111010011101011
1111101110001001
1110111000110110
1011111111010110
1100110011110011
0111111111010101
1111010010000101
0011110011001110
1110011101100110
1100011110100110
1101111111000110
1001110011100111
1110110001111011
0101000100111011
1111100011111001
1011011010110011
1101111111101100
0111010110011010
0110101111101101
0011111110011011
1110101111110110
1011111011100011
0111100011011011
1100000110100101
1101001101111101
1011000011011111
1011100110111010
1111111101011111
1010011011110110
0100110110101111
1110101000111111
1010011110010111
1111111100111101
1110011110001011
1110101110011011
0001011100111111
1000011111011110
1101010110111001
0101110111001010
1000111111110111
1000001011011111
0101101110110001
1110101110110011
0110111010100101
1100011011110011
0111010110001111
0011101111111011