0101111101111110
1111001001011001
1011110100101110
0011000111111111
0110010111101010
1100011101011010
0100101010111110
0011010111011111
0101101100111001
1101101011011001
1100101100111110
1010101110001110
1001011110111011
1010110110001110
0001101011111100
0010100010101111
1110111001101110
0100000111111011
1100010111011111
1001011010111111
0101010100111111
0011101110011101
0011111100011110
0101111111011110
1011111001111111
1011010010111100
0011100011111010
0101001001011011
1011000010111110
0100110101111101
0110100010111010
1011110111011000
0101100101101101
0011101110001110
1000100101001101
0000111111101001
0010111111101100
1010101011011001
1101100110101110
1101111011001111
1111011110101010
1111111111110111
0011100101111110
0110010101101101
1011011011111001
1101011100111101
1111010111011011
1011101011011110
1110010000001111
1101000000111011
1100111111111000
0000011011111110
1110101010011111
0110001011111111
1100111110101111
1110001101011101
0001111010111111
1110000011101111
0110010101111010
1101100111111100
0011101111011100
1111110011011100
1101100001101111
1110111110111101
0100110000011011
1111101011111000
1000001101111110
1011100011101100
0001001101111011
1111110000011010
1001101111101001
1111001100101110
1000011011111010
1111000001101111
1110110001111010
1011101010101110
0111011111101001
1111001100011111
1100100110111111
0111001011101011
0001110011101001
1011001111011111
1110000111001100
0110111101101110
1101011111101111
1111111101101011
1111000011101100
1011110010001111
0101111110111010
0010101101111000
0101110110101111
0101110011101000
0111101001111010
1111110110101011
0110011011011010
0101101111101010
1001010100111111
1011101110001100
0101111110001111
0010011010001111
1011111101011010