1011101100101110
1101111011101101
0010101011111011
1011001110000111
0001110110101111
0001110111011000
1101011011011110
1110010010110101
1111011011100001
1101111100111111
0011111111010101
1111010011000101
1101011010101111
0111111100001101
1100111010111101
1111000011011101
1001110010111001
0000011001010111
1111011110111100
0101101111001001
0000011111011101
1110011010010101
1110110111001111
1001001010110111
0100011001111011
1111111100000101
0111110110000111
1110101110011110
0010101111101001
0011111001101101
1010001001101011
1100110111010101
1011010111001011
1100001101111011
0111110011010001
1101000011101111
0000010110111110
0110111011111010
1110011011111000
1010001011110011
1111011011001110
1011101011011001
1010000110011011
0011101011001100
1101110010011011
1111111111110110
0001011011111110
1101001001101011
1110010011010001
0010101101110111
1111011000011110
0000111110110011
1111101011101001
0111101011011001
1101111111100101
0011101110111111
1001001101101011
0001011010111111
1010001000110111
0100011010011011
1111011101101101
1111001111101100
1010111001000111
1001111111001111
1100101110111101
0101110010010111
0011001111011001
0011011101011010
1011011110110011
1100101010100111
0110111100100101
1101000010110111
1101111110001100
0100111111101110
0010011011110101
1011110111110111
0110111101101010
1111111100001010
0101010111011100
0100101111000111
1101110010111010
1010011001111001
1111001111111000
0001011111100011
1110111001011011
1110011101011100
1101000011111010
1100001111101001
1111001110000101
0010110110101110
1111101101011111
1011111110011101
1101110111101011
1110011101111000
1011111011101010
1100011101001111
0111010011111011
0010100111011111
1010100010111100
1110010111101001
1111110101111111
1000011101011101
1111111001110011
0011011101110101
0111011100100011
1011101000111000
1111001010010111
1000001010011111
0011101101111100
0110101101111110
1111110110101010
1101101101111101
1110101000100101
1110100110101100
1111000111001111
0100111101101011
1010001111011010
0110110111111101
0101100111111111
0101001111011111
0011111110000111
0010010110111011