0010001111100110
1111011010010110
0001101101111011
1100110110110011
1011110100101111
1111101110011001
1011111011111001
1111000101000111
1101101111001100
1111001000001101
0010001111111010
1000011111010110
1001110111110011
1111011000110111
0110110000111010
0110110100011011
1010111010001101
1010110011111110
0101111110000110
1011011110000111
1110001101010101
1010011011111101
0101001101001111
0111101101100110
1110110110100100
1110010100110111
1111010011111111
1101010111000111
1111101110111000
0100011000101111
0100101110100111
1110001011101101
1101101111011011
0010101010101111
1000111011011111
1011101110101010
1101101010101100
1001111111011011
0111001001110001
0101111101010111
0111100100001100
1110101110011100
0001111110011101
1101011110101100
1010111010111011
1111011011100110
1010010100111101
1010110010011111
0101100010001110
0100011110101001
1101001011111001
1010011100110101
0001111111101111
0011110111110111
0000111011111111
0000101111111001
0011111011111011
1001101111011111
0110101101010111
0101010110111111
0101111010011001
0101001101111101
0111100001001101
0000010111111111
1111010101101010
1110011101101101
1101111011001011
0111111101101011
1111000111000101
1110111101001011
1011110111001110
1111010100011011
1011011011001101
1111111111010011
0100011000111011
1110001100011010
1101001110011111
0011011000111101
0011100110111010
1010101100011111
0011010110011100
0111000100101101
0010111111011111
0011101110101100
1011101011110101
1010111110000111
0111100010110110
0011011101010111
1000101010110111
1100011110011010
0100011101011111
0011011111010110
1110100101111111
1001110101101111
1011000101011111
0110001001111100
1001011110110101
1101011100011111
1101110011111100
1011110101001101
1111110111111000
0110111111010101
1110011000111001
1110011101100110
1111000101001110
1111110000101111
1101111101111110
0101110100110101
0111010100110111
1111111111100011
0101111100001111
0111001010110110
1110000110101100
0111110110100110
0111001111001101
0111100010011011
1101000110110110
1010101010101110
0111111011101011
1110110111011101
1101111101001011
1111000111001100
1010010111101001
1101101110010100
0101101110111100
1100110101101001
1110111110001110
1001111001011101
1010010110011010
1001011001110111
1011011101111100
1011100101100110
1111101011100111
0011110111011011
1010001011111011
0101001011110010
1110100010110111
1010110111110101
1100010110001111
0100011111001101
0110111010100101
1110111010110100
1000111011100101
0011101101001101
1001101110101110
1011001101000101