0110001001110101
0100111010011111
0111000111110111
0111111001011101
1111101001110100
1111001011000110
0101011111001111
1000011110100111
0101110011001100
1000110011010100
0011100001111111
1011111010110100
0110011100100111
1010110111000110
1100111101010101
1010111110101011
1011001101110001
0100101100011110
1000110101101011
0001111101110101
0111101011011100
1110110000111110
1100100111101110
1111100001101110
0100110001110111
0001011001111100
0100010101101111
1011010011110110
0011110101110101
0110110110100011
1001100101111111
1100100101011111
0111011101000101
0010011111001101
1011010111001100
1111111110011101
1010011111111100
0011010111101011
1001101011100101
0111100011101110
1110100011111110
1111010101011110
1111110001110011
0011110011011111
0010101111110011
0110100011101111
0001101100111011
1000001001111111
0011011111100110
1111001101011011
0111011110111001
1110101110101111
1111000011111100
0000011001110111
0001111111011101
1110110101011110
1010111110111100
1101110101010101
1101100011101101
1101101110111100
1100110001101111
0100111000101011
0010110101111011
1111101100001110
1111111111101001
1011011110111101
0101011111100110
1110110110001110
1111100111111001
0111100000101111
1100011010111111
1111100010000110
1110011101011111
1101011001010100
1100111000011011
0100110001111110
0011111100101101
1111010101111100
1111111100001011
1110111100111100
1101001111110111
1111101101101100
1111010100100111
1111110100110101
0101001100111011
1110011001111110
1111011000100100
0000110101101111
0111101010111101
0101101111101110
1100111111000110
0111101101101011
1101011001101101
0110111001000110
1011110110111111
0111101101001111
1111010110011011
1011100011000110
1011111101011111
1010101011100111
1001011101110101
1101111111010011
1100111101100011
1110111011101101
0011111010111111
1100011110111110
1011001110111111
1100101011101111
1000101011011100
0111001101111110
0101111101011001
0010111101100011
1111111111111010
0001010111110110
0110110100110111
0110001001100111
1111110001001011
1111100111000011
0110011101111011
1101101101111101
1011011001100011
0111100001110101
1110111111111001
0111000111011100
1001010111100110
1010111001111011
1011101001110011
0111010110100111
1100010111111110
0111101110100011
0010110001100110
1011110101101100