0011101001111011
1110010111100011
1001111101100101
1011100110101100
1111101101001001
1010101001010011
1111010010110100
1111001101101100
1110111111111110
1001001110100100
0000011111111111
1101111010110011
1110000011011101
1011101110001111
1110000111011001
1011000110011101
0110110101010011
1110010101011011
1100101101101101
0110101001010111
0001111100110110
1111011100011110
0111111011010001
1001110001110001
1111111110000001
1100110110010111
0111100111110000
0011110110111100
1100100111101101
1010111100010111
0111100101011101
1101011101000100
0101101111111100
1010011101001001
1010011011111111
0101111111111011
0111110101011010
1111110100111100
1101110110110110
0110111011111011
1001111111001011
1101001111011101
0111100110111111
0011001111111101
1101111100110001
0010011101001101
1011101011110001
1001101001111111
0101011100010111
0011111111011011
1111100010100100
0111111010110101
0010100111100111
0100111110011101
1001110011110000
1111001010110001
1011010100001101
0111110100111011
1110011110000111
1000010111110111
0110000111001111
1001101101011100
1111110100110111
1101101101100100
1010011111110101
0001011000110111
0110011010101111
1110000011110101
0110011111000001
0111101101101111
1100111111111011
1000110011011111
0111001101011001
1010110111001001
1111101001111001
0111101111001101
0111100011011111
0101010000111111
0111111010011100
1101100011001101
1101111010101101
0111011010110110
0111010111000101
0111011100001111
0111111110011001
0111001010101111
1111110010100001
0111010111100001
1100111001010111
1110110101100101
1111001100101110
0110011011100111
1111011100111011
1111000101101010
1010100111000011
1111100001111101
1101010101110101
1111100110111011
0010101111111011
1011010101010101
1101011010111010
1011111111001110
0000111101011111
0101110111101111
1000111001110101
1111111001111110
1011110101010001
1100101011110111
1011011101100111
1110101110111111
1111001101110111
1101100101101111
0011001111101111
0111100111011110
0101101000011111
1010110110000101
1011111010011111
0100101011111111
0011110110111011
1111001011001111
1100111011000111
0111111100100011
1100011100101111
1011100110010111
0001111110010101
0111100011110001
1011011000101111
1101110111011011
1001110110010101
1111111100011011
0110111110110111
1011001111110011