1110000111100001
1111110110000100
1111110101101010
1100001011111111
1111111100000111
0111011111001011
1011011011101011
1101110111110101
1111110100011111
0111100101111100
1110100001100011
1011000111110110
1001111101111111
0111001110111010
1111101110000110
0110100011101011
1110110000111111
0111110001101001
0111000101110101
0101001110111110
1111010111100000
0011010101111111
1110111111111100
1100111011001111
1101011111101100
0111011110011010
1111111010111011
0111110001010100
1010011111111110
1101011000010110
1011101111010011
0100010011111111
1001001011001111
0111111010010101
0011010011110111
0111011110101110
1101101100101001
0111001000011111
0111011010010110
1111010110111111
0111101100110111
1110011100110110
0011011011010111
1011100101001011
0111101101111011
0100100111101110
1101101010001101
1001110111101011
1100010001011110
1011011011001110
0101010101110110
1001111111100111
0101111100100011
0111101010001111
1100101001011111
1011110111001110
0110101101101110
0110100100111110
0100100101010111
1101011010110101
1011100000110111
0110111110011111
1010011010001111
0101110110110110
0111100110010111
0111001100101111
0100011111011110
0101110110101010
1110111000001111
1010111111010011
0101010001110111
1111010101100101
1110111101001101
1101001101010101
0101111101011010
1110001010111110
0011111011011110
1011111111111101
0110111011001101
1101111011010011
0111111001000111
1111010101010111
1001101110011111
0100010111111011
1110101111011110
1111011101011011
1011001111100111
1011010111101111
0110011111110111
1111110010100110
0010100110111110
1110010111110110
1100110011101101
1100111100001010
0111100010111100
0011110101110111
0110001111101101
1000111110101011
1010111111010110
0101110000101110
1001000011011011
1100011000011111
0100110001100011
1111001010010110
0000111111111111
1111101100101010
1000110111111111
1000111110110011
1111111101000110
0111100111110100
1010101111110010
1101000111110111
0111110111000001
1101011010001101
0101011010101111
1001011110110010