0101010001111011
0010101011111010
1001001111110110
0111111110010101
1111110011110101
1111000100110111
1100011111011011
0111101000111010
0001111111011011
1110110111010111
1111011000110111
1110101010111111
0011111011000111
1111111001101111
1111010101011011
0001101100010111
1001111010011011
1001011011100011
0111011111110001
1101110110010111
0110111100001111
1110001111110100
0011011101011111
1110111010111010
1001110101100111
1111010111100111
1100010010111111
1101101111110010
1110111101111011
1001100001010111
1101110100101110
0011001011111010
1110011100110111
0001110110111011
1100111011010101
0101111011111100
1111111111011110
1010011110111111
0010101101110110
1110100101101110
0101101010110110
0101100011000111
1111000100011101
0111101011000001
1100011010110100
1111001110101111
1110111110000111
1010001011011111
1111110110111000
1101011100111111
1110111101101101
0000000011111111
1110110110001111
0100111111110101
0110110111101111
1111001011110000
0101100110110100
0110101110111111
0010111101011111
1100011011101000
1111111110110011
0101110110001111
1100110111011101
1001101000110110
1111100111111011
1110010110011001
1101001101110110
0101110010101111
0110111111110010
0101111100011101
1111101100101110
0111001110110101
1010101011101110
0101101111011001
1111001110111011
1100010111101011
0100001111111100
0111110010001101
0100011101111111
1011111111111101
0101101001110011
1101101100101101
0101111000011011
1010101011010111
1011110110011011
1101001111100011
1110111001111111
0001011111111010
0110111010100110
0110101011101001
1011011101110011
1111100010110111
1010011111100010
0101001011111101
1001000101101111
1111010000011111
0110111011000111
1101010111111110
1111110101100000
0011110111111110
0101001101101111
1110101100110110
1011111100100111
1111000011101111
0101111001111110
1111011111001111