1110101011101110
0111111001011100
0011111111110110
0011110011111010
0011101001111010
0101011010101011
0111011000011101
0101111111011100
0011010010100111
0111101111100110
0011100001111111
1100101111110110
1011100111011101
0101011111110111
1111110111010110
1001100111001011
1101110100101011
0001110011111100
1011011110000111
0100111111001011
1111000111011000
0100011111101010
1011101100101001
1111100011110100
0110101101011101
1100101110101010
1110100101110101
0010101001111001
1110011110111001
0011111101101011
1110001111001110
0011100111101101
0111010010101001
1111111111110010
0110111111101100
0010010010101101
1101001111100100
0001111010100011
1101011000110101
1111100001011010
0011010111011001
1100010101111111
1110101111010001
0101011100011110
1101011101100111
1011101011001011
0001110111000111
1010111110101000
1110011101110110
1110100111111100
0001111110111110
0001110111111011
1101011111001110
0001101111001101
1001011100111101
0101111101111010
0101111101010111
0111011101110111
0100111100101111
1111110101110100
0010111011101001
1100101100011111
1001101110001111
0010001111111110
1111001100111111
0111111010110101
1110000101011101
1001011111100011
1101101111011000
0011101101000101
1101100110001010
1011001101111111
1101111001100101
1101110011000101
1101001111011111
0010101010111010
1011000011111001
0101001111111000
1010110110010101
1111100111010011
1100110110011101
1100111111001110
0111000011101110
1111011101101101
0011100010110111
0101100000011110
0111100100011011
1111001110101111
0110101111000101
1110111111011100
1110100001110111
0111110110010011
0011110111110101
1001011110110110
1101110000111001
1001100100110111
0010110111111110
1001011101111010
0111010010011011
0110011000101111
0011010011011011
0111001011011100
0101110110001110
1010111001110110
1110100100101110
0101111101100011
1111110101011000
0100111111100011
1110110101100111
0111001111011000
1001101100010110
0011110111001011
1111101010001100
1011100100111110
1110111000110110
1000111111010111
1011110101101011
0011111110001110
1100110001110110
1100111010100011
0111111110011001
1011110111001001
0111001101111001
1000111110111001
1101101001010001
0010101001110101
1110011011110111
1110110111111011
1001010111001011
0111110100011101
0101011011101000
1001111011011111
1010110000111110
1011010101010101
1101100011111101
1001011010111000
1011011110010101
1110011111011011
0011111001011110
0111011101111000
0101110000110111
1011100011011110
0100110101111111
1111011001000011
0101101110111101
1101100001000111
1001101101010101
0111111100010110
1110111100111101
1001001111101111
1110100010110110
0011010111111110
0000101111011111
1011101111110011
1111111010010011
0001001011111111
1000110111111111
0110111101100001
1100111111110101
1101110000100111
1100001111101100
1011001111011010
1110000110010111
1111010101111011
1111001110111101
1110111010110101
1111111100100101
0111010011001000