1101111111010110
1100101111101110
1111001011011001
0010110011111010
1011100011101011
0010101010110111
1101010110110100
0011001011111110
0001010001101111
1101101111101000
0101101111001001
1101100100110111
1111011111000010
1110100011111010
0111011111101011
1111110001001110
0110010111001111
0111011000110010
0111001011101100
1101011000101111
1010110111011011
1100101111000001
1011000110111010
1111011001100011
1101111100111001
1000101011110011
1011000100111101
0111011110100100
1101110010110011
1001011011101010
1001111111001010
1011100110100110
1110000110111101
1101100011100011
1011111011111100
0011110111101011
0101011001011110
0101101101111110
1010001111110101
0001101101111101
0001101011110110
1101010011011111
1110101101100111
1110011001011100
1101100101110000
1011110110100011
0110100100111100
1110011110110010
1010011011100111
1101011100100100
0100110011001110
1011011111011110
1001111100111111
0110101000111101
1100011111100111
0101011111110101
0001010010101111
0111101011000001
0001100111110110
0100111001110100
1111111110011111
1001010011110011
1011001101001111
1011100110110010
1110001001010110
1000111110100011
1010011011111010
0011101011110001
0001000011111111
1110000110100110
0110111110100101
1101011111010001
1111110110101001
0000011110110011
1001101011000101
1111111001111001
1011000110110100
1000101110111101
0111110111110101
1011101100111001
0110110111101000
1101101010111011
1000101101101111
1101111010100010
0111011101101110
1110011101111010
0010111001111110
1111001111010001
0101110101100010
1010011111101000
0110111100100111
0100100011111111
1111110000101111
1110000111110011
0011111101011101
1010011110101010
1001110110111110
0001000101011111
1011111101110111
0101001110100110
0111001011111010
1111101100110011
1101111101011101
0101000011110111
0011011110100111
0111110111011011
0100011001001111
1111010101010110
1111101001101010
0101110100101100
1110110011101010
0111101110111011
1001110111001111
1110101011011010
0110110100110111
1011101111000011
1110010011111101
1000101111001001
1011011111010111
0110111000110100
1010100011011111
0100111111100111
1001101010111101
1111110000110100
1110111101101010
1111101101101101
1001110101101011
0110110101101001
0111100111101111
1111101011100110
1100111011011011
1100110111000001
0100001111110111
1010010110111100
0010100011111111
1101100011011010
0100110011110110
0110001101011011
1100101101011011
0111011111010010
1110001100101011
1000100011111110
0011010111100110
1000011011111110
1111000110101101