1001001110111110
0101010110111101
0111101001001011
1011100101011101
0111111111100111
1110111010111001
1111111000111000
0100111011001111
1011100011001011
1111101011101101
0010011010101111
1111011100011111
0001111111111011
1100001011110011
1111110111110111
0111010010101001
1111110110011001
1001011110011101
1110111101111000
1010111110110110
0100100100011111
0111101001111101
1110100001011011
0010111110010011
1110000111011011
0101101111111101
1110110011001101
0101011111101101
1101011010010111
0011100101011111
1001011011010111
1011111011110010
0011011101111111
0111110001011101
1101111000101101
0100010100111110
0001111110110111
1111001010011000
0110011100111100
1101010100101101
1111101110101111
1101011011010110
1101001101010000
0011110010111111
1101001000111101
0101111000110111
0011001011001111
0011011011010001
1001110010111110
0111111100110010
0111111001111110
1011111111011110
1111011101001011
0111101111110111
0010101111111111
0010111011111100
1110001101011100
1101101011101011
0000111000111111
0110011110110001
1111111010110101
1010111100000101
1001000111001011
1111111111101110
0101010101111101
0110111100011100
0010011011110111
1111000110111111
1010101110111010
1110010010011111
1100111001001011
0110111100111001
1111001001111110
1110011100111010
0110011101111001
1100100100011101
1101001010110110
1110111010101011
1100011111011111
1100001111101101
1110101011011010
1110111001111110
1101111010111000
1001100111011101
1001111101111011
1000110110111000
1000100011111101
1001001010011111
0111001011001011
0010011111011101
0001111100111101
1010101101011111
0011111010001111
1100111011011010
0111111010111110
1010011111101101
0101111111011011
1111001101101111
1101111011110010
1001111100110101
0111110111111100
1110011101110011