1110110011110100
0101101111001010
1000101011010111
0101111001010110
0101110000110010
1100111111001111
1001010111101111
1011111110001000
0110010111101001
1011011000100111
1110111011001000
1110001111101110
1011011001001111
1110011000010101
1001101111011110
0010111101001101
1110101111101001
1110111001101111
0001111001111011
1110010010101101
0110011011110101
0101111101111101
1101101100110001
1110110110011001
1011111011111010
0110011110011011
1111001011101100
1101101110010011
0100101101110110
0100101010010111
1000011001110101
0001111110001101
1010000101101101
1111101110101100
1111010101101001
0011101111011001
1100110011011101
0001011110110111
1101111111000001
1111111101111000
0011111000101111
1010111011110011
0111100101110110
1001111011110100
0000110011111001
0111001011110010
1111110011001010
1000110010111101
0101111110110100
0110111111111100
0111110000101010
1011111000100101
1100100111111111
0011111010110111
0110011110100011
0101010011010101
1110000011111101
0001101111010101
1111001010110001
1111011111010011
0111101000110011
0101001111111001
1011001001101110
0010001101011101
1110111110110001
0011100101111100
1010110110111011
1111011100110100
1100011101111100
1100101011101010
1100111101100110
1010011010110110
0111000000100111
0101010111111110
0101001111111110
1011110010010111
0011100100111011
1111101100010100
1110110010100011
0111010010100010
1110111111000011
1101110100100001
0101111111100010
1011011101101100
1100010101110110
1111111010001110
1101111011010000
1000010101111110
1111111101011011
1101000011011001
1011101101101011
0001001011100101
0011101101111001
1111010111011110
1111101000110101
1111110001000100
1111110110110000
0011101001001110
1101110111000101
0111100101001100
0010011111110011
1100111001010111
0011011111111100
1101110111011110
1110100011011110
1000010011110111
0111001111011010
0101111101101111
1101001100110010
0110111110111101
1001111101110110
1100011110111111
1110101001111111
0100101100010111
0011010111101101
1011001111110110
0111011000110001
1101100110110101
0011111000111110
1110111100100100
1001111111110010
1100110111110000
1101001110001011
0101011011111000
1110001011001101
0111111111010011
1011011100100110
1010111100111110
1010001011101101
1111000101111110
0111110111110000
1001110110111000
1111100111100001
0001111111111010
1111101010111010
1000111011100110
1110111110001111
1010111110101111
0111110010100001
0001100010101111
1001010111111010
0110001100111111
1110100101110001
0111010001110010
1001100011111101
1010111111111010
1110101111011001
0111001111001111
0010011011111101
1101010000111001
1011101010010110
1110010011110001
0111100111110101
1110111101110010
0010000101101111
1011100111010101
1000111100011101
0110111000011111
0110010011111011
1111000110101101
1101011011110011