1111100101001111
1001101111011100
1110110101001001
1111100111110110
1111010001100111
0111101000111011
0110011110011010
1001101001110111
1000101010011111
0000011101111111
1101101111110101
0010101110010011
1011111001011101
0101111011110111
0011101111110110
1110110100111111
1011111011011000
0011011111101100
0111110111011101
1011100111111101
1101111000110011
1111111011001110
0111101011101011
1011001001110111
0111101010101101
1111001011011100
0110101111010000
1101101100101001
0101111010011011
1110011011111001
1101101101001001
1111010110111111
1101011011100001
1110000011111100
1110010111111001
1111100110011011
0010101100110101
1101111100011001
0010001110110011
0110110101010110
1111110100000111
0011111100111000
0111011110001110
1011001011000111
1100011011010110
1110001101111000
0101011110110110
1111111001110100
1110111100010010
1110010001111111
1001101011111001
1000111101110011
1110101111001000
1011111101101111
0010110101111011
0100111110110110
0101011111011100
1110101101000010
1101011100001101
1000101000111111
0101101111001111
0110000101111101
0011110111110101
0111101101010101
1110101101100001
1110101011100100
0010110010011111
0010111110001101
1011110110100100
1111010101011101
1010001110110001
0010101101011101
1100111001110011
1101110111111111
0100011111000101
1111101100010100
1011111010111110
0111110110111101
0101111010101001
1101101110001100
1100001101001110
1011101000111101
1100011011110100
0110001111000001
0001111100011111
0111011011111111
1111110001011110
0110110111001110
0110011110010001
0111100111111011
1111011100000111
1111011010100010
1110001111100110
1111011010101100
1101111001010111
1110101011000111
1101111100100001
0011111001110011
1001011011000111
1111001110011111
0110001101000011
0111001111101110
0010111110110001
1001011010001111
1101111101100010
1011010111011110
1010001101011111
1101011010100111
1111010111101001
0100011111110010
1110110111010010
0001111110101101
1111101011110010
1110100010101111
1111110111011100
1111010101001111
1100111100010111
1011111011100011
0010011101011100
1101101111100011
1111100011111011
1010111111010110
1111011101110001
0010011110011011
0101011111000010
0101101101010111
0101001111110111
1001111111101011
1101111010111110
1011111111100001
1111001100101011
1101001101001100
0011011100011100
1100111111010011
1010111011101111
0100111101000111