0110111100010101
0110101111011111
0110011101111100
1110000101111011
1110110111010111
1101001110101000
1010110101111011
1011111111101101
0101100111110110
0111110100011011
1110110110111010
1101000110101110
1111000101100111
1001111101010010
1011010101010010
0111010110011001
1001011111111100
1100111101000011
0101101101101010
0111111110101111
0111110101110010
1011000111110101
1101000101011111
0111011101010011
0111011111100110
1101101111011010
1000011101111111
1000100101111111
0101110111100100
1100010111101100
0011101101010111
1101010101100011
1101011111010101
0011001111111101
0001011111000111
0111100111001111
1111111011111111
0100110111001101
0110001101101101
1111110101000101
1111011110011110
0111011110111000
1000101111111100
1110100101101111
1100111111111000
1110011111101011
1111100111010011
1011001101100111
0101011111110101
1001101100011111
0011101100011110
0111111100111100
1110011111110111
0101010101111110
0010110111111110
1110111110101011
0100001101111110
0111111101010110
0001111110011001
1011101111110000
1010111101110001
0100100101111001
1101110111010010
1101001100111111
1101011100111000
1000001111111011
0001001111101111
0010110111011111
1011001110111100
1110100111011011
1010101110111011
1111111111011000
0101111111110001
0011110110010100
1101100111101000
1011110110110001
1110101101110101
1000111111110010
0111101110111011
1011110110011011
1111101101110100
0101001110011111
1111111110001111
1001111111000110
1111101111011101
0010111110011010
0111100111101010
1111011101000111
1011100100111010
1011110111101111
0100111111110010
1111111110100010
0011111101101110
0101011111001100
1101001111100010
1101111110110111
1001110111111110