1001011011001101
1001010110011101
0101111111111111
1011011000111001
1010101101011001
1010111110010110
0110011101111101
1111000001111111
1101010001111101
0110011111010001
1111101110111011
1111101011110111
1100111010111100
1000001110011110
1001011100111010
1101110110001000
1010011101111001
1110011001101101
1111010010001111
1010011111100111
1101110111010101
1010111100111100
1010111111101110
1111001111110100
1011100000111101
1110110110001011
1100001111011100
0010111110010111
1000011111101111
1001111111001011
1101111001001110
0011011100110011
1100100011101101
1011101010011111
1111110101010011
0010011101111111
0111110010111110
1011110110010111
1110111100010011
0010110101111001
1110001011101111
1111101011001011
1111110000001100
1010011001111101
1111110111110010
1011111000011010
1111100101101110
1011110111001100
1110111010100110
0011011101111101
1111010011111011
1010110111111000
1110111011110011
1111110110100111
0011011010110110
1010110111001111
1100111110001000
1100110010011010
1001000101111110
1010111100011101
1110111101010110
1000101101010011
1110011111110110
1011110011101101
1111101111011010
0011010111110110
0111011110110001
1101111100110101
1110100110101110
1111011111100101
1100111101111000
1100110111011101
0010110101111100
0011001111010101
1011101101101011
1111111011100001
1101110000111011
1000110111101111
1011110000001111
0011100101011101
0110010110010111
1110011011011101
1101101100101110
1110111101001100
1000111110111001
1111101100010110
1001011010101110
1000111000110111
1110111001011001
1001001110000111
1101100000111111
1110101011111011
1110000101101011
0110110101011010
0011101111111110
1011110101101001
1101011101111001
0010111011111000
0110101101110010
0010111111010001
1101110010101100
1101100110011101
1111001110100110
0111101101110001
1010101101101111
1101011011000110
0111000011111110
1000011001110111
1110011111111010
1100111001101011
1111001011111001
0111111011011111
1010010011111111
1001111110110011
1101111001110100
1011110111110100
1010111101000011
1000111011001101
1111101100011100
1011011011010010
0111111111101111
1011001010101100
1111101111000110
1001001111101101
1110011001001111
1011000101001101
1110011100111111
1111111100000010
1101000111101010
1111010001011101