1110100101110111
0110110111011111
1110011111001110
0011000010011111
0001010100111011
0011110011111011
1111100001011011
0111001110011110
1111000011111000
1011111110001000
1011101110001110
0011101110011100
1111101110000111
1110001001011111
1111000101011000
1111100011110100
1011101001101010
0111110001101001
1010100000111011
0111111010111010
1111010010110111
1111011110100100
1010100100101110
0101111111011111
1101110001011111
0111111101100101
1110010101001101
1001111110110100
0111011110011010
0001111011100111
0110001111111110
1001110010111010
0101011100101010
0111011011101001
1110000111101111
1111111111010110
1010101110101011
1111110110111101
1010011110111001
1111101110100011
0010101111000111
1101011101011111
1000011011010111
0111101011001111
1001111111100001
1100000001111111
1011111011111101
1111000110111110
0111101110110111
1110111011111110
1100101011111001
1110000111011101
1001110111101010
0001111011111110
1111010001011010
1110010011101111
1111001111010101
0001011101101100
1110111110000101
0001111101111010
1011100011100111
1110100111101011
1110000110011011
1111100001101010
0111011111001100
0101111001101110
0111110101001111
1111111011110011
1100010111110101
1011011001000111
1011001101001111
1101101010001111
0001001111101100
1110011011001011
0111010001011100
0011111110101111
0001101101101001
1010011011011011
0101110001111111
0011110111001011
0001110101110111
1101101111011101
0011010101101111
1001011010000111
0110011111100001
1111011100010101
0111010001111000
1100111111100001
0100110101101100
0110111110111111
1101001110111011
1010001011111111
1110001011111101
0011010100011110
1101001101101011
1000111101110111
1101010011110100
1111101110110110
1100011011001111
1110101100001010
1001111110010011
1000011001111111
1111010000101011
1001110111100110
0111111010100101
1111110100100010
1101111001110111
1011111100000001
0110110101110001
0111100111110111
1110101010010111
0111011010100111
0111011011011011
0111101001111111
1111011100111001
1111101110001100
1101010101111101
1001110111100101
0001101111110111
0010101101001110
1101101100111111
0011001111001001
1001001011101010
1111001000111111
1100001101100101
0011001101111111
1100011111011101
1111101000011011
1101011111101001
1111001011001101
1001010100111110
1100111110011111
1000100011111111
1110101110111101
1000101111010111
1110111111100110