1000100010111101
1111111110100001
0111111010000111
1100111010111100
1110100100111101
0110110101011101
1001001100111101
0101111101110011
1001111111011001
0011111101110100
0111110001001111
1010111101111011
1001101101001011
1111101111111110
1001010111100010
1111111011110110
1111110110011010
1110000011111011
1011011101011111
1011011111100100
1011101010001101
0011101110011111
0001111111100011
1111001111001101
1110111111110111
0111110101001001
0111100101110111
0111101100000101
1111001011101111
1110001101111001
1100001011011011
0101110110011011
1111100001110101
1101110000000111
0101111011110011
0011101111110111
1001101010101101
1111000101100011
1011110001001101
0100111110011101
1111110111111100
0110111101011110
0011111110100010
0111011111111111
1111111011110001
1001110000011111
1111111101001000
1001101110001101
1001110001010011
0110110011011111
1001110111010010
1000101000111111
1111100110000111
0101101111001111
1011011110110010
0101101110010111
0100111011011000
0111110010001111
1101111001111101
0011111101011110
0101111111101101
1111001101001011
1000010101111111
1111111001011110
1110111111101111
1100101000111011
1110011101111110
1101100100111001
1011011101110111
1011100001100111
0101111111010101
0110101010111101
1101110110011001
0101100010111011
0001110100111001
1101011000111111
1111100010011001
1001000111111111
1101110000110011
1011010110011101
1111001101010111
1101110001111110
0100101110111111
1001011110011011
0010100110111111
0101100101111101
1111111110111000
1101110011101101
0111110100011111
1001111100101010
1111100001000011
1001101100100011
1110110010111110
1101111111010001
1010010111011101
0011110111011010
1111111010101001
0101110111100011
0111100110110111
1010110001011101
1100110111011011
1011100111111011