1010001111110011
1111010010101111
1000010001011011
1111100101001110
0010111111110111
1111001011111011
1101100100010110
1011011001010111
1111110101110001
1111111010011111
1010101011111110
0110100111111100
1011100000100111
0011010111011111
0011100111100011
1011110001111110
1011100011110011
1011001100011011
1011100011111100
0111000111110000
1010000110011001
1011110111000110
1001100101110110
1110011010111101
0011111110100111
1011010100000111
0101011101110100
1100111000111110
0110011001001010
1010100101111011
1100001111111111
1111110000111100
1100101101101010
0110000110111010
1111101100111101
1001001001011110
0001101111101111
0000111111011110
0110101001110101
0111001111010010
0001111101010101
1110011110101010
0100101110101110
0100101101111111
0110010110110000
1010101000110111
0101111111001011
1100011100011010
0111101011111110
1011110100100110
0101000111110100
1110011111010011
1111100001011101
1111011011011001
1110110011010101
1101000001001111
1100110111010001
1001000110101110
1001110111011101
1111110101101011
1110001011011100
1111011101111001
1111111111101101
1101111111100111
0011010111110110
1010011111101110
1000111111110110
1111110100010101
0001011111101111
1010111101110011
1001011011010011
1011000110001110
1110000111110001
1010010100110110
1001101110111100
1101101001010110
0011110101111100
1000010111111110
0101110101011000
0010101111111001
0001101110111011
1010111011010111
0001011111010111
1011001010110111
0011110010111011
0100101110110101
0111011011011100
1111101111000011
1110101011111011
0111000001111101
1101100011111100
0111011010110000
0100111110111000
0110001101111110
1110110111101111
1100100111011111
0111001100011010
0110001001010111
0100100111111101
1011111010110001
1101101111001011
1111010100110101
1101101110010100
1111101001011001
0110111110000111
0110101101000110
0111110100011111
0101100110010110
0101111100111111
0010111011111111
1101000111010010
1100110110111111
1100110001110010
0010111110111101
0011111010111001
1101011010111000
1011111111111010
1111110110101011
1101111001110100
0101101111101011
1101101111111001
0111110101110111
1001000110110011
1010000101111111
1001100111011111
1000010111111001
1011000110010001
0011111011111100