0111000001011011
1101100001011111
1111000101111010
0110111111011010
1111111100011001
1111101011110111
0101100011011011
0000101101111001
1100100110110110
0111110100110101
1001110101011101
1100011111111000
1000001011111001
0101010100110110
1110001010011011
0011000110010101
0101111111010111
1000011011010111
1001100111111111
1110100111010000
1110111110011101
1111000010111011
1110111101010101
0101101101111110
0100010110111110
1010111111011001
0010000101111101
1011111110011011
0101111010111110
1111011011011000
0101111011011110
1101011101011000
1101110111010001
0100110001110011
0101110001110010
1001111101111100
1011111111011110
1001010111110111
0101111011110000
1111011011110010
1010011111110101
1010100101110101
0100101101011011
1101100010011101
0011111010111011
1110001111111110
0101110111011010
0101111011011001
1100011010111110
1000101001111010
1111111111101111
0100111001111000
1011100100111111
1110111000110110
0100100111011111
1000101001011111
1101001010111110
1011111110111000
0100011111111010
0010110001110001
0111110110110001
1010010001111100
0100110111111001
0111111000110011
1001111101110111
1110011010010011
1110011110010110
0011010110111011
0111111110010001
1100100110010011
1111101011011010
0011011000110111
0101101111011110
0110101110111011
1001101110110101
1111110011011010
1011000001111001
0010010101011011
1101100111011110
1011010001110001
1101111000011101
0011001111010001
1111010100010010
1110001111110111
0010011111010011
0110111100010111
0111110101010011
1101010011010101
0111011010111100
0111010111110011
1111110101111000
0011111001010011
1101110010010110
1101110111111100
0011011011110011
1100111111110101
0110011110011110
1001110110111011
1110011100111111
0111101001111001
1111101100110110
1100111011011001
1110110010011011
0101001111011111
0111000011111100