1010001111110011
0011101111110101
1110110011110100
1000111111011111
1011111010100010
1110111110011010
1001110110011010
1000111011111101
1110111101110011
1100110010101001
0100101010111111
1011100011010111
1100010111111000
1011110001111110
1100001011111101
0010101011011011
0111011111010000
1010110110110110
0110100100100111
1001110001101111
1010110111100101
0111011101010001
1111100110111101
0011111100110011
0111010101001010
0110110001101001
1111100111110001
1110101011101100
0111101111011001
1111101011100011
1101110111110111
1010111010011011
1111111001110000
0110101110110110
1111011000001110
1101111101001101
1001111001111100
0101011101110101
1010101111100111
1011110010111010
1011111000100110
1001011110001010
1101001011111011
1011110110100001
0011001001110111
1101101110110111
1111100001011110
1111010110111111
0001111111011111
1111011100101010
1111101010011000
1010001100101111
1010110101111110
0101110011111010
1011001011011100
0011111111111110
1001111110100001
0110110111010111
0110111111111100
1001010101111011
1110010111011010
0111110001100011
1110111011100101
0110111111001110
1011011111110110
1011110100111100
1010110111001101
0101011110110111
1101101001110110
0001111001101011
0101110000111111
1110010011001001
1111011001101001
1011111001000100
0101111110110110
1100000011101110
0111101101010101
0111111110011110
1110111100101011
1111100000111011
0110110110110011
1111111111000001
1111110011010010
0010011111001011
1010111001110111
1000111100111110
1001111100111101
1111100010011011
1001110111101110
1001111010101011
1011101100100110
1101100101111111
1100101001101001
0110111011110110
1110111010101100
1110011101011101
1011111101001000
1010111110111000
1111011101100111
0111111000110011
0011110011101001
1010001101011010
0110111110111101
1111011110110101
1110101001111110
1011110100111011
1010111101101011
0110110101011011
0101111101110000
1001111011111000
1111101001011011
1110100111100011
0110111010001111
0110001001010111
1110011111100001
1011111010110001
0111110111110001
1001111111000110
0111110110010101
1110101010111011
1101111011011111
1110011011010110
0111001110101111
1010110111110100
1100011100101111
1011011011101001
1011101010010111
1001001110101001
1011100111010101
0011001100111011
1111000001010101
1101110101101011
1100101101100100