1111011010011001
1111011011001010
1010001111001011
0010011011011110
1101110101111110
1110101001011111
0101001111111111
1101111011111100
1011011011011010
1111011100101110
1110011001101100
1011110011111111
0101110101111011
0010011111011000
1001010101111111
1100011101111010
0110011000111100
0110101111111111
0011111111101111
1001111011111010
1101110111001110
0100111111011111
0101011110001011
1111001100111110
1011011110101011
1011100110011110
1001110111111011
1111110011011011
1111110110011010
0111010111011110
1111001110101010
1111100101101001
1010001011011011
0110110111101011
1100111010111010
0111001111101111
1010101111101001
1110110110001011
1101000001101111
0111000111111100
1111110111001101
1110110101111111
1100101011101111
0011011000111001
0011010111111100
1001101011111110
1111111101001111
1111010001111100
0111100110111000
1011101110111101
1111111111110111
1010101111001101
1110010111001111
0110011101011111
1111101001111100
0101101110111100
1010010111111111
1010101111101110
1010110110111100
0010111010011110
1100101010111110
1001010110011111
0011100111011100
1011011110001100
1010001101111011
0111111110011101
1111101100101010
0110111101011110
1011011110011001
1100011111011101
1101110111111101
1000101110111110
0101110110111111
0101111010101111
1110111011001011
1011111101101111
0011000111111010
1100011100111110
0110011101101101
1101001010011111