1111101110000101
0111111110001110
1101110011111011
1100011111011010
1111010011111010
1001110111001011
1011110111111001
0100111011001111
1011111011100111
0011001111011110
1100111101101011
1010110111100101
1011101101011111
0011011110101011
1101101101101000
0111111111111000
0101100011101111
1000111101111011
0011010010011111
1111010010110110
0101100110111100
1101000011110111
1101100011100111
0111100100011111
0011100111101111
1101111101110101
1000110111010111
0110101100101101
1010011111111111
1000101111011101
0011011111011010
1110110110111101
0100110111011110
1001101111011001
0011111111111100
1101101011001101
1001011011101011
1111001010111100
1101001101101101
0101011111001011
1111111101001111
1101101111110010
0111110010111110
0110101010111111
0111110100111001
1101100110101101
0111101100101011
0101101111000011
0100001111100111
1111100100110111
1111101011101000
1011000111011110
1110100111101010
1000111111001000
0011111101011001
1101111001111111
1110110011010101
1010101111001011
1010101101111000
1010101010110001
1001110101010110
1011110011001011
1111010010010001
1110011011011011
0001111010001101
0110111111001100
1010111001101011
0111001110001111
1100100101111101
0100101101011011
0111000101011110
1110011101011110
1111001010111001
0011011011001101
1110110111011010
0011100110111011
1110000111110010
1111011111100101
0011011011001110
0110011011011110
1111111110001011
1011101011001100
1010110111010100
1111101101011000
0110101001101100
1010111011101000
1110001010100110
0010101111111001
1010110101101011
1110111001100100
0000101110111011
1111100011011101
1011011110011100
1001001111011101
0100111011100110
0111110111110111
0111111010101011
0100001101011111
0011110101111110
1101111011010010
1001010111111101
1111000111010001
0000100011011111
1100100110111110
1011011011110101
1001011110111100
1001101110011111
1111100111101100
1111100111100011
0111111011011001
0101010011011101
1011000111101101
0101100101111100
1110101001110010
1101111010001110
1011011010010011
1010111110101111
1111011001111111
1101011011000111
1011111011010010
1101111100101101
0100111111111101
0110000110011110
1111101000100100
0011111111101010
1111001110001100
1110100101011001
1101111110110111
0110110011111001
1111111110111010
1110000111111001
0010101111100011
0101010110101001
0110001111111011
1111011100111111