0010010011111101
0001100110101101
0100011110111110
1001110001110111
1001110011001111
0110010101010111
1000111011110011
1110101101010111
1010101011111111
0100111001110111
0101111001001111
1001010011111011
1001011111101001
0111111100110101
1010110001111110
0111000011000111
1111000011100110
0101000111111011
1110100100111100
1001110011110100
0001000111111100
1101110100010011
1011101111111001
1010010011110111
1111111001001011
1010110011111001
1101010101111110
1011100111100101
0111000111110010
0101001100111000
1110001111010110
1110011011011111
1101010110101011
1100101111011011
1001001011010101
0101101101011110
1001100101111110
1111100101010000
1011111110111110
1100110111010110
1001101101110111
0110011101011110
0100110111111110
1111011110110111
1101110111101000
1000111011011101
1101001111110010
0010101111110010
1010011011111001
1010111110011011
0101010011111001
0011000101111100
1111100110011111
1110110100011000
1110100111010011
1111100001101011
1101111101000110
0111010011101011
1100111100111110
1111111010111111
1011011101101111
1111010101000111
0011111111111000
1011111111011110
1101101111101011
1101100110111011
0001111100111011
1100100101111100
1111111001000101
1101111001111100
0101110101100001
1101000101110101
1111101110010101
1111110100101111
1110101101011001
0011110011110111
1111111110010110
1010100111110111
0111011100101001
1110111111101111
1101101111100110
0101111111110110
0111010001111000
0111001001111100
1101000111010111
0000111101111111
1100011110011011
1110111001011011
1001011110101011
1100110110011001
0101111001100001
0011011111001011
0111010101100101
1111100011011110
1100111011011100
0111110011101110
1011110111010111
1111001101010111
1110100011010101
0101000110101100
0111111111011101
1110000111111111
1010010110111101
1111010011110010
0111100101111000
1001010110001111
0011011101110101
0001001001011011
1101101001001110
0011110101110111
1100101110111010
1011000110101101
1110011111111010
0011101011110111
1101001101100101
0111111111101000
0100100001111111
0110111110110111
0111011111010010
0101101001110111
1011110111011101