0111001011101110
1111010111100011
0111100001001110
1001101111111111
0111011101111101
1001111101100100
0010101101101111
1110100001101101
0111111101100111
1011000101001111
1110001111101110
0101110101110000
0101111101001011
1011110100110111
0111110111011101
0011111101101010
1111001001100101
0111111101011010
1101011100101011
0011111110100110
0011010101010011
1010000100111111
1001111111011010
1110100111111100
1011001101111001
1110101000110110
0100101101011110
1011001001001010
1100101010101101
0010110011111111
1101111010110101
1011010111100101
1011101010011111
1101111011111011
1010011110100111
1100110111010111
1011011110100101
1011110111111110
0010011111001110
0111000101101010
0110101010111111
0111001111010010
0000110111111101
0100010110111111
0110001110111111
1101111110100111
0111011000001111
1110000101101101
1111111010100111
1010001110110111
1100111101000110
1111011111011100
0101110110111110
1111010100110011
1101000111001110
1111100011011011
1111110110100111
1101101100011100
1110111011111100
0111101100110101
1101001011111111
1111011011110011
1101101111101011
1110110100111101
1011111100101000
1111001010101010
1010111100100111
1011101010101011
1000010111011111
1101111011111110
0111011100010110
1011111010111110
1110100110101110
0011000011100111
0011100101110001
1010101101010100
0011001111010101
1111101011000100
0111010110110101
1000111111010111
1111110110110001
1101100101111111
0111001110101011
1111111101001101
1110101111001101
0110110110010110
1011110100111011
0011101001110101
1100111111101100
1001110011100111
1011100011000111
1110110110111100
1111100111000000
1101011101111001
1011010100011101
1001110110101111
1011011100001110
0001111101110111
1101010101010011
0100111111011001
0110011101001110
1110111111111010
0111111011101011
0111111111101101
0111100100010011
1100010101110011
1011101110000001
1111001100101001
1101010001010101
0011101110010110
1101011011000111
1101000111010011
1011001110111001
1110101011100111
1010111111111011
0010011011111101
1110011010110110
0110011111110101
1111001001000111
0011001111001011
0100010001101111
0000110110110111
1111011010101000
1110011001111001
1110001101110101
1111010011011001
1111010110101011
0000111001001111