0111101101011110
0010101100111101
0111011101111101
1110111010011111
0111011010011101
0111111111100111
1010110111000110
1011110100001110
1011001011110101
1111100100111101
1010111001100110
0111010101001010
1111100100011111
1010110111011011
1110101100100100
0011111001101111
1011110111011001
0110101011101011
1011010111111101
0011111011110110
0110100011101101
0111001110111100
0010111100111011
1111100010000011
0111011100111111
1010110101111101
1111011001101111
1110011000111101
1111010000010111
0110100110001111
0111001001110110
0111001011111100
1011110001111111
1110011101010111
0011101000111111
1111001101100101
1101111111111111
1110101101000011
0111101101001011
1111111111011100
1011011111001101
1111111010101110
1011010111011010
0010001101001111
0011111001010001
1111110100010101
1110110011011110
1111111011111010
0111111010110001
1011100101100010
0010010111101110
0111001110101010
0110101110111000
1111010000111101
1010101111110111
1011101110111010
0111110100010010
1110100110110101
1011011010110011
1111001110111000
1011110101001011
1010001011001011
1111100001100110
1111010011111100
1011111100000011
0110101000110100
1111000111111111
0011101011101111
1011101010111001
1011100111010110
1111001011000001
1011010110110011
1111101110000010
0110100000110011
1110110001000101
1011010101010110
1110011001111011
0011110111011010
1011110111110101
1110001110111111
1111100110100010
1010111100111001
1110101111000110
0111101011101110
1110011010101001
0111010110001111