0101111111111111
1011001111111101
0010101011111010
0111101001001011
1110100111010101
1001110111110010
1001110001010101
0111111111100110
0111000111101111
0011111111010100
1001010010110110
0110101010111010
1111100000101011
0111111100001100
1111011100110011
0110011110100111
0110000110111100
1100011110110110
1011111001010011
1110101001001111
0111111111000101
1100111111010100
1110110001110110
1011100000111010
0011011011100111
1011010110100101
0010110101101111
1110111011110101
1010111111000010
1111011000001110
1010100101011111
1111010100110110
1101001111100101
1011001111011110
0011001011010111
1001111101000100
1110101110111000
1010010011101011
1111000011011111
0011011100101100
1011011011001100
1010101110101011
0111110001101111
1100110101111011
1110100000111111
1001100110101101
1011100111011011
1011101000011111
1100011110101101
1101111001001111
1010111011111100
1011011110100110
1111100110011011
1111010111111001
1101111110101100
1001011011001010
1011001101111011
0110110100101111
0110111111001110
1111110011100010
1010110110100010
1110101101111101
0110111100111101
1111101110001011
0110111010101111
0111010111101110
0111110010011001
1010011001000111
1001000101111111
1000110010111111
1111100011111101
1000110111101100
1101011111111100
1101101110100011
0111010011111111
1100010111010111
1111101111011010
1111111010110101
0011010111110110
0111001000011011
1100011100100111
1111010000111111
1110110111011010
1101111001110011
1100101111111001
0010101111011111
1111111100001011
1001110011011110
0111011100101001
1100100111111110
0111111101110111
0111100111011011
1101110101001011
0011101110000111
1001010110101111
1001110001111011
0110010111011110
1000110011011101
1111101111101110
1111111001100011
1110111011101100
1010011110110111
0011011011011010
1000011111110101
0111111110010001
1110010101100111
1011111111111001
1110011111011011
1000110111001111
1101101001111111
1111110011011010
1110000101111110
0111110011001100
1111001011000001
1111010101001110
0011110110111111
1001100101011100
1001111100101011
1010001100011111
1111010110010011
0010110111011011
1110001111110010
1110101111011001
1101011111011101
1111111001001101
1001111011000011
1011101111110010
1001101011110101
0011111010100111
0110110010010111
1110010101111011
1101010001111111
1010111110001011
1010110101001011
0011110111001100
1101111110011111
1110110110000101
1101011101001011