1100110011000111
1110111011101000
0111110101011110
1101111011101101
1001101110011011
1101111101101000
1011011001010111
0111111011011101
0101110111101010
0110111111100111
1011110111111011
1011101110110111
1001101101110011
1000111111100111
1101000111111111
1111011001000110
1001111100101110
1010111011100111
0111101011010011
1000011111111100
1011101001011110
1001010110100101
0011101101010100
1010011111100110
1111111111110010
1111100111010110
1101111100111001
1110111101111111
0011011101111001
0000100111111100
1110111110000011
1011100111100101
1110110110001010
0001101101111110
1110011011001110
1100011111010101
0011001111111110
1101010110000111
1101001110000111
0111010111011101
1001111111100011
1010011010101101
0111101101001001
0000100111011101
1011010011010111
1111110001110011
0110011110001111
0111111110111011
1011001011011101
0111001111110111
1100011110100001
1000110111110101
0010001111011001
0101110001011011
1001101111011000
0101110011011110
1110010111011101
1111111000110101
0111110101010101
1110100011010001
1111011010000110
1000111110111111
1101100100100111
1011111110000111
1010001110101011
0111111001101110
0001001011111011
0101101110001111
1100110011001011
0011101111111000
0110101110011111
1010101011101111
1101111100001111
0111111100100110
0101001111001011
1011111010110011
1010010110110101
0101011011010011
1011111100101100
1010100111001100
1101111100101011
0111010111000011
1111110010001110
0111111001010110
1010000010011111
1001111011111000
1001110111001111
1011011011010011
0101100001111000
1011100000101101
1111101110111110
1101011111101110
1101001011110110
0110101010101111
1010111111010110
1101100101001001
1111101011100110
0101011111100101
1111111000101100
0001010111110101
0111110101101000
1011001000001111
1010100110101111
1111001010111011
0001111110010101
0001110111101111
0000011111111001
1111011110101100
1111110100101100
0010011110111100
0111010101011111
0101001100011101
1101111111110100
1101011010111111
1000100011111111
0101101111110111
1110110110000101