1011011011001001
0111011011001111
0111111011011100
0010011001111111
1110101110100111
0111110000111000
1110011101010101
1110011101101111
1101111100111111
0111111111100110
1001100111001011
1111111100011000
0101101011000011
1111110011101101
0111001011101101
0011110011111001
0111000100111100
1010000111101010
1010010110100001
0111000111001101
0000111110110111
1100100011111011
0110011100111001
1111101000011111
1001110001010111
1111001111000011
0011011101011111
1010101101100011
0001110111111011
1011110010000111
1110101011101011
0110011001110010
0111001001101010
0110111110001011
1011110101111101
0101111110101000
0111101110000101
0001001101111001
1000111111100011
1011111010001001
1111011100110110
1110001101111001
1000010110101011
1111010010010111
1001010101111011
0111110000101010
1000111011010011
1111001100100111
1111111110000100
1110111100010010
1011111011000011
0111010110011101
0110110011110110
1101100101011001
1110111010111111
0101011011011001
0011111001001111
1110110100111101
0001101111001001
0111000101111001
1111001101011101
1001101101101101
1111111010110101
1010110101110111
0101011001111101
0000111110011001
1011001101011011
1011111101001011
1111011111011110
1011111001110101
0111101011101100
1111100101100100
0110100110010111
0101111010101001
1111010001010101
1100111011010000
0001110101001111
1011111100011111
0110100101101110
0011111011111110
1010000111111001
1100101101111001
1111110111011110
0101101110001101
1101111101111110
1111111110010001
0101010111011111
0110111101110101
0011011011101011
1101011011110110
1001011010111000
0011110111111010
1111100110111010
0101111010001010
0111010100011011
0011010111111101
0111001010011111
1101101001111111
1000011101010011
0111100110110100
0110111101100011
1010111111001111
0110111111101101
1100111110111100
0110100011111111
1101101011011100
0110001111111000
0111111010100111
0111111000101001
1110001111011011
1110010011011011
0110001100111110
1010101111100101
1000011110111110
0001101011001111
1101000101100011
1111011110001011
1100110111110010
0111011111110101
1101101111111010
1011101110111111
1110101100011110
0111000101101101
1011111101111100
0011000101101111
1110001011100111
0010110111111111
1010010111110110
0101001101101111
0011101111111010
1001110001100111
0110010011111011
1111000101011011