0110101001110011
0010101111101110
1110011111101001
0110100101110011
1011000100111111
0011101101101101
0000011111111111
1011000101110111
0110111110110101
1111111000111001
1011001110011010
1101111110011100
1101111011101111
1110101110000110
1010111011100111
1001101110100011
1100100001111111
1100111101010100
1001001101101110
1011010010110001
1010011011010110
1011111101111001
1110111110001101
1111100100001001
1111000101011111
1010011110111001
1010011100110110
0110100100111111
1111110111111110
0111101011001111
1000110111110111
1111100011100111
0111011111111001
1110000101110101
1011011110100110
0011001111110011
1000101011111111
0011011111000010
1010101101111111
1001101101110111
0100111101100111
0101101010110111
0011111010011110
1110001001101110
0101111101001111
0111011101011111
1101001111111101
1001010101111011
0011111001111111
1011011011001111
1011110110101101
0010110101010101
1111111000110111
0100100010111101
0101011110110110
1011011001011111
1101111100111101
0101010111111101
0101110001111101
0001101110101110
0111010011101011
1011111001101010
0110011110111010
1100111011010110
1111011110110000
0000111110000111
0010011111010101
1111111100101010
0101110101011011
1101011101110010
1100011001010101
1001011100110110
0110100111101101
1100111101100110
0100111111110101
0111100010110101
0010101111011101
0101100110000011
0010001111110111
1100111111111011
1010111101110010
0101111101100010
1000011101100111
1101111101111000
1100001101001111
0001110110111111
1111010011010101
0100011110101100
0010110110011001
0001101111001011
0111001000111011
1011001110110011
0111111100010010
0001101111010001
0001111111010110
1110010011110101
0101101110001101
0011011010010111
1111111110010001
0100101001111101
1100000011011111
1010011101000111
1110011110010111
1111010110101111
1110011100111010
1010111010011000
1110010010011011
0110110110001111
1100011111011110
0110111010111001
0001101101011101
0010100110111111
1001111000111111
1110111011110100
0110101011110101
0110101111100011
1011110001011111
0110111001101010
1000111101101100
0111000100110111
0110100010110011
1010111101100110
0001010101101111
1011111000101110
1011101010100010
0100110111010111
1111111111100101
1101110011111001
0110101101111110
1011000111001011
1100101101111100
1101111101001001
1011101001110011
0001011101110011
1010111000001011
1101101110001010
1111001111110000
0011101011110101
1011001010010110
1111111011101101