0001101101111011
0001010000111111
1001100011001101
1010111001011110
0110101011110010
0110101011111100
1111100001101100
1111110110011111
0110001111010111
1101011110101010
0110011111010001
0101000011111111
0110110111010011
1000111101011100
0000111110001111
1001011011100011
0111111111011110
1101110010101011
1011111110110111
1100111111001001
1101111001111011
1111101010010000
1110111100111010
1111001010101111
1101010001010111
1011101111100111
1101111100011111
1011111111011011
1101011010010111
1000110101001110
0001101111101111
1010110101111101
1011110111111100
0110111001111001
1111011100110111
0111100011010001
1100011101111111
1101111110100011
1100101011100110
1001010100101111
0101111001101111
0111011011010111
0111101001110111
0110011110111011
1000011010011111
1001111111111001
0111010010111100
1101111011100010
0001010111100111
0010111011111101
1111011111111000
1111001111111110
0011111111100110
0111100011000101
0011101010111000
1101001111010111
0111111111101011
1011110101110110
1100111011111101
0011001111110111
1110101110010110
1111110011011100
0010101111011111
1101011010111101
1010101101101011
1111001111111101
1010100110111111
0110100011100101
0110111101110111
1110100111111010
1100000011100111
1111010111011110
1110100001111111
1111001101011111
1001110110111101
1111101101000100
0110111000111111
1101101111110011
0011001110111011
1111011011001111
1111111000000011
1110110011111110
0101011110101110
1110101010001111
1111111010101010
1101011111110110
0110010111001101
1111111101101001
1110011011110110
0110101010010011
0110011011110011
1110011100111011
0111111010100101
0001000111111111
0100101101101111
1110101011011010
1011101001110000
1010000111101111
0100100101011011
1011100100111010
1110010110101001
0101111111111101
1101100110110111
0010111111110100
1000101011011111
0001111111111110
0011111001011101
1111011010110110
1000011011100111
0010111101101110
1110101010100001
1111010101111011
1101111111110101
1000011110111101