1110010100101011
0100110001101111
1111100010110001
1001111101011111
0111111110010101
1011101001011100
0111011011110111
1111100100011101
0011101111101111
1000101101111111
1100111101110110
1010110111111011
1101111010111100
0011101110010011
1100111010110010
0011001111011111
1011111001010011
0011101111110110
1011010111010111
1101010101011010
1011100101111001
1101111011001110
0100110111110110
1100010101111110
0111100100011111
0111111100001111
1000100111111111
1101110010110011
1010011111110001
0011110010011011
1001100011101011
1111010011100011
0000111010111011
1110001011110100
0111100111111010
1001111100111011
0111010011011001
1111110001011000
1011011110100111
1011110001010101
1111101111111000
1011110111111110
1111010101110111
0111111110100011
1010111101110100
1101101110011111
1110111111011111
1101001111110010
0010010110110111
1000111000101111
1100110100111011
1100110011110111
0011111010110111
0011100111111011
1100100011101110
1110011000111100
0111110011110111
1001101110111111
0011001011111001
1101011111100110
0101010111011011
1111101101011011
1001111101111100
1100101110110010
1001011001111010
1100011111110010
1101010111010110
1100100110111010
1111111111101101
1111101100110111
1011111010010010
0011100000111101
0100100011111101
1101111110001110
1010101011110101
1011011101100011
1110110101100111
1100001011101111
1010100111110111
1100011001110101
0100111001111001
1111010011101010
0111111010010010
0111111111001010
1010001111111010
0101111110010110
1111001000111010
1111011101011101
0110101111101111
1111011011001111
1101011110111111
1010111110100111
0110010011111111
0110010111111110
1011110011100111
1001110100111111
1111101011011010
0110011101111001
1011001101011110
0010100011111101
0100110111110101
1111000111111111
1101101111001010
0101110001111010
0100111100111110
1010111000101110
0101111101110110
1110100001111011
1011110001101011
0101111000100111
1011001000111001
1001001111101110
0100100001111110
1000111110111100
0100101010111001
0111010110100110
1011111110001010
1011101110000011
1110010010111111
1111001101110100
1000010101111101
0111011111011100