1111110100111001
1111101001101111
1111111110011010
1110010101101101
1101110111110100
0101001111001101
0101111101011100
0100111111011100
0011011110110111
0110011111111100
1100100011100111
1011111010001101
1101011010101111
0000101111011011
1001101101111101
1110001111101110
1110011100111100
0111011111010000
1101111100011100
0111111110110100
1111111011101010
1001111011010010
1010000011101111
1100101111101000
0110111001011110
1000101011101110
0010111100001011
0111011100111000
1011011011010101
0011111111010111
1110111101011101
0110100111010111
0010110011100111
0111101011011110
1000110000111110
0100010111110001
1111001111111011
1101010011011000
1010111011011011
0011111111111101
1001111100111011
1001110101001110
1000111001001110
0101100011110110
0010000111100111
0110110011010011
1110011101111011
0101111101001110
0100110110011011
1111101111100110
0011101111110011
0111000011010111
1101110111001010
1100110110010011
1111010001001101
1101100011010111
1101011011101101
0010111101011010
1001110111010010
1100010110011111
0010101101111111
1100111011111101
0100011111000101
1010000001111111
1101000111110101
0111111000001001
1101010101001110
1000010101111111
0111100111101110
1101111110101001
1001010111111110
1110111000001111
1010110101101011
1100110101111101
1010101111001111
0101011101111111
1101010110111100
0011110110101111
0101111010110110
1101011111110110
1010011110110110
1111111110101110
0111010111111110
0001011011101111
1101111101101100
1011111111111001
1010010011110011
1101011100101101
1011110000011101
1101110010100011
1010010011000111
0101011110010111
1101010001001111
1111111101110111
1111101011111101
1111101110111111
1011111010000111
1010010111110100
0010101011011111
1010110000111101
1110110110110100
0111011110000101
1000011010111010
1101100101111011
0101111000111010
0110111111010001
1111011110100001
0111110000111110
0101111011010101
1111010110110111
0100110111001011
0100101101001011