1100110100111101
0101110001101111
1011110001110011
0100011110111111
0111110111100100
0111101001001011
0010110101101110
1111111000111001
0111110110101110
1011011011001011
1010111100101111
1111110111001111
0100110111101001
1110111011110101
1010111011111010
0101111111011111
0100100110111110
0011101010101110
1100101011111010
0111101111011010
1111111001010110
1001010011111001
0110101011101011
0101110101111101
1110101010111101
1111111101011100
1011000110011011
0111110101011010
0010111100111011
1111011110011000
1011100101101010
1111101011101010
1100011110101111
1101100111111010
1101101000111111
0111110011011100
0110111101110010
1101100010110111
1111101111100111
0000111011111111
1110101111101100
0101101111111010
1111001011010001
1111110001111100
0011110001101111
1011100111110111
1101101001110111
1001010111010010
1101110100010111
1011111001110000
1111110001011011
0010011010011111
0011100001111001
1100111110111011
0110000011101110
0101011111110101
1110101101111111
1011001110010011
0111111101110000
0100000011111101
0001111001110111
1110110110110111
1111111110101011
1001010010100111
1110111010101110
1110100111011111
1000011111011010
1011001010101110
0111111110100110
0011001110111001
0010011110111010
1111101011111000
0110011011111011
1101111011010001
1010101111101011
1111111000001110
0111011111011010
1000111110100101
1111011101111111
1110011011010011
1010101111010100
1110110111100010
1110111010101101
1011110111110001
1100111101111110
1110000110111000
1001111101101011
0101010111101010
1101011011001110
0011111110110101
1001111110011100
1011110111101101
1111011111001010
0111101011010101
0111111001010111
1110001111110000
0101001011111110
1000001010111111
1111111010010000
0011100010111011
1101110110010100
1011110001011110
0101110001111011
0011011110011011
1011111011101101
1001111011011001
1111100101110001
1001101100101100
0111010110111111
0100110110101111
1111110011110110
0001000111111001
1101011011011000
1011111100001101
1111111111001100
1110111111001111
1111011111100110
0011001011110110
1101101111010101
1111010010011011
1111100100111111
1101011011110011