1011101111011000
0010111110111111
1000101011101001
0110011011001111
1100011011011111
1100111110011110
0101111111011101
1110110110011111
0110101001001010
0100100111001110
1101100101011010
1101000111111110
1110101000011101
1110101111110010
0110010100111111
0100000001111111
1001010011111011
0111100011101010
0101101111110000
1001100010111111
1110100111000011
1000101100100111
0010101111001110
0100011001111011
1110101111011100
0000001111111111
1110111010011001
1101111011001100
1010111101000101
1011011111010001
0110101110110101
1111111100111011
1110111011110111
1111011000110101
0101110101110010
1110000111101110
1101000011101111
1111111000000111
0101110001101011
0110011111001110
1001110011110011
0111010000101111
1010000011111011
0111001011011010
0011011100111101
0111110110110110
1101110110011110
1011101101111101
0111101110101011
0110111001111001
0111001110111110
0110111111110011
1110011111110000
0111101001011101
1110011110011111
0111111011010101
0110110101100110
0001011101101100
1001011101110010
1111110011100010
1111011010111000
1011110111000011
1111110111111101
1111011111101011
1011111011111110
1101111101110001
1011001101100111
1011111111000100
1010010111001111
1011101111101100
0000110111111110
1111010111010010
1010011111110101
0000111111111101
1111111010101110
0101101001100100
0110111111010111
0100111101101100
1001111111101000
1111101011111000
1001011101100110
0011111111111011
1101011000111101
0011101001110111
1101001010010111
1101001110011101
0111100100001111
0001111100011111
1111000110111111
1110110101011010
1011100110011110
0111110100111110
1011010001110011
1010111001101111
1111010110101110
1111011011110110
1100011101110111
1101011110111110
1011011011110101
0111111000011111
0111111001010110
1111110000011111
0110011011111101
1100110011101111
1110111111001001
1111101011110011
1111111010001011
1011011000010111
1011111010101011
1001110001111111
0111011111110101
0011011001110111
1101111011110010
0011010011010111
1100100101100011
0101111010101111
1111101110111100
1110011001001111
0011101000101111
0011110101000111
1110011000101101
1111111101011000
1001111100011101
0011101010011111
0110011101101101