1100101101101110
1100110110111101
0111110100101100
1111011110111110
0110111011111111
1111100111101001
1100100001011111
0111101011110011
1111001001111011
0100101100111011
1111001101101101
1101101101110101
1000110111110011
1001110101111100
1111011101010101
1100111101001110
1001010111101111
1011111101000111
0110110101111110
1101100111011011
1110101111111100
1111101001110110
1111110111010111
1101111111101011
0111111110001100
1010110011111111
1101111100011101
1010011001110111
0101110111011101
1001011111110011
1101010101011010
1100101110011110
1110010110111101
1110100101101010
0011111110100110
0111110011111101
1100010011111110
1001110110011011
1011100111111111
1110010101110101
1110111110001100
1110111111010110
1111111001010111
1111111010000110
0101110111110111
1111110010110111
1111101010110011
1101110100001110
1011111000100110
1110101000110111
0000111110111111
0011101011111111
1110110111001101
1100110110110111
1101100111001110
1111000011011010
1011110110100001
0100111111010111
1001001001011111
1011110000101110
1011111011111101
1101001101011101
1111110001011000
0000111111011111
1100111111111100
1100111001111011
0111110111001001
1110000111011101
1111101100111110
1111011110110111
0000111101111010
0101101010011111
1010001101111010
1111110011001111
1011111100011110
0001111111110101
1111100111110101
1100001111011111
1111101110101111
0111111101011111
1010110110101101
1110011101010111
1100100011101110
0111011111111111
0011110111101111
1110010001111110
1101000101111101
1001111001001111
0111110011110110
1111111000011111
1010111100110111
0101111111101111
1111101100111001
1101110001101110
1010010111111001
1001110111011100
1011111100011101
0011111100111111
1011011011111110
1111101101100000
0011110110011011
1111011111111000
1100111101100110
1011011111001101
0011111101111001
0101110111011011
1110101111011011
1010011101101111
1110110100101001
1100010110111111
1001110011111011
1101010111001111
1101101011010111
0110101111110101
1101111011010001
1111101111011001
1111001010011101
0101111011111000
0110101110011110
0101100111011111
0101101011011100
1000111010101110
1010111100011011
1010101011101111
1001110110111100
1011101111001110
0110110111110111
1111110011100100
1010111101101010
0111111110110011
1110101100111101
1110011010101101
1111011011110110
1010111111010001
1110111111100011
1101100101001111
1011111110011100
1111011110111011
1111110011110000
1011010111011111
0110110101101011
1001101110011111
1010111110011101
1111111000100001
1101110100110111
1111011000101101
1011110011110111
1111010101100110
0110110110001111
1010011011101111
1011101110110011
1011110110011001
1000111000111111
1001011011100111
1001110101011110
1111001101110111
0111111001110111
1101010111110010
1001011000111111
1010011111001011
1110110011110111
0011101101111101
0010111111110101
1011111010011111
1110010111101111
1111101111000101
1111001011001111
1101011110011111
1001001111101111
1111010010111101
1101101101110010
1101011100101111
0001101111011111
1100111111110101
1111111110111010
0111100101111010
1100010011111011
1010111101111101
1011011111010101
1110110110011110
1011111101110011
1111101110111100
1110111011010111
1001111111110110
0111111011000110
0111101101110010
0101111110111001
1101111101010110
1101011011111101
1111010001011100