1011001111111101
1111110010110011
1011111001011110
0101110001101111
1011011010111001
0111111110010101
1111010001100111
1111101110100111
0111010110011110
1101011110010111
0111101000111010
1111111000011110
0011101111101110
1110111111111111
1111111101110011
1111011011100010
1011101001111110
1111101100011111
0111011010011101
1101111010010111
0101101111110001
0111000011111011
0111000111110001
1011111010101111
0011101100111110
1111001111011011
0111011100111001
0011100011111011
1101110110010111
0101111111101011
0111101110110101
1101010111111011
1001110001101101
1101001111111111
0111100110101111
1111110100111100
0001111011011011
1101100101011111
1101011010101011
0011011111111111
1011100111111100
1101111010011101
1111001101111001
1001011111101101
0101101010011111
1011001101111011
1011111110011011
1111111001101010
1011101001101111
0001111101111011
1111101110101110
1111001011110110
1111011011011001
1111100111101010
0101111100101101
0011111011101110
1101111111111110
1011111111110111
1101010110011111
0001101111111011
0111110011011110
1111111111010011
0111011111101101
1101111010100001
0111101111010101
1111101011011110
1101101011110001
1001111110111111
1011000011111111
0111111011101101
1111010111110010
1111110111011001
1011010001111110
1111110101100110
1111011011110001
1101111100101001
1101011101111111
0111111101111100
1011111101011101
0111011010110111
1111101001100111
0111111110011000
0111101010110010
0111011111111010
1101101010011011
0111100110111110
1011110110111110
0111011011100110
0111111011110101
0111101110010111
1111100110111011
1111010110101111
1011010111011111
0111001111111110
1011011001101110
1101110100011111
1111111111001111
0001111101011111
0101011111111101
0111110000011011
1101100101101111
0111111001110110
0101110111110101
1111111111010100
1011001011111011
1111110110110101
1101101111100111
0011111000011111
1011111010011110
1011111111111010
0011110000111011
1001011011011011
1111010000011111
1101110111011011
1111100111100111
1101101001010101
1011000101111111
1101101010110111
0111100001011101
1111111101011001