0111111101111010
0101111101111111
0001011111011111
0110111011011101
0110011011001111
1010101111011001
1101001011011101
0010011100110111
0100111111010011
1101101011011010
0110101011111101
1111011111101000
1011111001111000
1111011111010100
1110001010110111
1111001011000101
1011111111100010
1011110111011111
0111110111111111
1100011100110111
1110010011011110
1101100011111011
1111101010111110
1011101101011011
0111101011011101
1101111111010101
1110110111110110
1011100111111101
1001101111111000
1111101101110110
0110101110110110
0011011011111010
1101010011111111
1101010111111011
1100011001111101
1001111111011010
1001011111101111
1110100111110011
0111011001101101
0110111010011110
1111001111111011
0111101111010001
0001011110110111
0100111111101011
1100111111111110
1111011111010001
1110101101001111
1110011001110100
1100111000001111
0111111011111001
0101101111111110
1011011001110110
1110101111101100
0101011111101110
0011101110111111
1001111010011111
1111011110011111
1110011111010010
0111011111000010
0001111110011110
0111101111101011
1001101001111100
0001111111011100
0111111101101011
1111110111011010
1110101111001001
0110111001111111
0110111010101110
1110011011011011
1010111101101111
1101111101011001
1010111111101010
1111111101010110
1111000111011110
0011111011001011
1011101001101101
1111010111010011
1111110110110111
1010011101110101
0000111111110011
1111011101011111
1110111011011001
1011101100011111
1101110010011110
1100110011010111
1111111100010111
1001111101101000
1101101011110010
1011011101101101
0100011111011111
1111001101111100
1001111101110101
1110111101101110
0111011010110110
1011101011011010
1111001011111100
1011111000011111
0110011101110100
0110111011001110
1011101111110111
1101111001110001
1111111110111101
1111000011110110
1001011011011110
0001111111010111
1010111011110001
1011111101001111
1100011000111111
1010110011110111
1110101011111010
1101111011100110
1111111111011000
1101001111001101
1010011110110110
1100111111101101
1110111011011100
1100110111110001
1111110101111111
1101101011110100
0000011011110101
0001001011111101
1110001011001101
0110001011010110
1111110011011001
1001011111010011
1111110011110010
1011001001111110
1111001110111110
1101011111011100
0111001000101111
1000101101111001
0011001101111111
1101011001101010
1100000111110111
1000111001110111
1111111110111011
1101011111101001
1111010111110100
1101001110101111
1111111001001110
1101010111111110
0111101101110011
1111110111101111
1101001101111111
1111111011101100
1110111111100111
1110011111111001