0110111011011101
1111100111110110
1110100110011101
1100001011111111
1101110111001101
0011100011111001
1111111011110111
0111111111011001
1011111110110000
1011011111010010
1011111110101010
1001110110100111
1011111001011101
1011110111100101
1110001110010111
1111110110000110
1001111011011100
1001101111010001
0111101111111110
1011011101111000
0110001111110011
1101010111100001
1001001110011111
1011010001101101
1001111101100111
1011001010111001
1111011111101110
1111010100001111
1110111101111111
1011101110110001
1001011001101111
1101010011111111
0101111111101011
1010111110001111
1101111101110101
1010011111111111
1111111011101001
0111000111110011
1010101111010011
1101111100000111
1011100111110001
1100101111000111
1101110101111010
0111101010111111
1111101101111111
1001111110111011
1011111110001100
1101110110011111
1110101111001110
0111101110110111
1110001011101111
1100011111000011
1101111110101100
1010111111011001
0011010010111101
0011111110001011
1011010001111010
1111110111111100
0110011111001101
0011011111111010
0101110000111111
1010111011111111
0011111110101100
1011100110011011
0011001011111001
1011111101101110
0011010111010011
1101011000111011
1101001111000111
1011010101110011
0110111111001100
1111011111000101
0111111111000011
0010101111111111
0111111111110001
1110101111100001
1110000110100111
0000110111010111
1111111010101111
0111111100011111
1111101111011010
0111110111101111
0111111010111100
1111101011011111
1000111111001110
1001101110111101
1100111111111001
1101010101001111
0110011011011111
1111010111001011
0001100111110101
1001010111111110
1101111110101001
0110101110011111
1110110011111101
1110010111011111
1110111111011010
1101011110011011
1001101111110110
1100101111111101
1111111101001100
0011111011101010
0011000111011011
1001110111111011
1111010011001101
1101010110110010
0111111101101111
0011011110011100
1011110100111011
1101110011101111
1101111111100010
0011111110110101
0101111110111101
0111110110010111
0110010111111110
1100011110111110
1101010100101011
0011111001011111
0001111110101110
1011100110010101
1111111101110110
0101111011101100
0111101111100011
0011011010111011
1110110111101101
1101100111101111
1011011010011100
0001111111100101
1111001111110110
0100111111111100
0111010011111001
0111000111011101
0101101111010011
0011011110000111
1110110011011111
1110111010011101
1011101111000001
1010100111010101
0101011111111111
1111000111111001
1000101111001011
1111010010111110
1111110100100011
1111111101110001
1001111111000100
1110111110111011
0111011111010010
1101111111101000
1111011110001001
1101011011111100
1011001111111100