1010101110101110
1001111101011110
0111010011110101
1111001011111010
1011101011011101
1110111010011111
1111010010110101
1010111001111001
0011111111010101
1011100111010011
1111110110000111
1110110101110010
1101111101101111
1011100100101111
0111001111111100
1010101111111000
1111000001111100
1111111001110010
1100000111110011
1101001110110110
1100111001011001
0001000111101111
0111100111010111
0011011110101101
0101110111011111
0101111111001001
0111011111100111
1011010111010101
0111010101111110
1100101111011010
1101010110101011
0110111001111010
0111111101011100
0111111010110110
0111110110110110
0111110100111000
1010111001111100
1010111101110100
0110101000111111
1111101111001111
1101000111111010
1100100111111010
1101101111011000
1011011100110101
1111110110001101
1010011111110111
1110001101111000
0110001111110110
1100001011111001
0111111000111011
0011011111111010
1111001101100100
1101111110001111
1101110011011111
1000101110111110
1011111111101011
1101000111111001
1110011001110110
1001111111111001
0011101101110101
0110010101111011
1010011110111101
0001110110100101
0100101011111001
1110011101011110
1001111100111110
0111111101010111
1011000110110110
1010111110111010
0010011010111111
0011000111101101
0110100111101110
0011111011111110
0101010011110010
1101011101111111
1011111110011111
1110101000111010
1001100110110101
1101100111110001
1011001001111011
0011110011110101
0101010111101011
0001110110110011
0110101101110111
1010110110111111
1111011111001011
0011110111110001
1011011011110100
1110101101101110
1110011100011001
1100110011111111
1100011011011011
0001010011111101
1111101011011011
1011001111011111
0111011101111001
0100001110011111
1101000011111110
1011011111100111
0101101110111100
1101101111101100
1111111011101111
1011111101011000
1110111111100101
1101101110101111
0111101111111010
0111111011011111
0111001101111101
0101111111011010
1111111101110000
1100111111110101
1000111111110111
0111101110101101
1111001100101010
1001001110110101
1000011011111111
0111000011111101
0101111101111110
0011101111110100
0111000111110111
1101110110111100
1110110000110011
1111111110011010
1011110110101110
0110000101101111
1101111010111100
1111101011110111
1111110101010111
1101111110011101
1010001101111111
0101110110100001
1110011111010111
1011111111001100
0111010100011101
0010111110100110
1110000110110110
1001101010111110
1101101010111101
1111111001010111
1011110101011101
1110101010111100
1110111101100110
0110011010111010
0110101110011001
0010111111111101
0110011101110111
1011111011110011
1011000110110001
1100111101110011
1100011010110111
1101011111100100
0110100101011111
0101111011111100
0100011111101111
0111100101101011
1100110111001011
1011011010111010
1110110111111101
1111101101110011
0011110010111101
1111110101011110
1111101101011011
0101000010111111
0000110111111111
1101010110011111
1011101101100111
1101100110111010
1001001011111100
1011011110110010
1100111111100111
1101000111010100
1101110101111111
1001101011111010
1011000011111110
0111000111011110
1010111100111011
1101111111000101
0111010110101111
0111101100111100
1000101111101110
0100111001111001
1100111101011110
1010111111010011
1111001101011111
1011010011111011
0111100100110111
1001101111110110
1011111110111000
1110101100010111
0110110111001110
1110010101111110
1110001111100110
0111110111101010
0011111101100111
1111111010110001
1111010010011110
0011110101111111
1011100011111010
1110001100101111
0100101101111001
0011001010111111
1101111111010011
0111010111001101
0111111110010001
1100100111011110
0011100010111011
0010011110111110
1011110110111100
0111010000111111
1011000110101101
1100110110111011
0111011111101010
1011010101110101
0111100010111101
0101111101011111
1101111001110101
0101101111101011
1110001000111111
1111010011110001
1110101100011110
1000100111011111
1110011110100011
1011101000111111