1010001111110011
0111110111011110
1100111101101001
1101001011111110
1110010111100011
1001110011110111
1111111010011111
0110011111110011
1000101111111110
1101110011011001
0110111001111100
0101101111001001
1110101110111010
1111110100111111
0011010011111111
1001111101011101
0111111101011011
1011101111111001
1010001011101111
0110111111100011
0100101101101011
1110001111110101
1101011110001101
1101111011101000
1100110010110011
0111001110111100
0011111111101100
1101100110101111
0010011111111000
1111010001110010
1111111100011101
1101110001100010
1101100111111010
1001111001100110
0111001101100011
0111111100110001
0010111001111010
1110011011111110
1110011101101110
0010011001111011
1000110011111100
1101111000111010
1011100011111110
0111101111110110
1101011111111100
1111111010101111
1101001011101101
0111110110001011
1101111100110100
0110111101101001
0000101011101111
1111110011011100
1010001110101011
1011011001100111
1110000110111011
1110111110111101
1101101011110010
1010011111110110
1101010101110111
0011110111111101
0111111111001110
0101111111110111
1110100101111111
1101011101111110
1011001111110100
1111010011101111
0101111001011111
0101101111011000
1001110110111110
0111011111011001
1011111100101101
1111101111101110
1101111110101110
1101110110001111
1001011110111101
0001111111001111
1111100111111101
1101110110111000
1010010011110011
0011100110111111
1001011111011101
0111111001101011
0011111011011000
1101101011011100
0110001111101101
1110000111100111
0110010111111100
1001001101111111
0100011001111111
1001101011110110
1100010111111111
1101110111011010
1011111101110011
0011011001011111
0101111110111000
1011110111101001
0111010111110001
0111010110111001
1001101110011011
1111010101100010
0010011110110111
1111100011100011
1111011111101000
1111101101110001
0100110110111010
0101100111001111
1011110001111110
0110101100101111
1011111001011101
0110010110111111
0001111011111010
1101110101101101
0100011111101010
1000011011110111
0011111111110001
1110111011110101
1000110111110001
1100101101110110
0001111111011001
1100111011110110
1101111101001100
1011101011110011
1100111100111011
0011100111101111
1110110101101111
1111100111110010
1111111111010111
1101010111011101
1101011111111001
1111001101011001
0111110011101111
1000011111101111
1011011110011111
1110100011100111
1010101101111110
0111010101101100
0111110001110101
1111111010111101
1011010111001100
1111111110011100
0001111101101111
1110111111011111
0111111101110010
1111011101001001
0001101101111101
1101110101111001
1110101101111101
1111101101111100
1001111110001011
1011111110110011
1101111011001011
0111100111111110
0100110111111101
0111011001100110
1101010111110101
0111110011011111
1101100110111011
1101011010111110
0111010111111010
1011000111111011
0011111111100110
0101011001111101
1001010111011110
1111011101011110
1011110111110110
0101101110101011
0111101100111101
1101111101111000
1101010110111111
1000111011101100
1011110101101111
0111111000111110
1011011011101100
0110110001111010
1101000101001111
1111110101011010
1111101001111111
1110111011111000
1110011001110011
1010111011101011
1011011110110110
1011101110011010
0011101110110111
0100100011111011
1101101100111011
1111111001011011
1111101110001101
1110001110100111
0100011011101111
1111110110110100
1111111111100101
1111001011111000
1011011101111101
0111111100101101
1101111100001011
0011011011111100
1111010011110000
1101101101011011
1111011100111111
1011000110101111
0000111001111001