1111110010110011
1111110101001000
1110110101110001
1011110011111101
0111011111001011
1100111111001111
1001010111101111
1111011101101110
0111011011010101
1011110011111110
1111101110111011
0111111100001101
1001010001111011
1010100101111001
1011110101100101
1011011001110010
1011111011011001
1010011111111101
1110101011101101
1101101010101111
1101111101101111
1001011111110010
1111100001101111
1110111001111100
1010010101110111
0111111100110111
0010011111101111
1100111110100101
1101011110110101
1111101110101101
1011011111110000
0011011010110111
1011011100011110
1100101111110010
1111001011101111
1100101101010111
1101101100011111
0110111110100011
1110011001110101
1111011111000111
1001001111111110
1110011101111011
1111010101011110
1111111000110111
0101101011010111
0010111010110111
1110001101100101
1110101011011100
1000011110101111
1010111100110111
1001110111011101
1011100010110111
0101111111110100
1101011111111100
0111111101010110
1100111110110100
0011111110101111
1111010001110110
1011111101110000
0100111010101001
1111010111111101
1101110110111011
1111010011101111
1101110110101110
1111011011011100
1001110110111101
0110111000111111
1101101111111101
1110110111011111
1111011000111111
1111110011100101
1111010001010111
1010100011111011
0101111001111010
1110001101010111
1010101011010111
1101110111000111
1110000111111111
1100111110110010
1011101100111100
0110011011111110
1111011110001111
1111001111110110
1111011111001000
1111100001111011
1101100101111011
1011100110101111
1101000010111111
1101011111011101
1110111010011101
1110011011101111
0011011111110110
0100011110111010
0111111000101011
1011111110010111
1111111010100101
1011111101100001
1101101011000111
0101111110011011
1111110101010110
1011110111111010
1100010011110011
0001011010111011
1010101110110111
1111011100111101
0111101101111111
0111110111111111
0100111101111101
0111111011110011
0111111011111100
1111111100100111
1011101011100101
0111001010111111
1110101111101000
1110111001101111
0010111011111011
1111100100011111
1010111111110100
1100111100111001
0110101110110110
1101101101110110
1100011111101101
1111011010110001
0111101110110101
1110111110001100
0110111101111110
1110100111110011
1011110111100011
1111110001000111
1110111111011000
1001011111101110
0011111111111101
1100111010110101
1110011010111110
1100111101110011
1010011111011011
0011111100011010
1011100111110011
1111111110010011
1110110110111111
1111101001101100
1011011110011001
1011001111101111
1110011111101011
1111111000011111
1111110011010101
1010111101101111
1110101010110111
0111011111101101
0110111101010111
1111101111011011
1111111111000001
0101001111111111
1111010111001011
1000111111101000
1011001100110111
1011111011010110
1101111111011110
1001111110100101
1100011110011011
0110011110111101
1010111110011111
1111110100101011
1100100011101011
1110011111011010
1110101011111010
1100111101011101
1011111111001111
1100010011111010
0110011111110111
0110101111101101
1110111111010101
1010111001010111
1100011110110011
1010011011110111
1100011111110101
1111011100011010
1001010011010111
0100111001011011
1100111010100111
1111011101011000
0001111011101111
0111111111010001
1000101011110111
1001101101111111
1001011011100101
1111101001110000
1010010111110110
1111111111100110
1011101101101001
0011111001110110