1000101111010011
1110110010001011
1111010011100111
0011111111110111
1110110111101010
0111111110010101
1011101011010011
1110101100100111
0111011101110010
1000111011110011
1000101010011111
1100111101001111
0101111011101001
1000110111111110
1101100000101111
0111011011010101
0111100101110011
0101011001011011
1100111011000011
1111011010110111
1101000101111111
1011001111111111
0011111110111101
1010111100101111
0111011011101010
1111110101001011
1101101000110101
1100101011101101
1010111110010100
0011111100011111
0111101110001111
1001111110110110
1100111011110100
1110111010011001
1111101111111110
1100111111110000
1011100100011011
1101101100010111
1100010111111011
1000111111111101
1111010111111010
1001111111011010
0111011110100100
0111011101010011
0111110010100111
1101011101110110
1111110010110110
1101000111011011
0111100111100111
1011101000101111
1110101101001101
1100011101011111
1000100011101011
1101001111010011
1110111111000101
0101111001100011
1111011011100100
1110011101100001
1101111011111010
1100011111100101
1010111010111011
0111101100110111
1001011001100111
1111011100110110
0011111010011111
1100011100111101
1101100010110111
1011111110100100
1001101110100111
1101110101001111
1110011011111111
0111101011111111
1111111110000101
1011100011100111
1111110111111101
1110111001110101
1011111011111110
1101111110111011
0001011011111101
1111101001010101
0101011000011111
1000111101110011
1011111111101010
1011110011010111
0111011110111010
1000101011001111
1111111100010000
0111111100111101
0111101101001011
1010101111100011
0110111111111111
1101011101110011
0111011101100011
1011010011011111
0111011010101111
1010110001100011
1011110010101011
1011110101110110
1101001111101011
1010100011011011
1110010101110011
1110110011011110
1111101011111001
1111011001110001
1100111111011110
1011111100100001
1011011110111111
0101010000111111
1101110110000111
1110111011100000
0111110010101010
1100111010101100
1011100101001111
0101011101100101
1111001110111011
1100110110101110
1110101110101011
1011010111100011
1001011101011111
0011101100101111
0101111101101110
1100101101011111
0101010111011110
1111010100011111
1111101001100101
0111111110110011
1111111101101000
1101101100101101
1111010110011011
0111110110010111
0101111011111110
1101111111011101
1111010100101111
1101111010100100
0011011101101111
1001100001101011
1011110100101011
0101101111011111
1010111111111001
1111011111100010
1111110011011010
1110110111010010
1111111001111110
1101011111101110
0111110100011110
1111011110111001
1101011110111100
1111101111101001
1100101010000111
1100001110010111
1111001100011101
0111111001010001
1011011101111101
1111011101011000
1100110111110011
1100101011010011
1011101111111101
1100101101110011
1100111011110001
1101110101110111
0111110011001110
1001100001011111
1001111010001111
1111110100100011
1101110001011011
1100011101101101
1011101001110011
1101111101111010
0111001101011011
1111101011001101
1011110111010010
1110111110001001
0111111000101011
0111101101111101
1010100010011111
1110111101011001
0011110111111111
1000110111100111
0111111101001001
1111011111001111