1100111011101101
1011110111100110
1111011111110110
0100111110011011
0011111111110110
1110011110111110
1001011011101111
1111110111110001
0111110010111001
0111100111111100
1101010011111101
1111111111010001
1000111011010111
0111111011111100
1111111110100110
1111001111001110
1110110010011101
1110110011101001
0110110011111110
1111111101111111
1111111011001111
0011101010101111
1110001111001101
0100101110100111
1101111110100001
0110111010011110
1000100111101110
0101010011111111
1011111010010111
1111011011011110
0111011110111110
1101111010110100
1100110111010111
1110000110111111
1111110011100111
1101011010110111
1101011110001011
0001101011110111
1101111111011010
0111110111101100
0011100111100111
0111010011011111
0011110010111110
1111010110001110
1001111010110110
0111101111101011
1101110110011101
1110000011111111
0011100111001111
0111001111011111
0110111011100011
1110101111111010
0111010010111101
0000110111111111
0101101111001110
1110101110001011
0100111011111010
0111001011111111
1111101111011010
1110111011011000
1010011111101110
1100011010111111
1111101011011111
0001110111010111
1111100110101111
1010110110011111
1111100111011110
1101110110011011
1110110010101100
0100100111111001
1111110111011001
0001001111101110
1110110110001101
0101111110110001
1101100011110101
1110010111011110
0110101111010110
1110111110011100
1110111010100011
1011101111001110
1111111111000111
1000101111110110
1011010111101110
1011101010111110
1101111010111011
1111101011111010
0110110111110111
1011111111111101
0011110110101111
1110110111111010
0101111010110110
1100101110110110
0110111010101011
0100011110101111
1101111011011100
0101111111110000
1100011111110111
1100110011111111
1101110011111110
0110100011111101
0111011111110111
0110111010111001
1010111111001111
0101111111100110
1111110111010011
0001010111011111
1001011110111110
1010111111010110
1111110111101000
0011101110010111
1110101011100111
1011111111111011
0101101111010011
1110011010110111
0101111011010101
1111111110111010
1100111011111100
1101010111001101
1100110110100111
1111011010110101
1111101110111101
1110111010110101
1110010110011111
1101111010100101
1000011011111111