1011111011011111
1111100101110110
0110101111111001
1101010110101110
1100101111001101
1111010111101100
0111101000111010
0010101111101111
0101101101101011
0010111111010101
1010100111011110
1111011011101100
1011000111101011
0111110101111111
1100001011111101
1111110111010111
1011111111100011
1110010111101110
1011001111111110
0100000110101111
1111110110011001
0101111110101110
1100011101100111
0110110010111001
0011110110111101
1101011110110101
1111111101011101
1101110111100001
0010111101110011
1001001111111101
1111101110100011
1101101000111101
0001111101001111
0111111110100011
0011011111111111
1110011100101011
1011101111101110
1001110111011111
1001101101011111
1011011001110111
1100111110100011
0100101010011111
1111101110101110
1110011101100011
0101101011101110
0111110110110100
1011110111001110
1001101111110001
0111101001110111
1110011110110001
1100101101111111
1111011111011110
0101110110110111
1111101110010101
1101110111011101
1111000100011111
1110001101111100
1011111100011111
1011111111010010
1100111011101011
0110010111111000
0111010011111101
0111011110111100
0110111100111011
1111111100110111
1000101111110111
0100100111111011
0100101111101110
1010100010101111
1110111110111110
1111011110000011
1011111011101011
1110000010111101
0111111101110101
1110111111011001
0010111110110101
0001101111111110
0110110011101111
1011101011101101
1001101001100111
1101111011011101
1110100101111100
1110101101101111
1110011101011011
0110111101101101
0101101110111101
1111001111110111
1001011110000111
0001101110111111
1101011101111010
1101000111101001
1010111000101111
1110001011111001
1100111001110101
1010101111111101
1111011111100110
1001101111101101
1110111001001111
0111101111001111
0101011010101111
1001011000111100
0010111001110111
1011110111101001
1111010010101110
0011101111110101
0111001111101010
1010011101111111
1001111011110010
1111110100011110
1101111101110110
0101110110111001
1101010011001011
1011011111011101
1111011010110111
1001111100101110
1111110101101000
0001111011111011
0111100011101011
1111111111010000
0111010111110111
1111011110010001
1110110111110111
0110111011111000
1011111101111010
1110110011101000
0110011101111111
1101001101011111
1111110010011101
1010111111110100
1001101011111101
0011111110100110
1101101110011101
1001111111011010
1100011001110011
1111000111011011
0001111110110100
0111100111100110
1011010101011111
0101111010110010
0111011100111111
1001100111111111
0111000010101111
1100110111001010
0101111101111000
1111111001101011
1111010110100111
1111100101111011
1111010101101011
1010111111110001
1110010110001111
0111111111011011
0001111010100101
1111111110000110
1101011001001111
1111111011011001
0001110111111111
0010111111111001
1110001010011111
1011101110011111
1101110101111111
0110000110101101
1011111110111011
1011110111110111
0111010110101110
0010111110101111
1111110100101111
0101100111111001
1011010011111111
0010110111111100
1000111011101100
1110010011101011
1101011011110101
1111111001100100
1111111110101001
1010001111111011
0101001001111101
0110111011110110
1101100010011111
1110010000111101
1011101111110110
1000111011111010
0110110111001110
1101111000011011
1110011110001101
1101111100101011
1010111100101101
1101100011110011
1111001011111110
1101110011111110
0000111111100110
1010111101111001
0011101011101111
0101011111110010
1111101111011100
0100111111111101
1101101010101011
1010101101011110
1111111000101100
1110111101000111
0111111100101101
1100011101101100
1100111011110010
1111111011010111
1111101110110010
0111101101110011
1100000111101011
0111010110001111