1000111101011110
0101101110111010
0101101110100111
1000101111111111
1010101111111011
1011111100110111
1111111111111100
0111111010000111
1011011111100110
1101111110111101
1110101011010101
1111011101101001
0111010111101010
1101111100011111
1111001111001101
0111010101111111
1111100011001111
0110001111110101
1000011111111111
0101111101010111
1011011100011110
0110011111111001
1011110101110011
0111011111001111
1111010001110011
1010111101110101
1100001101101110
0111101001110101
0011011111111111
1011111010001001
1100101111011001
1111111101010101
1011010101111111
1101001010100111
1111101111100110
0110010011110110
0011111001111111
0111110111010110
1111110110001101
1111100010111001
0001111111101010
1001011111001110
1111010101011111
1101001110111110
1001101111110010
1101011011101110
0111101100110101
0001111111101001
1001011110110111
1010010011111001
1110011101100101
0101001010011111
1010111111001010
1101110111111111
1111110010101101
1110000111110010
0011111110101111
0110101100111101
1100111001111110
0010101111011111
1110111110110011
0111001101100111
1111110111100111
1111010011010101
1111001000100111
0010111101111111
1011001110111101
0100001111110011
1010010111101101
0111101111101110
1111010100111001
1101001000110111
1001111101110111
1101011101001111
0110011111101101
1111100001110011
1111010111010110
0111110100101001
1110111110101110
0100001101111010
1101011100100011
1100111001110111
1111011001100101
1101101011110110
1011100010011101
1110011100111001
1110010111101011
1111011001111110
0111110111011001
1101111001101111
1110011100011011
1010010011111110
1110001011111001
0111111110101010
1101111011110001
1111111101110001
1011101011111001
0011111011011011
1010101001111101
1011110101010111
1010110111010011
0111111010111101
1111011001001111
0111011111010011
0111111000101011
0101011010101111
1011111011101110
0111110001011010
1111101111101011
1011001111110011
1111011010010010
0101011011100011
0111010111110001
1011001101111101
1010010110111011
1100111101001111
1011111101100010
1101111110010011
1111011011000111
1010110001111110
0100111101111101
0011111111001001
1010000111001110
1110101110011111
1110010110111101
0100111110011010
0101111011001101
1001001011001111
1010001011111101
1001111111011011
1111111000101010
1010011111101011
1100011000111011
1010011111011010
1111111000011001
1100011010110111
1011111101101001
0101101101001101
1111011011001101
1111110110111110
0010111010011111
1111110000111111
1010111111011101
0111011100110011
1011110011101111
0110000011010111
1110101111010110
1011010110001011
0110100111001101
0111001110011001
0110110111001011
1110110101011111
1000111101111101
1011101101100111
0010111111001111
0001111011001111
0101111101110101
1111101001011110
1011111011110111
0110101110111110
0111111101001110
0100011101011111
0110111101110111
0011101101110011
0111101100011110
1100011111110001
1111010001101011
0011111101111110
1110000101110111
0110101110111001
1011001101011010
1001101111110101
1100111011011101
0101001111100101
0111111000011110
1111111001100011
0011111101001011
1111001101010110
1111001011111110
0100101111011111
1111100110010111
0111011010011010
1010111100111110
1010111110110101
1111100100001111
1100101110111011
1110111011101111
0101111101110110
0111010110111111
0101111011001010
1011011101110010
0111011010110011
0001101010111011
1011101001011011
0011111111110101
1111001011100101
1011011110010111
1101111110110110
1111111111000011
1011010111101010
0011100011111101
1010011110101111
0110110111110010
1011101000111111
1011011100001111
1011001101110111