1101111010101011
1110011100011100
1011100101111111
0011111111101000
1111110101110001
1000101111111111
0010101111101111
0110110101111111
1101000111111110
1110011010101011
0000111001111111
1011111010011011
1011011111111101
1011101111111001
1011111001111101
1101001110001111
1101011101100111
1101100111100011
1110000111101110
1011110101100111
1000111101011011
1111111100110100
1110001110110111
0010011111111111
1001101111110111
1100111000001111
0111011101011111
0011110111110110
1100110100111011
1010011000111111
1110111100010010
0111011111111110
1110111111110101
1111011101100011
0101101111100111
0110010111101111
1101110001101110
0111101011011010
0011110111110101
0100111011111010
1101011101111101
1101100101110011
1101001111010111
0011101111100100
1101011110100111
1010110110011101
1111010101111101
1011111101110001
0100111011111001
1101101111100110
1110100101111010
1111111010101100
1100011101010011
1100010110111100
1010111110111000
1001111111101111
1010111101101010
0111111101110101
1010111001101111
1100011111001011
1110011101111000
1101111011011101
1011111010101001
1110111011011100
1010101110011011
1010011011101110
1110101001011011
0111110001111111
0110111101101110
1010101110110010
1111111100111000
1000111000111111
1111101010111010
1110010111101010
1111101101011101
1101010110010111
1100110100001101
1011111110010001
0101011011101111
1010111011011101
1101001101011010
1011110011011011
1100111110110111
1101011111011101
1110110100101110
1111101100010011
1111010000011111
1111101011001101
1101111100010001
1000111001011111
1100111101100010
1111100110111111
1011001101001011
1100111110011110
0111011101110011
1111111011110111
1011101111000111
0111010011101101
1001110111111100
1111111011001000
1010111110001001
1100011001111111
0110111101111001
1101100011111011
1101101110101010
1110101111101000
1111110111001110
0101101111010111
1100101110011101
1011101011001011
1101101100110010
1011111100010111
1111101010111101
0101011111101101
1011011110001111
1111110111000011
1100011101011110
0110000111011011
0111100111111010
1111111000011010
1011110111110011
1110101110010011
1101111001111010
1011110010011111
1010111010111011
1110011100110110
1100101101001011
0100110111111110
1101101010111110
0010111111111110
1011010111111111
1011001101111010
1011101101100101
1011100111110111
1110111001011110
0110101011111111
1111111101001010
0100011111010011
0101110111110011
1111110011111010
1010110100111111
1011111111011110
1111100101111000
1111011100101100
0111111101101010
1001101011111011
1001111110111101
1111110111011001
0111111110111111
1110101011111000
0101101111111011
1101110010111111
0101100111011111
1011001100110110
1100101001111101
0100011011111111
1101011101010010
0011111011101010
1010001101101111
1110111101001110
1011101001001111
1100110111111010
0011111101100111
1000011101111010
1110110011111111
1011011011111011
1010111100101101
1110111011101101
1111010101010110
1111001011111111
1111011100011001
1110101001101011
1101111110000110
1010111101111001
1101101101000111
0111111111011101
1010111101001101
1101001111100011
1100011101101110
1110101101010011
1111010100010011
1101110011101101
0100111001111101
1011111110101110
0111111101111000
1010001111111110
0111100111101111
0111000111110101
1110001111111100
1011110101111011
1111111001111000
1101100101010110
1111101111000110
1110011110101101
1110000101011011