1011000111010111
1111101101101010
0110110111011111
1111100111001111
0111110101011110
1011011101111111
1011001110111011
1111011110011100
1100011101011011
1111010111101101
0101011111001110
1101111100111110
0011110111101101
1111110110011111
0111100111111101
1111111100011000
1110011101001101
1101111111101011
1001111101111111
1111101111010110
1111011110110011
1110110110111011
1110101110000111
1111011111110000
0101011101101111
1111101110100001
0111111110010111
0011111101101011
1101001111011011
1101110111001111
1111101100011010
1011110101111111
1101101101001110
1110100101101011
1010111101111010
1101111110111100
1000111110110101
0111111110101111
1100111111110001
1101111111110000
1111001110101011
1111100101101001
1110101111111110
1011101111100111
0100111101111111
0111111111000110
1101010111011101
0111010101111111
0101111101010110
0110110110110111
1100111101111100
1111111011111111
0111100101110111
1111011100101011
1111111101010101
0001011110011111
1111011100110111
1111001111111001
0010101111111101
0111111111110011
1101000111100111
0110111110111011
1111110111111100
1110001111001011
0110011111001101
0110011101000111
1011101111001011
1110111101001010
1111010101000111
1010111101101110
1110110111111110
1000111110010111
1011111111011110
0110111100011111
0101110111011011
1011011111101111
0111101110111111
1111100101011111
1011111100111011
0011111101011111
0100111111101101
1010111110000111
1100010111110111
1111010101001011
1111001110101101
1110001101110011
1101101111011101
0011001111010101
1110001111111101
1111001101111101
1011111100011111
1111101110001001
1111011101111110
1110011111011001
0111011110111100
1001110111111011
1100101101011111
1011110110111110
1111101100110010
1111111111101100
1110101100111101
1010001110010111
1100111101010011
1110110100110111
1111111110101110
0000000111111111
1110011110111010
1101101100001111
0101010111111011
1110100111101101
1011101110110011
1101110101011001
0101111111100110
1111011110001111
0000111111111011
1111001111110110
1001110110101101
0111111101001010
1110111111100101
1000011110111110
0111101111111011
0111111110011101
1111001111011110
1001011111110111
1101110101110111
1110010110110111
1110110111010001
1100110111011011
1101001110101111
1011111101111100
1100111111010010
0010111111110110
0101101111110110