1111100100111110
0111101101011111
1010110110110101
1111100111110111
1011010110111010
1110111001110111
1111010101101100
1111111001001111
1110001110111101
1000101101111111
1011110111111001
1000111010111011
1010111110110001
1101011110101010
1001110111111100
1111001100110001
1111011010101011
1010101001111111
1101011111100001
1101111001011011
1111101000111111
1101111011101110
1101011110110111
1111111111010000
1101111110100110
1111010011011110
0111110111011100
1001011100111011
1011100010111111
0110011011101011
0000100111111110
1100001011110011
0111111101011011
1111111110000001
0111001101110111
1011111011111010
0111110011110011
1101001111100101
1110110010101011
0110010111101011
1011111111101111
1111111101010010
1111100111001011
1011101111011101
0001110101111111
1111111101011101
0101101111111100
1101110010110011
1110101111101111
0111010111110100
1111111101100111
1111001011010011
0011111101110011
1100110111101011
0011111101111101
1000001110111011
1100111100110001
1001101100110101
1101001011100111
1011110101111100
1110110110101101
1110011000111111
1111111011111101
1010101101111110
1111101110010001
0001011011111111
0011010011011111
1101101011001111
1011010100111101
1111000110011011
0111011101011110
1110111111011111
0110111111111101
1001101111011011
1011111101010111
1110100011111111
0010111001111011
1101010111101111
0110111111100110
0111111111100101
1011101110110100
1010111100110110
0101011111110101
1000111010110111
1111011101001010
1010100110111100
0101101101110011
1001001101111001
1101100010111111
1100011110111010
0000111111110011
1111110001111111
1001100101111011
1011111011110110
1111010011110111
0011111101011111
1101111110001110
1110011110101111
1001101010110111
1101101011110010
1101001100111111
1111111100001010
1111110111011001
0011111111111010
1011001100110111
1101101010111010
0111111110111111
1001001111111010
0111100101101111
1111101110101011
0001111101111110
1111011110001110
0110101011111011
1100110111111000
0101001011110111
1111101111000001
1111001010111111
0101011111111011
1010101111110111
0111111101101110
1101110010100111
1100010110111101
1011011110011110
0010110101111110
1100101110110111
0111010111000011
1111011111110010
1001011110111100
1111010101010111
1111001011111110
1111101111011110
1101011010111011
1000111111111100
1010010010111011
1110111110111000
1110111101101010
1011001101110101
1011010111110101
1110011101110001
0111101011010111
1110101100110101
1000011111110111
1110100100111001
0110111011110011
1101110100110001
0110101101111110
1101110101110110
1001111011111110
1111111010010011
1010010110111100
1011101111110010
0101011111111110
1011110110011111
1100101101111110
0111001111111010
1011000101111111
1110101110110010
1111111000111010
0111011101010111
0101111001111111
0001010111011101