0010111101110110
0111111011111110
1111100111101001
0111011111111101
1111111101001011
1111110101010110
1111101111111100
1101111101010101
0001101011111101
0101110011101101
1001111101011101
0011111101101011
1111110101111100
1101110111001111
0101010111110111
1111001111101001
1111111011110110
1111011101101001
1111010011111110
1111111011001111
0100101101110111
1011111111011011
0101111101111011
1011010111010101
1001100011101011
0010101011111111
1111000111101111
0111010101111110
1110110111111111
0011111011010101
0011001111110011
0111110011110101
1000101111000111
1100111111110011
1101011111100101
0011100111111011
1111110011100011
1011001111010111
0111111111011011
1110111111110100
0111110101001111
1011011111011110
0100111111101111
1101111111000011
0011100101111101
1101111111111110
1111010101000111
1001000111111011
0101100101010111
1111000111011111
1000111111010101
1011110011101101
1001011111000111
1111001111011101
1011110101001110
1101100111010001
1011101101110111
1111011101100101
0111111101101001
1111111011111010
1010101111101010
1011011111101101
1110011111111111
0011100111010111
1111110011111100
0111011011111111
0111100011111111
0110111101101111
1111111011111001
1111000101110111
1111111110111111
1111101101111011
1001110011011101
1111110111111010
0011011101101110
0111011101001111
1011001101011111
1101101111001001
1111010111000101
1111010111110110
1110101111011101
0101110111110101
1101010101110011
0011001111101111
0111011111101010
1110111011101111
0110111101010101
1111110111001011
1111111001111111
0010101111101101
1111000111111001
1010101111110010
1101000011111101
1000101011110111
1011000101111111
0011010111100111