1001101111011101
0101101110111011
1101011011011111
1111110011101111
1011010110111011
0111111100101111
1110001110111101
1101101100111110
1110100110011111
1011110111011110
0111001110111011
1111100100111101
0111110110011010
0101111111111001
1110011100011110
0011110101011011
1111110111001111
0110111011111000
0100111111011111
1101001111011011
1000110101111111
1110000101111001
0111010100011101
1111111010111010
0110011101011100
0110110110011001
0111101111111101
1011001111111001
0011010010111111
1010111101011110
0111011101101001
1111111010011011
1101111011111011
1111100100101011
0001111111011110
1111111111110111
1011101011101011
0101111101001111
0010111111111110
0010111010011111
1011010111111010
1010001101111011
1001100100111111
0010010111011101
1011110111111000
0111100111111111
1011110110111010
1111010100011011
1110110111111110
1111111010001101
1101011111111100
1011010101011011
0010111010111011
0011011101101011
0001011111101111
1101110111111110
1001101010001111
1111111111101110
1110111111101111
1101011110111001
1110110011111001
0111101010101011
1011110101101011
1101011101111111
1111010110101101
1100011110011011
0100111110111110
0010101101011111
1111011111011000
1111100111011001
1100101111111111
0011111101011100
1010111110111001
0101111110111101
1100110011111111
1010011011011101
1111010111101001
0111001111111110
1011110110011011
1011111100111110
1011101111111110
1100111110111100
1011111111001101
1011101100111101
1111101011111101
1011011010011100
1111100111111110
0011001111101111
1111101101101101
1110011111111010
1110011100011011
1011011111001111
1001011011111101
1011100110101111
1111001110111110
1010110011011011
1111111001111111
0111110011111001
0111011011011001
1101111101111011
1011100111111011
0110101101011010
0011111011111100
1100111111011101