1110010101100011
0011111111110110
0101101110111010
1111001011111011
1111100111101001
0110111111011001
0111011011110111
0111111100101111
1011011101010011
1111101111110001
0111101010111010
0111110010111011
1110011000110111
1100111111110111
0011111101101111
0011100101111011
1111101111001010
1101000111111111
1110101100111010
1001101011101010
0111101101111110
0111111001110010
1011101011100101
0110110110101111
0111010101111101
1111111101100101
1110111001101111
1111001011011111
1111000111101101
1001101111111000
1101111111001010
1011111011000101
1111010011111110
1011111101111001
0100110111101010
0110101101111001
0110101111011010
1111101101010101
1111111101011100
1011110011101001
1001111111011011
0110111101010011
0011111101111101
1001011111111110
0111011100111110
1111011010111110
1101101110110111
1111000110111101
0110111010110111
1111011110101010
1111000111110101
0110101010111111
1011101101111101
1101011111100100
1011000111111101
1110110110111110
1111100110110111
1100011111111110
1001101111011111
0101011111101111
1111111001101011
1100110010111111
0101111111001011
1110111011011011
1011111101101101
1011111110110010
1100111111111000
1110111111110101
0111111011100001
1011111001110111
1100011011101111
0101110110111110
0001100011111101
1111111110011111
1111110111100100
1111011001110110
1101111011101100
0111101111110111
1011011100110110
0101111011111010
1001011011111111
1101010110100101
1111111010101111
1100011010111111
0101101111011010
0101010111111110
1111111110110001
1011111101001010
1101011110100110
0111111011101110
1111010100111011
1110010101111101
0101111010110101
1011010101111011
0110111101001110
1110101011111001
1001100111100110
1110101101100010
1111101110110101
0111001001111101
1110110111101100
0110011011111111
0110101011111010
1010111111111111
1011011001011011
0111011111111011
1110110100101011
0111011111000111
0111010110101101
0100110011111101
0111110100111110
0111101111101111
1100101111111111
1101111101111111
0101110011111100
1111110111011111
1001100011111011
0111111011001101
0101011011011100
1101010111110001
1011011101000110
1011001111110111
1101111111010011
1111100101110011
1110111011101101
1110110101101110
1111001111011001
0011010111111101
0111011110110101
1111101101110100
1001110111111000
1011111101000011
1101010110111011
1110101111011101
1111001111110110
1111101111101000
1111000110101110
1011101101011110
1111110011110111
1011011101111101
1101011011011001
0001111011101111
1111111100111101
1111011001100111
1101111011110010
1011011101011010
1001101011110101
1011101110111111
1111110001101111
1111111011001010
1110111000111010
1111101000110011
1111100100111111
1111111101011001