1100101101101111
1111100110111111
1110011110111110
1101001001011101
1110001110111101
1010010010111111
1111101111111100
1100111110111001
1101111010001010
1001111111111111
1110000111011001
1101111110011100
1111001110011101
1100011011111011
1110011011111010
1010011101011111
1111110100011101
1100110011011011
1101111100111001
1101101011111011
1100011111101101
1111111000111111
1010111111101111
1101001101111011
0111111111111111
1111011001101111
1111111101001111
1111111111110111
1011001110011111
1011101100101101
1011110110101101
1110101101111101
1110101010011110
1110110101011110
1110111011111101
1011001011011110
1111010111111110
1100011111111100
1111101101011010
1011101100011111
1100110111111110
1110011110101111
1011101010111101
1101001100111111
1111111101101110
1111101010001101
1111110011111101
1111000101101001
1101011110011011
1110011101011101
1011000001111111
1111011011101010
1011101010111110
1111001100011111
1011111110011100
1011011010111100
1101011010111011
1111001110111001
1101110100011110
1100101111101101
1100110011001111
1101011011011001
1011001101011101
1011111111111011
1111001010111011
1101111101111010
1011111101111100
1110111100111111
1101110011111010
1111101111101010
1011111110101100
1111011111001111
1111010110011111