0011100111011011
1101111011101101
0101011110111110
1111111010011111
1101100011011111
0001111101011011
0011111111010101
0111111111100111
1011101100110110
1011100011111101
1101111001011011
1010111011011001
1001101111111001
0111001111110011
0011001111111111
0111110011111101
0100111110101111
1111001111000011
1110011001011010
1110000111101111
0101101111110011
0011111101111100
0011110100101111
1101110111111010
0111111101011101
0111110101111011
1010001110101111
1110100110011011
0110001101101101
1110011111000111
0111010111101101
1110111101010100
1111101100000011
0111001000111111
0110111110111011
1100001110111111
1011110111001100
1101111110111011
1101111111000011
0001011111110110
0111111100110011
1101110001101111
1001111110101100
1011100110111101
1100011101111101
0101101111001111
1010101111101101
0010111101111001
0111001101111011
0100001111111111
1101111011111110
0100100111111001
1111101110010100
1100111110110110
0110111011101111
1111001001110110
1100011011110101
1011010101111011
1110111010110111
1110101111100110
1011111111010110
1011111110011111
1111101100110001
1111001111010000
1101101110001101
0111100110111101
1101011011101011
1110000111111110
1110111100010101
1110110101011011
1101011000111111
1110101110110110
1010111011010101
1101001111110101
1011111101011110
0101001010111101
1110111001101101
1111011110111011
1110111011011100
1001110001111101
1101011110011101
1001110111001110
0101100101111101
1111010101001111
1011011111100111
1011000101111100
1010100101111100
1101001101110010
1100111111010001
1100110011001111
1010011101110011
1111000011101101
1110111111100101
0111111011011111
1100110010101111
1000111110111101
1010101111110011
0000011111111000
1011111011101111
1100111001011101
0111110111111100
0100111100111101
1111111101011001
1111101010111000
1111110111001001
1111110100011110
0111011101111100
1100101101110101
1100010011111101
0010011101111011
1101111101001110
1010011111011110
0101101011110101
1010111101100011
1001001100111101
0110110110101111
0100011111101011
1111111101100101
1110100100011111
1111110111110111
0010011110110101
1111011111101110
1100101101110110
1101101101001111
1101100111011001
0001011011110111
0111010101101111
1110111100111010
1110101101110000
1000100111111111
1000101010111111
1110001011011101
1101100110111111
1011010101011111
0110011101110110
1111100001011111
1111000110111100
1111110010101001
0111001111011101
1111111111101010
1110101100111110
1111011110000101
0101100011101011
1111010111011011
0111000111111111
1110011111011100
1010111111000111
1011111011111110
1100100011101111
1111111011110011
0101110110111111
1101111101000111
0111111010101111
1010110001111001
0100101101111100
1110111111101001
0001110111111111
1011101111110000
1011111110111011
1110101010101101
0010110111111101
0110100101101111
0100111111110111
1011001011111111
1111001101011111
0111101011111010
0100101111011000
0010110111001011
1101001110100111
1100100101101011
1101010110111101
1110100011011111
1111101110001110
1110110011111110
0110101100010111
0110001011111011
1111101101101110
1000101110101110
0111101101011011
1100101011011111
0101111110010101
1111111001111100
1011111111100110
1111110101101101
0100011101011011
0011111001110101
0100101110011111
1101111100101101
1001110100111100
0111001111001111
1001000101101111
1010011111101101
1111110100101110
1010100110101111
1111101110011010
1110001110001101
1110001000111111
1111000111111001
0101101100110101
1011101101101001
1001010111001111
0011101101111110