0100111111111110
1111011111110111
1011111110010110
1111011110111110
1101110110111100
1111101110100110
0011001110101111
1111110011110101
1111011011011011
1110111110011011
0111101010111011
1111111010111000
1101111111101011
0111001010111111
0110111011111000
1111101110011110
0101111111011111
1111111101111111
1101111111110000
0111110111111001
1110101111111110
0010011011011111
1100011011111001
1101001111111111
1110001110011111
1000111011011111
1110110111111111
0111011111001111
1111101111111000
1110111110011101
1101111010011101
1011001110011111
1011010111111110
0010111111111110
1101110010111110
1111100110110011
0110011111111110
1110011010001111
1111110111011011
1001110111011100
0111111111110001
1001100110110111
1111111111101101
0110111110111000
1011100111101110
1111110111000110
1111001111011101
0111011011111001
1010111110000111
0110111011101110
1011100111001111
1001110111101110
1011001011111110
0111010011111100
1111100110001111
0111101111010111
1001110110111110
0101111110111100
1111000011101010
1111111111011001
1101111110101110
0101111011111110
0011100111011111
1111100111111101
1111001110111001
1111101111110101
1001110010010111
0111000111101011
0100101110111101
0111011111101010
0111101010011111
1011111111111011
1001111011111110
0000111011101111
0110111010111111
0111101111100111
1111111111000011
0101011111111111
1011111010110110
0011110110001111
1001111011111101
1110111011001011
1100111110011111
0011011111011110
1010111111010101