0100111010011111
0110110111100101
1111111010100101
1111110011101111
0110101111100101
1100110111110101
1101101111001101
1101111101001111
0110111100110101
1011111111000111
1110101111111100
1101111101101010
1010110011111111
1111101110000111
1111111011101010
0101110110011111
1111111111010000
0110110110101111
0100111101110010
0101101100011111
0110010111110111
1111111101100100
1111011110010001
0111001111111101
0110101001111111
1010010110111001
0111111111011110
0111001110010011
1100111011110110
1110110111010101
1111101011010101
0111111100001111
1011011111111110
1001111101111001
0111111111000111
1101110101101111
0101101101110111
1110100111110010
0101111111001001
1011101111010010
0111101001011111
1011111011011010
1001100101111111
1110011111010001
0111101000111111
0101111101100111
1111101111111000
1010000110111101
1101110111010110
0111110111111010
1010100111110011
1010101010110111
1101101101010111
0100111011111100
1111110110111110
1111011011111111
1101111110101100
1110111111101011
1011101100101100
1101101101101101
1101111111011010
1100111011101111
1100011111111111
1010110100111101
1111001111010101
0011111111111111
1111111010100110
1001101111111100
1111100110011111
1111110101110111
1010101011011111
1110100101101110
1011101101111001
1100101111110111
1011001111010111
1001111010110101
0111111001100101
1111100111010010
1111011101100011
0110111111100110
1111111011110011
0101111110101010
1101110110011101
1101111111000011
1011100111011111
1010111010111001
1111010111111110
1001111010011101
1111110011111011
0111100011010111
1001111101010100
1010101011101101
1010100111101110
1111011101011111
1110011100101101
1010111000011100
1110111010101111
1110101001011111
0101111100101011
1111100110101111
0101001101111111
1110111010010100
1011101110111001
1110110101011001
1111101110010100
1111010101111101
1011010110101011
1011111101110001
1001101101101111
1001101111101110
1001110111011011
0101111001111001
0111101111110100
1111010111011111
1000111111010111
1101011111110001
1111101110101011
0101111111010101
0100101111101111
0110101101001111
1110010111110001
1111101011111011
1010110100111011
1110001111010010
1001000111111111
0101111110111101
1111100111000001
0111011111101000
1011100010111101
1101110110111001
1011100111100001
1010111101100101
1101110011111111
1101110111110001
0111011110110101
1010111000010111
1111101100010010
1111000101111111
1010111110110100
1101100111011111
0110110110111011
1010001111100111
1101110101011001
0110011110011101
0111110001111110
1101111000011101
1011111000010101
1111111001011011
1011001100111101
1111101101011101
1010011110110101
1101010111111101
0111110111011001
1110110101001111
1010100101111101
1111000111100111
1111111001001101
1101111110110110
1101101111111011
0111100111110101
1011011111010101
1111001100110111
1110111110111010
0110111100101111
1111101011111110
1101101111010100
0110101011101111
0111110011010101
0101101011111101
1001111001011111
1101111100101110
1011111100100110