1101111110100100
0110110111011110
1001110000111111
1011011010111000
1110011110111111
0110100111111110
1110111111111101
1101101111110100
0011011111111011
1110001101101110
1011101111100001
1100011001111111
1111101000111111
0101001111101101
1101011001111110
1011101111011111
1101111111010101
1101101010101111
0101110011101101
0100101111010110
1011100001101001
1111101010100101
0010110110111111
0011110101101111
1011001111101011
1101011110101111
1011101110110001
0111010101101111
0101101110100110
1110111011001111
1101101011011111
1110111000111110
1101111011101000
0101110111011111
1011011111000110
1010110111100011
0111011111100111
0111000101111101
0100111110011110
1101110110110111
0101010011111111
1011110010101111
1101101100110111
1000111101110010
1010000111111111
1101100011101100
1110100101100010
1001111100111011
0101001111111010
1001111110111010
1111111101001110
0001111110011101
1111010110111111
1011110111111110
0101100011110111
0111110111111010
1101110110101111
1010100111110011
1111010111111001
1111011011001101
1111011110110111
1001010011111111
1101111110010111
0110000111111011
0101110101110101
1011001101111111
1111011111110101
1100110011110110
1011011000111110
0111100111100101
1111110101011111
0110101001110111
0101011110011110
1111110110100111
1011101111100010
1110111101010110
1010111101101111
0111111001111110
1111111001100110
0111111111110001
1001101101101101
0100001111111111
1100101101111111
1011111011110111
0010111111011111
1111010011001111
1111011110101110
0111011011011111
1010111110111010
1110111001011111
1001111111001101
1111111100010110
0000110101110111
0111111100111111
1110111010110111
0100011101011110
0011011111010110
1010011111110110
1111111111011011
0011111011111111
1101111100101000
1101111100100011
1000111010101111
1111100110001110
0111100010101101
1100110101110011
1101110001110111
1101111100001111
1110000101110111
1011011110101011
1111100011101010
0101101111101100
1111111101110100
1011101100111111
1111111010110001
1101101101011111
1010111011101010
1110101110110111
1101101100101101
1101111011011101
0101111001111011
1001111011011111
1101011111110111
1101101110101001
0101111111000111
1000101110101110
1001100001101011
1111001011111111
1001101111111010
0001111111111000
0001100110111011
1011011011101111
0011110111100111
0110111111101111
0110101110111010
0110110011111111
1011101110111100
1111001110001101
0101011101111101
0011100111101001
0111101101000111
0101011011101110
0011001111101110
1101111001101010
0111100001101011
1100100011111110
1111100001111010
0111110011100111
0011111101111011
1111101100101011
1110101011100110
1110001111011111
1110011011010111
0010010111111111
0101101110110010
0101101111011100
1100100111101010
0101111001100101
1111101100011110
1111110011011110
1110011011101111
1011110110011111
1101010111001100
1101011111101000
0111111010100100
1010010111110111
0111011111011100
1111111000111010
0101101001110111
1001111100011101