0010111110111110
0101111111111111
1011011111111111
0111011001001110
0110011111110010
0110011111111100
1111100001101100
1111110100011111
1011101110110110
1000110111111110
1110110101010111
1011110001111110
1110010111101110
1101011100001111
0111101111111111
0111110110011010
1101111011011011
1111010011011111
1001101111011110
1111010101011010
1101100101110101
1111111110100111
1011100001111101
1101101010101111
0111011011000011
1010111111110100
0010111111010110
1101101101110110
1111000001111101
0111011100011111
1111110111010101
1110001100111101
1010111001111110
1101111101001100
1111111100111011
1111111001001010
1011111111101110
1111111010111010
1011110011011100
1010101011110011
1100110101101111
1011101111100111
1100111111010110
1100101010111101
1110100111110011
1111111101100111
0111011011100010
1100110111101011
1011100111101011
1100110101111010
1101110110110111
1010111011011010
0010110011111111
1110111110011110
1101111011001111
1101111001111010
1011100101010111
1100111001111011
1111001011101111
1111000101110101
1010110101011011
1110011110101011
1110011110110111
1111011001110101
1111101011001011
1101101000111111
1101110010111110
1110110110111111
1101101101101101
1100111011101110
0111011111100100
1110101010101011
1101011011010110
1110111001011110
1001101111111100
1101011011101110
1111000011111100
1101101111000101
1110011101101100
1101011011100011
1111010011111011
0110010111101111
1100010101111011
1101101110110011
1110111011111100
1000111101111100
1101100111100110
1100011100111111
1110101001111010
0111110011101010
0111111111001101
1111110111000111
1111100010111011
1011110110011110
1110101011011111
1011111110111011
1011111011110110
1110100111100110
1010111101001011
0011111110101111
1101010100111111
1101110001010111
1001111111110100
1011111100011111
1111100101111010
0111111101110111
1111101010110100
1110011001010111
1011111101011101
0011111101111111
1110111101110101
1111110110010111
1111000110111111
1111010000111101
1011100110011101
1111011101011101
1001110111111011
1001111010111101
0111110111110111
1110001111100111
1010110111010111
1011100011111011
0111111110111101
1111101110001111
1010101010111111
1111111110101110
1100010011100111
1011110001110111
0011111011011111
0110111111101101
0110011011011011
1111111111111001
1000111000111111
1100110011101101
1111101101010011
1111110011110010
1010110111101011
1100101111101101
1101111100101101
1110101000111111
1011100101110011
1111010000110111
1111001111011111
0111111010111111
1100101101111101
1100000011111101
1101100001011101
1010101111110010
1111001100110111
1101101001010101
0111111110110110
1101101101011010
1100011011110011
1100111111011101