1110110011110100
0011111010010111
1101010111100111
0000010111111101
1001011100011111
0011111010101011
1100111111110110
1111010001111000
1110110101010111
0110110111111110
1111011010110111
1110111010111000
1101011100001111
0111111111000100
1110111101100101
1111110011101001
1101110111110110
1011110001010111
1111101111111111
1110011001101110
0001111011100111
1011110101011101
1010011101111010
0110111101111111
0111110100100111
1101011111001110
1111010110100101
0101111111111010
1011111001011010
1110011100010111
1101111000101111
0011111101110011
0111011110111111
1011111111110110
1100110111111011
1100111010011111
1111111010011010
1101010101101101
0011111101011010
1101010001110111
1101111001111010
0111110100111001
1110011000111101
1101111111111100
0110010111101101
1000111111101101
1011010100111101
1001110111101010
1101111001010101
1110111111101011
0011111001111111
1001111011010111
0110111111111000
1011010011010111
0011110011011111
1101010011011110
1110011001011101
1000011101111101
1111111000110111
0110111111011011
1001011010011101
0011111100011011
1011011001011110
1111011111101010
1111010110111010
1111110001011010
0010111110101101
1101111110111010
0101110110111110
0101111010110011
1110110100111101
1010111111011111
1001011110110111
1010011110111100
0000011111101111
1101011010111110
1101111100001101
0111110111101110
0111110110001011
1111010001110110
0111110110110011
0101110111000111
0111111110100110
1101110111011101
1111010111001011
1011011111101101
1010110110111001
1100111111011110
1111111011100101
1011110101101011
0101111111001110
1101110110101110
1101011110011011
0111011011111111
1110011101100110
1111011111011001
0111011111111010
0001110111101011
1111010011001100
1011110111001011
0111010111011111
1111011110001100
1001111001101110
1101110011101111
1110011011110111
1011110001101101
0111111101110101
0111111110111100
1111111111100011
0111110110010110
1110110110111100
0110110110100111
1111011111110011
1101111111010010
0001011101011011
1011011010111100
0010110111111011
1011110011011000
1011111111001110
0000010111110111
1001011111110101
1101011011011011
1111110001010110
0000111110101110
0111111001101001
1011011011101110
1011111000111011
1110110111010010
1001110111111001
0011110110111111
1011010110111100
0110111110110001
1011110110110011
1011010111110101
1111010100101101
1011011001111001
0101111101110110
1110110010111111
0100110111010111
0110110110001101
1011111111001001
1111110110010010
1111110110011100
0111111110101010
1000111010111001
0011111111011101
1100110110100111
1111111100111110
1101110111011011
0110011111011100
1111011100001101
0011111101101100
0111110111110010
1110011111001111
1110011101111100
1010111110101100
1100110110001111
1110110011000111
1111111101011001