1101111011101101
1011111110010110
1111110101001000
1011100101111111
1011010001101111
1111100110010011
1101101110111101
1011110101111001
0111011111111101
1011010101101011
1101010110110101
0110101101111111
0100111011001111
0111111001111101
0101111001001111
1111011100111100
0111110011010110
0100011101101111
0111111111111001
1100011111111011
1110110101001011
0011110111010101
1001011101001111
0111101101010010
1111110011101001
0111110111100110
1001011111111101
1011111001111110
1010111101111011
1110010110111100
1111000110110101
1101111110110011
1111010101001101
1101011111100011
1111010111000111
1110111101011101
1001111011101011
1110111000111111
0011111111001010
1011001111111001
1101001111111111
0011101011111111
1011011001110101
1011110100000111
0111000111110011
1011011111000111
1111011011011111
1111011010111110
0111101011001111
1110111111110111
1101110011011101
1111010100111110
1111110101010010
1000101001111111
1110000110111111
0011110011110011
1011111111110100
1101111110010110
1110001011101111
0010111111111111
1110010101011111
0011001101101110
0011101101110110
0101111111001010
1000011111001111
0110101111011100
1111100111110100
1011101011011111
0110110111101101
0111011101000110
1111110010010111
1101100011101111
1010111011111110
1111010000111001
1011111110110011
1111100111010010
1101100011010111
1100101001011111
1111100011011011
1011101100111011
1011111100011101
1111110000001111
1110110011111011
1110111111101001
1111101010110111
0011101111000111
1111011101001010
1111100110110001
1111100001110111
1101100110111011
1110111110101010
1100111110101111
1101011101111100
0100101011011111
1011110011101101
1101110101111111
0011101101010011
1101111110001101
0111111011101101
1110100100101110
1101111111111001
0111011011111010
1111001001101011
1111001001110111
0111101101110101
1011100111001111
1101101000111010
1110001111011110
0111111110111111
0101101111111011
1011011110111111
1011111000101011
0101100111011110
1111111111100001
1110011001111110
1011110101000011
1110111011011110
1011110101001100
1011011011101101
1000111011111011
1010101101111101
1111101111000011
0111010111011111
1110100011011111
0111111011110101
1111111011100111
1011001111001110
1111110100001010
1011001111110111
1110100111001011
1111011111110010
0101111111000110
1111010100101111
1001111101001010
1101110111000111
1110101011011011
1111000101111111
1001101101001111
1011010111101000
1111101011111101
1111101001110010
1101011000101011
0110100111011111
1111001101110110
1110111101011110
1101110111100110
1111111011101110
1011110010001111
1111010110011101
1111110000110101
1111110010111110
1010110101101111
0111110101011101
1011110001101011
1111100110001011
1011011111100011
1101101000101111
0001111111111111
1111011100100101
1101011110011111
1101011111011100
1101111001110101
1010101111111100
1001110111111111
0111100101111011
1111000110010111
1111011100001101
1100101001111011
1010111110001011
1001101111101101
1111000111010101
1110010110011111
1101111001010010
1001101110101111
1111001111110001