0111111000011011
0101111111111111
0111110101011110
1101111011101101
1111100111110110
1110100100111111
1110111100000111
0111111101011001
1101011011011110
1110110100011111
1001110011110110
0011011110110111
1111110110011110
1011000100111111
1110110001101101
1111011101101111
0011011111111011
0110110111111111
1101101110111111
1011100011111100
0011111100111100
1101001111111000
1011001101111110
1101011011111010
1001111011011101
1110111001101110
0111010001110111
0111001011110110
0110011101111111
1111111001001001
0011111110100111
0111100101111111
0111110011001011
1011110010011001
1010010111111100
1101011001111101
1101010111011101
1110101111101111
1011011110001111
0010011110101101
1011011111000111
0111111011001000
1111011011001110
1101011101110111
1010111111110111
1110001110110111
1011001111101001
1111110010101001
1110010101110110
1110010010010111
1101111010011101
0111111010110101
1101011010110111
1111011100110111
1001110111101011
0111111101110010
0011101111110111
0010111111001101
1111010111011011
1111011111110101
0110011011101111
0010111100001111
1011111101101101
1011110111001101
1111101101111101
1010111011111111
1111000111110111
1100111111111111
1111011001110110
1101010101111010
0111111110111001
0111011011101101
0111110110010011
1111110100110111
0011111011111101
0011110100011011
1110010111011100
1101101011101010
1111110110110110
1111110001111110
0011110111011100
1011011111101110
1111111101000000
1111010110111011
0011011000111110
1011010011111111
1111101110110000
0011011101010111
0011101111111000
0111101010101011
1110111000001111
1011111110011110
1110011011011101
1101110011111101
1101110101001010
1111111001011010
1001111011111011
0111100110110011
0111110111001110
0111110111110110
1111101001111111
1111110111100000
1111111011100111
1111101101101111
1111111110101110
0111100111101001
0111110110111010
1110111111111011
0110111010001111
1101001111101101
1011101011111011
1111010011111100
1101110101011000
0111011100011101
1011111010101011
1111010111101111
1111111100110011
1110001110111110
0111101111100000
1111111000010100
0011100111101010
1101111111110101
1001100011111110
1111101111011111
1001010111111001
1011111110100011
1110111111100110