1101110110111100
1011010100100111
0110111001111110
1100011110010111
1111110011101111
1111111010011110
1110111101111101
0110110011110000
1011010000111101
0111111111100111
1011111111000111
0001011111111111
1100010111111001
1110101101110011
1110010001011111
1110101101001011
1100111111101011
1110011111001101
1111011001111011
1110100011111011
1011101100101001
1100111110100111
1101000111011001
1111110111001111
0111001011110111
1101111010110111
1001111001111110
0111011101111111
1111011101101010
0111111111011111
1111100111010110
1011111011111010
1101111111001000
0101111111101011
1111101011110001
1111111100011111
1110101111111110
1101011110001101
1011011010011011
1001011101101011
0001110101111111
1101101101010101
1101110101101111
1011001101110011
1011110111100011
1110001110011111
1110000101101111
1011101111010011
1101101000111101
1100111001001111
1100001110110011
1111110101110100
1101110111111010
0101001111111011
1110110110101101
1101111111000001
1001010111101011
1101110110011110
1111101010011001
1011101010110110
1111011110000101
1110011111000110
1011011011111001
1111111001101011
1111011011111110
0100100111101111
1110110010010111
0001111101111011
1111001101011011
0111001011111101
1101101100110101
1001111001111011
1110110011010100
1111011111010011
1111110001011011
1111000111110111
0101110110111111
0110101001110111
1100101001011111
1101010011110001
0011100101111100
0111100000111011
1110100110011001
1011101011101001
1111000100101001
0101101111111001
1101100001110111
1111111101100011
1011001110010111
1101000111101111
1111101001011110
1001111110111111
1111111001111001
1011111011001110
1111110011010010
1110101110010101
0111111001101110
0111101100111101
1111101111000000
1100101111011101
1001111101110101
1011100110111111
1101111110101000
0101111111110111
1010111111111111
1001111111101101
1101101111111110
1001011101011111
0100111101101110
1110000111111101
1011111101001111
1001011111011010
0011110110101110
0011100101110110
1101110110100011
0110111110111101
1101111110011011
1001010111110011
0101011110101111
1101001111110101
0110010111111111
1101010101011101
1001110111100111
1110010010011011
0111001111111110
0110110001111111
1110111101110110
0110111111101101
1001011111011101
0111111111101100
1111000101111110
1111010111110110
1101101011010011
1111101110001101
1011101111100101
1011000011011111
0101000111111111
1001011001110111
1110011111111010
1111100010110110
1011011111100011
1111111100110011
0100111000111011
1101011111011100
1101100110011111
0101101101101101
0011011011111101
0111100001110101
0011111100101001
1110001000111111
1100111111110101
0011011110110010
1111111101110001
1011110110011111
1100111011110010
1111000010011101
1011110001011100
0101111010101111
1111101110111100
1110011001001111
1101011101101101
0100101011111101
1111011110001001
1101111001011100
1100111011011001
0111111001110100
1100011011110011