0101111111111110
1110101011101110
0110101101011110
1100111101101001
0111000101110111
1010111011011111
0110101111111000
1000011011101111
0111011111110010
1011111100110111
1100111001011011
1100011110110111
0111001110111011
0100111111111001
1101101011101101
1110011011111010
0111111110010111
1011011111100110
1011100100101111
0011110101101110
1101001110110111
1101111001011001
0110001110111101
1010011111110001
1110011001011110
0111011110111110
1001110011111101
1110001110110110
0011111101011011
1001101001111101
1011101010110111
1010101111101110
1101011011111011
1101001001011110
1100111111001100
1111000001110111
1100011011101110
1100101011111111
1111010111111110
1011100011111111
0010011011101111
0001101111110001
0111000111111001
0111001101111010
1100111001111100
0101111001100111
0011111101011110
1010111011110111
0001111110100111
0111111111101001
0101011101111001
1101111111111000
0011110011110111
0110111111110111
0010101101111101
1011011110111111
1111100001111110
0011101011111101
1110101101101101
1100011100011110
1111101110101011
1111111010100011
0011100111111110
1110111010010111
1101101111111100
1111101010011011
1001101111001101
1010111111100101
1001111001101111
1011111011101011
1010011101000111
0101101101111001
0111011111000101
1111111100001101
1000111111110011
1100101110010110
1111011111011011
0111001001010110
1001111010111110
0001111110101101
1101101011110110
0111101011110101
1101101110111010
1011101010001111
1110111110001111
1101111010001110
0100111101011111
1001001001010111
1101000010111111
1110001011111001
0111110110111111
0111110111110010
0111011110011111
0011101011010011
0011011111011110
1010011101001101
0111111000011011
1110101111101011
1001111011110011
0101001101110101
1111111101110011
1111001111101111
1100111101110111
0011011101111010
1111101101001010
1110101011110111
0111111110001101
1111111001010101
1110101010111111
1111110110111011
1111111101100101
1101110111110111
1110101111010011
1101011110101111
1111111010111010
1010001111011111
1111101010111101
1101010101111111
0011111110111011
1010101111011101
0100111110011111
1110110111111111
0011101101010111
1111011010111110
1111011001101111
0001011011111111
1110011100110110
1011011011111001
1111111001101011
1111100101111011
1111011111101010
1110011111101011
1010101101111001
0001110111111111
1100011111110010
1111110110110111
1001101011111011
1001111111001100
0101110111111011
1011010011111111
0101101011111111
0111111101001111
1011111011010110
0011111111000111
1101101100101111
1011100101110111
0100111101101111
1111110111011111
1111111001011000
1111100011111001
1010001111111001
1111101000001110
0011111000111111
0011101110110111
1101110011101110
0111101101011010
0100101111011111
1110011110111011
0111011011111100
1110111010101011
1011101111001100
1010111101001110
1000101111111011
1010111100111110
1111101010010110
1111111110111001
0111011010100111
1101010111111101
1011111110101110
1101111100101100
0111111000011100
1000011111110111
1111101111011000
1110011010110111
0011101111010101
1111111111000011
1011101110111110
1000011111011111
1100011101101101
1011101110001101
1110111011001010
0110011101101100