1111101011101110
1011111101011011
1111110000110010
1100110001111011
0101001110111101
0110111011111111
0100011101110111
0001110110101111
1011110111111001
1100111101110110
0001110111100111
0001111011100101
0110110111111111
0011111101101111
0010111110011111
0001111011111011
0111110111010010
1110111001101111
1111011010010101
0111111001011111
1011111010011011
1100110110010110
0101111110100011
1110111111110010
1101011111100011
1011110011011101
1011011111100101
0110101111111101
1001111101111001
1100101100111100
1100001111111111
1001111010100011
0011111100111011
1110111111011000
1011011101111011
1001100111111111
1001110011111101
1111111100011101
0111111010110100
0101110111111110
1010000101101111
0001110111111101
0111110110011111
1110001110011101
1000110101101111
0011011110101111
0111100011101111
0111110000101010
0001111110110111
0101011111101111
1100111011101111
0011111010110111
1101111111100100
0111100100111101
1101110110101010
0101110000111111
1111010110111001
1111101111111011
0110001111011111
1111010100111101
1110111011111101
1101111000111011
1010010011101111
0110011110111011
1001101101011101
1100111100101111
1010110101110111
1111011101011111
1010111111110011
0110101110111110
1010001111101101
0100111111100011
0111010111100111
0011110011110111
1011010100110111
1101010110111111
1110010111111101
1000110011111011
0110111101110110
1110111111101110
1101010011011011
0111011111100001
0111110101010111
1100110101110011
1011011111101001
1010001011111111
0101110101100011
1110101010101111
1011111111111110
0111011011111111
0111101111101101
1011010101100111
1111111011111001
1111111101110101
1111010111110001
1101001010111101
1110011110110101
1001110011010011
1100011100111011
1110010110011011
1010110100111011
1001011011111011
0101111110111100
0000101111111111
1111110000011111
1101011010100111
1100111110110001
1000110010010111
1100111000011110
1111110010100110
1100011111011111
0111111111011101
1111111111001111
1011110001011111
0011110101110111
0111111001110111
1111100111111110
0111111110110000
0111100111011111
1010111110101111
1011010111110101
1001101100101101
0101110111010111
1111011111111110
0100111110111011
1101011111110101
0011110110100111
1000101110011101
1101101000101111
0111011110110111
0101111111011011
0011111101010111
0101100001111111
1111101111110111
1110110110101011
1010111101111101
1101110111011010
1100111001010011
1111010010011011
1101110101101010