0111101101011111
1010111110010111
0101101110111011
0110011101111101
1111100001011011
1000010110111110
1110110110011111
1111011111101000
0011101111101110
1111011101101111
1101111111110111
1101001011111100
1111010001011111
0101001111101100
1011001111111111
1001110011101011
0110111110010111
0110001101110111
1011110111011010
1011111101100111
1111110111110111
0100110100111110
1001101011111101
1101011110101111
0111111111100001
1100010011111111
1001111001111100
1111111100111010
1001011111101111
0111111011111111
1111101010111101
1111110100111101
1101110111101010
1111000111101111
1110001110110111
1001110011111101
1011101010011110
0010011101111111
1110111000011011
1101100101011110
1111111110110110
1011111111110101
1111001011101110
0111110101111010
1010110011111011
0111110110011111
1101111110101100
0110001110111110
0011101110111110
0101100111101111
1000111101111110
1111100101101110
1010101011011111
1110110001011011
0001111110011111
1111011101010111
0111100111111110
0101011110011111
1101111000111011
1010111010111001
1100101011111111
1011101001010111
1111111111011101
1111000111011110
1101111100101111
1011100101101111
1111111010101111
1101110000011111
1100111111111010
0101111101101101
1011010001111110
1011111011101001
0101110111111011
1111000000111110
1111000110011111
1110111111101111
1010011111110110
1010110010111100
1010100110111111
1011101111101010
0101100111011111
1111001101011111
1011110001101110
1011101011011010
1110110111111001
1101110011111100
0100001111111101
1111001111100100
1011101010010011
0100011101111110
1110101010011011
1111111101110101
1111100011011110
1111110110101101
0011011111111101
1110011011011110
0001110110111101
0111011110101111
1001101110101011
0010111101111000
1111111011100111
1111110010111001
0111111111110100
0011100111011111
1111100111111101
1111011110111011
1011010111011111
0011101110110111
1011111100111111
1111111111001111
1111010011111101
1110101111110110
1011011111100111
0001111111111010
1011111001101101
1010011101111100
0111110100101011
1111101100101011
1110111100111101
1101101100111111
1001101101111000
0111011111110101
0111111110101010
1001011111011111
1111011110101100
1101110111011011
1010101010111010