0111001110001111
0110101101011111
1111110110111001
1111001101011100
1111011110011101
1111110001111111
1110110111101011
0010111100011101
0110011101111100
1011111110111011
0110111111101010
1110110111011010
1100111101001110
1101111110111111
0110110101111111
0010001111111011
1110110101011001
0111111110101000
0111111101101001
0110111110101001
1011101110001110
0011011010111111
1010101011111111
0010001111011111
1011110100101101
1111101111011001
0010110111111100
1001011111101001
1110001111011110
0110111101001111
1101001111001111
1110101110111010
1011001000011111
1110100011111011
0101111111001110
0100111111111001
1101011101111111
1011111111011001
0010101111001111
1001111111111110
1000111111111111
1111100111101111
1111101101001111
1010001111101011
1111011111101110
0110011010011111
0110101110001110
1110011111101101
1111001111101001
0111111101101110
0010100111111101
0111111010101011
0111001111011010
1100111001001011
1111111100001000
1110101100111101
1110101101101110
1101111111011100
0100001011111111
1111111011111101
1111111011111110
1101111101001010
0011111000101111
1011111101001101
1111111111110111
1110111101001000
1010101111101110
1111101111101000
1110100101111110
0110001110111110
0001101111001111
0101011111101111
0111111101111000
1011011001001011
1110101010101011
1010110111011110
1011111101111110
1101001111011110
0011101000111111
0101111001101111
1101101111111011
0100111111101111
1011100010011111
1111101001111011
1111011100111110
1111010111111111
0011001101011101
1100111111101001
1101110111101111
1111101010001111
1001101101011101
0010110010101111
1001111001011111