0001111110110001
1100101101101110
1100111011101100
0111011000111110
0100111111010011
0011111111101000
0111111011011100
1001101111111111
1110111001110111
1001011110011111
1100101101110100
1011101111111010
1011111110110000
0101011110011101
1111111000111001
0010111110011111
1101111110011100
0111111001110010
1011001111111110
1011101101011011
1010111100101111
1001011010111110
0111111101011011
1010011111100111
1111111001110001
1011111001111111
0001011111111100
1110101101010100
1111011010110001
1011011100011010
1100001001111111
1111001011100011
1110111010111011
0100101111111100
0101101111001011
1111111101010011
0010111101110011
0011111110111010
1011101111010011
0101111101111010
1101101100101001
1000011101111111
0011111101111100
1100101111011010
1110011011001111
1111110111111111
0110111101011100
0100111111101011
1010011101101011
0101111001101101
0111011101110110
0111011111111000
1111111101001111
1101111001111000
0101111110101111
1110111101111001
1101011110101110
1011001101100101
1110111111110000
0110101010111111
0010001111111111
1111011101100001
0101111111101001
1001111111100010
1111011000111100
1101111110010111
1110111111101010
0000111110111101
1110001110011101
1101111100100110
1011001111111011
0011111011111011
0011111110001011
1011111111011101
1101111111100100
1110011111011100
1101011101011001
1010101011011110
1111101101110011
1111001111100001
1110011101101100
0101101111100110
0110001111011111
0111011011010111
0111101011111101
0101111011000111
1111101010110111
1110001000101111
1100111111100111
1111001101011100
0110101111001111
1110101101011011
0010111111100110
0011111110101110
1101001111101011
1010111011110110
1111011101100100
1110111110111100
1111111110001010
1011111101110001
1111111110010110
1101101001010111
0011011110011111
0110101101110101
1011001111000111
1101011100111001
1011101010001011
1101111110101000
0111101100011110
1110101111100110
0110011010110111
1000111110011110
0111011100110111
0111101111010111
1110011111011001
1010001100110111
1100111100110110
1110111111000111
1101011111010110
0100011101111111
0100011111111010
1101011001100010
1011101010111110
1111011110101000
1110001010111110
1110001111100111
0101011010111010
1110001100101110
1101111011010011
0111101101110110
1001011011111011
1101001001110100
0100111011111111
1111001100011111
1101111000110101
1010011011101111
0011111100101011
1110011111100011
1110001000111101
0101011111110010
1110011010101110
1011001100111101
0111111011000101
1010101101101110
0101111011001011
1111101111101000
0101101000011111
0011111100110111
0111011111101111
1111001110011001
0011101011110110
1100011111110101
1011011111111001
0110101111111011
0100111101011111
1101101001111001
1111111010010011
0010111101010111
1100111000011111
0010111111011110
0111111010111101
1010111110001011
1000111101101111
1100101111010101
1111001111110000
1100111111011100
1001111010100111