0110111111111010
1001011110111001
1111110011001101
1010111001011110
1011101110101110
0101010011111011
0111011111111100
1111001010110111
0110000111101111
0111000101101111
0111100101111101
0111100111110010
1011100101111000
1010111111101101
0101111110111011
1001101111011110
1111110110000111
1101101011101101
1001110011101010
1010101111011111
1101010111011110
0101010111110111
1111111011110110
1011010011101011
0111101011101011
0111101011110111
1011100001111110
0110111111000110
1101001111111110
1110011101110111
1011111011011011
0100110111011111
0010111110111011
1010011110111001
1011101111010011
1101001011011001
1111111110011110
0100111111010111
1001111111001011
1111111101001111
1001101110111000
0010100101111111
1011111111101000
1110101111001110
1111001110101001
1111111010111100
1011010110101110
0111110101111010
1111010111001111
1100101111011001
0111101101111011
0111110011011101
1101110111101000
1111100110110111
1110110110111111
0101010110111110
0001011111010011
0111110011101001
1110011001011101
1110011110110011
1111111110000101
0001101111101100
1010111111110000
1101001010111011
1101010110110110
1111110111011011
0011011111111001
1111000111101011
0111111111000011
0111011111100011
0101101011011111
1111100111100110
0111101110111111
1011111011110111
1111111001111001
1011110010101010
1101110011010111
1100111011111111
1110110011011110
0111010111100110
1111001110100011
1110111011111011
1001111111001101
0111101111001100
1010101010111101
1111001101110011
1111111101101110
1101010110011101
0011110111111100
0110111101110111
1110011111111110
0011101011111100
1011111110011111
1001001111111111
0011111101111110
1100010111010101
1001100110101011
1011011110101011
1000111110111000
0011101111100111
1011100010101111
1001011011011111
0111010110101101
1110000111111101
1111101111000011
1110110101100101
1101111101111111
1101110110101101
0111001111011010
1011111101110111
0111101101110111
1100111111101100
1001010111111101
1011011110110111
0101111111000111
1110111110101111
1101011010111010
0111010011010111
1011111111100101
1011111111001110
1111110111110100
1111010101100111
1111111100111111
1010101111111110
1010011011101111
1111101111110101
1100100111011110
1011100011011101
0110111111101101
1101011111101111
0010011110111111
0111011010100111
1011111111100110
1110101011111100
1100011110111101
1000110111010101
1101011110110011
1001101110101001
1111111110101100
0111111010011001
0111111101111001
0110101101111110
1011010011111110
0010111111101011
1101110111110010
0101010011011111
1011111111001001
0111111101010100
1111011011101101
1101111011110001
1111000111111001
0011111111011101
0001110010111101
0110110111111101
0101100111111111
1011000101111111
0011011001011111
1100111111011100
0111111011110001
0011011111011110
1111111101011001
1111111001100111