0110111110010101
1111110011101110
0101101010111110
1010101111111011
0100111011101011
1100111111110111
1011101001111111
0111110101111110
1100101111001111
1100111100011100
1001111111111111
0111111001110010
1111111011101010
1100110100111110
1011111010101111
1010101111011111
0101111101111101
1101111101101110
1101100111101110
1011101110010111
1100100111101111
1111110101111100
0100110100111111
1010111101111011
1110101110011111
0111110101111101
0111111100101011
0110111110101111
1010100111111111
1111111000111111
0100111101111110
0111110100100111
1100101111011011
1100111001001111
1011111011110011
1111111111000100
1101111010110110
1101101100011111
1011100111110011
1011111111110100
0111110111111010
0111111011001111
0101111110110101
0111111111111100
0101100111101111
1111110001111101
0010111011010111
0110101011111111
1011111110111101
0110110011110111
0111111010101110
1110110111100101
0101101111001110
0111101111110111
1111101010110110
1101100100111110
0010101111111111
1101101110100010
1111111101100011
1111110101111011
1111111011000101
1110100010111010
1101111110110100
1010111001110111
0101110110110110
0011111101011111
1011101011001100
0101110011111111
1100111110001110
1100101011111100
1011101111101010
1011110111101011
0110111100011101
1111111111011010
1110100001111111
1100100101111110
0111111100010011
0110111011110110
1101101110001101
1101110110101110
1100101001111101
0111111011011011
0110111100111010
0100101111101101
1110111101110100
1111101101111011
1111100101100110
1011111101101010
0101111101101111
0111101001101111
1111110111011111
1010110110111110
1010110011110110
1110101011000111
1110110111101110
1010111110010011
0100101111011110
1110101101110101
1110111010101011
1111101111110100
1110101010100111
1110101011011011
1011111101001101
1111111111111001
1110111011110100
0101111010100011
1011111111100111
0011111110110111
1111011111111111
0111111100101101
1101111010111101
0111101110001011
0110111010111110
1010111011110101
1011111010110111
0111110111110011
1111101110111100
1011111101110011
1011111101111100
1010111011101110
1100111010111110
0101111110001111
1111101010001111