0111111111111011
1111110000110010
1001110000111111
1111100111101000
1101100110010110
1100100011011111
1111001110001011
1101010010111011
1101110101110101
1101111101001110
1001101010111001
1110011110011110
1101110101100011
1011001111111111
1111111111010000
1111011111110000
1000011101110111
1111101011101101
1101001011011111
1110000100101111
0100001110111111
1110111110100111
0110111111011111
1111110010101011
1010111101111010
1100110110010111
1001110111110001
1111011111101101
1110010111111011
1111100110010010
1110111110001100
1011100001111111
1011111111011011
1111001111110100
1101101111101111
1101011110110101
1111100011110111
0110010101111110
1010101110101011
1010011110111001
1101100001111101
1010011011111110
1110100100010111
1101110100111001
1111011010111110
0111110010111101
1100000001111111
1100111010011111
1111110101011100
1010101101111111
1111110011010111
1110110001100111
1101101011111000
1101001000111111
0111011101011110
1010110011111011
0010111111111111
1011111110100100
1011111101010110
1111010101011110
1010011110111110
0011111111001101
1111010110100111
0101011010111101
1110110111111101
1111101000010111
1111010110001111
1101111001111110
1110111111110110
1011111010111000
1111010100110011
1111100011011011
1110111011111101
1110111110110001
1110101111111010
1011101111101100
1110111111010011
0111111001111111
1111011110110001
1111011100110100
1101010111110100
1101110000110111
1000111110101100
0111110110011101
1110101100001111
1100001110011111
1011101100100101
1111111100101011
0011010110111111
1111101110101001
1100011010111111
1011111101110010
1011111011110111
1101000100111101
1101110100011011
1011110111110110
1111010011110111
1000111100111110
1001110011111011
1100010111110111
1010111000111110
0101111111101101
1101101011010110
0111101111001101
1110001101111100
1110001111011110
1101011011110101
1000110111101111
0111111111110111
1110001101011111
1011111110011111
0111111110111110
1101111101100100
0111110101101100
1100110110101111
1101111100110110
1110110001011110
1011101111001111
1111010000111101
1111111111000111
1111101100010110
1111101101111011
1011111101001111
0111011011011100
1011101110111010
1111000101010101
0100111011111111
1110110110110011
1111110010111000
1101111111011101
1111111101101001
0101001011111110
1101110010101100
0011010101111101
1101000011111110
0101011101111101
1110111110111000
1111111010001011
0110101010101111
1001110110101101
1011111000101111
1110110101001110
1000111101010111
1100110000111011
0111000110011111
1111000111100111
1100111000110111
1111100110001010
1100111011011011
0111001101111101
1111100011101111
0110110110111111
1111011011101111
1000011111011110
1100110111011011
1011110001011101
1111101110111100
1011111101111100
1001100111011110
1011010011111101
1101111110101010
0011011111011111
1010111111010101