0011111110111111
0011111101001111
1110101111101010
0110011001110110
0111011100111010
0101011110111111
1011011011010110
0111011111111100
1111111010011110
1011101110110111
0001111111011010
1111011101101111
1011100111010011
0110101100101111
1110010101011011
1011001111111111
1110100011111011
0111011111101011
0111101101111010
1010101111011111
1101001111011010
0101101101011100
1010011101011111
1111111111110010
0111110010111111
1101111111001000
1111010110111101
1111111001001010
1110111100111010
1001101010111110
1101011111101101
0110000110111111
1101010111111011
1001110111010111
0111011111010110
1110111010111011
0111100001010111
1111000101011111
1011111010100111
0101100111011101
1110011001011110
1101111000101111
1111100010111111
1111011010111111
1001011111111111
0111011111111001
1111111011111101
1110100011100111
1111010101110111
1111101111001111
0101110011111010
0110100101011111
1110010011101110
1001110111101010
1111010111011010
0111101011111110
1111111000110111
1111110010101110
0011111011101110
1100111111111111
1011110100011011
0101111111101111
1010101100111011
0001111101010111
1110011110000111
0011110011000111
1010101011110111
0111100100011011
1101000101111100
0110100110111010
1110001101111111
0110101111110111
1110111111010011
1110000111011111
0110110011011110
1101010111110100
1110110100110011
1110110011111010
0111010011111111
1111100111111001
0111101101010100
1110011011110011
1101110011101010
0111010111111010
1110111010101111
0010111111011111
1011110001011011
0111110110111101
1101111101111000
0111110101001101
1111110111011001
1111110101100111
1101101111010011
1011010111000111
1110110100110101
1011101111101010
1010011111001110
1011011100111110
1111101101100011
1111101110101010
1011101011011011
1111110111000101
1111101100110001
1110111001000111
0110111100111011
0110111011001111
0011101101011111
0110011111111011
1110100101011101
1101110111011110
1101100101011101
0101100111111010
0101010111011111
1011111111111101
0101100101111111
0101110111111000
1011110100111010
0111111011000011
1110111111101101
1101111110101110
0110111001010111
1110111001100011
0111011100110101
1101011100011100
1010110011100111
1101101011011110
1010110110101011
0011111001011110
1110001011111111
1110001110111000
1101111011110111
1111101010010111
0101011111110011
0010110101101011
0110111001101010
1110101001110011
1010101101101111
1011011111001010
1011111001100011
0111011101010101
1101011101111011
1001111110011010
1101000111011101
0111111110011101
1101110110111111
1111110111001011
0111010111110011
0110101101111110
0111111010111110
0111110101101000
1101011101010110
1001111101100011
1110010011000111
1010111101111110
1011101101110110
1001101100111011
1110101111110001
1011100111111010
1001111101001011
1111111110010100
1111010101111010
0111001110101101
1110011100111111
1101011110000111
1110101110110011
1111111111100110
1011110010111111
0101101111110110
1111111101011001
0011111001110110