0111011000111111
1110101111101010
1111101011110101
1111111001001111
0111011101111101
1111001101100011
1110011111101001
1110011000110111
1110011011101100
0111111101100111
0111111001111101
1111110011001110
1011011011110111
1011101110101101
1111110111110111
1111111100111001
1111010011111110
0111110111111001
1111001011101101
1111000111101110
1110001111111010
0111111110011011
0011111110010110
1111101101001100
0011111010101111
1011110111111110
0010011111111111
1110111110110110
1111111101010101
0110110110011111
0111101111000111
1110101101001111
1111110110111110
1011001111111011
1010111111011101
1111101100001101
0110111110111010
0111001111110110
1110001011110110
1010001111101111
1110111111110100
1101111111111111
1110101111001001
1111011101111000
1111101011011111
1111011111011111
1111111011111011
1110111110110011
1111111100010110
1111001101111101
0111011101101111
1011001011111111
1111111111100001
1110111111011010
1111101110101011
0110011111111011
0011111011011100
1011011011101100
1011101111110111
1011111110111001
1010010111101111
0110101111101111
1011110110111111
0111111110110011
1110110011111111
1111100110111011
0111111101111110
1010011010111101
1111111100001100
1111110101111111
1110101101011110
1110101111110101
0111111111010011
1111111111001000
1110111001111110
1011111101111111
1110010111101010
1110101011111100
1011111011010111
1011111110101110
1010111011101101
1111111111100100
0111011010111101
1111111000101101
0111001110101111
1111101110011010
1110111010011101
0111100010111111
1010111011101110
1110101110111101
1010111110101101
1110111111100111
1111110010111101
0110111111110101