1101111110100100
1111001010011110
1101001110011110
1001111101011110
1001100110110111
1011011111101110
1011101110011111
0111010011011101
0101101110100111
0001110111010111
1101011110100111
1111011101010100
1110111111111111
0111000111100101
1001101100111100
1111011101100100
0111010111100110
1111001001110111
0111111001111101
1101111101010101
1011100101101101
1101111000100111
1011101111010101
1001011110110100
1101101111101101
1011101110101101
1101111011100101
0111101111111110
1011101100100111
1011001110111101
1111111000111101
1111001101011110
1001100111111101
1101001010111110
0111110010111111
0011011110111111
0101110001110111
0111100101111111
1011111111100100
1111111100011111
0101110011111101
1001101111100110
1101001101000111
0111011111010111
1011001111110111
1111110110111100
0101110110101101
1111110101111110
1101011111010100
1011100110100111
1111111111111011
0111110110001110
1111111111000100
1101111011001111
1101110011011100
1111110011010110
1101000001111111
1111101001010111
1101110110011111
0011110100111111
1111101011111101
0011100111001101
0111101011100111
0111111010110100
0111000110110111
1111000101011101
0001111111101111
0011101110110101
1111110010001101
1011010111111111
0101111011111100
0111000110011111
1001111111011100
1001011101111100
0111010111111100
0111111101011111
1011111111000110
1111100011101111
1011111011111111
1111010110000101
0011111110101100
0011101101100101
0101011111111111
1101100101010111
0101111111101110
1001111111001111
1111101111010100
1111011110000110
0101111010111101
0101111110000101
1101001101110101
1111011100111111
0111111100111100
1111000001011111
1101100100111111
1011111100100110