1111101011101110
0110110111011110
0111010111110001
0010111110111111
0110011001001111
1010111011011111
1111011110011100
1111011011011011
1111001001111010
1011010110111011
1101100110010110
1101011110010111
1000111011111101
1101100011011110
1110011111101000
0101010111110101
1101111100111111
1100010110110101
1110101111111101
1110011011100011
1110111010111001
1011110111011111
1010110011111110
1111111011010101
0111101111111111
1111011101001101
1011101111011111
1001111011011101
0111111001011110
1110011111010111
1010111101111011
1100111011110100
1110111111001010
0110111111100011
1111101110111000
1011100101111010
0111110010011101
1111001111001101
1110000111101110
1111100011110110
1110100011001111
1110111110100101
1100010111011101
1111100000111110
1110100010111111
1010110111111101
1101001011100111
1011111011111100
0111011010010110
1111110101010011
1111010001111100
1010111110001101
1111111100011101
1111101111001110
0111111000111111
0111110110101011
0011010111101011
0101011010111101
1011110011101110
0110111110111011
0101111110011100
1001011110101110
0100111010111110
0111011101110000
1100011011101101
1111011101010111
0110110011110110
0101110110111110
1011111111110111
1111001011110101
1111111001011100
1110111101101101
0010111011111101
0100111111110101
1001110101101101
0010110111111110
1101000111101111
0101011110110100
1000111111001111
1100111001111101
1101101101111110
1011111010111111
0011011110111011
1111111110001011
1010010001111111
1100010111110110
1100111110110110
1111110111100111
1110110110001101
0110111010010111
0101010010111111
0011111001111110
1110101111100110
1011011101001111
0110011100001111
1010011100111111
1111001111010001
1111010011101111
1001100001111101
0111111011011011
1110111010101101
1110111001011011
1011011110101010
0011111011101011
0100011101111110
1100111111000110
1111101010011011
1111011000111111
1101111111111011
0101110011111101
1110100011011110
1011101110111010
0101111010110110
1111010010011111
1110110111111011
1011111001101110
0011011110011101
1101111101011100
1000111001101111
0111011011100111
1111101101101111
0101110111010100
1001011110111101
1111110011110001
1110110101111110
0111111110010001
1101111111101100
1011111111111001
0100110111101111
1101111110000110
1000011101011101
0111111010001111
0111111111101110
1110111101110111
1001011111011100
1010011001101111
1011101011111011
0111111111101101
1111010110110100
1110110111011100
1100100110011110
0111110110010101
1110111111010101
1111111101101011
1011100110101110
0001111111111111
1111001110111111
1111110101111001
1111110100101110
1111111100110011
0101111101011110
1100101010011111
1001110111111110
1101010111001101
1011111100001110
0101110011110111
1111110101010100
1011010011111101
1010111110101100
0010011111011111
1001111001011111
1010011111111010
1110110110110110