0100111111111111
1101111111010110
1011110110101111
0110111111011000
1111111011110000
1011101110110110
1011010011110101
1110101111111100
0101111011110111
1111011111000011
1111011011111011
1101011111011000
1100011111101110
1101111110111100
1111111101111110
0110001111111110
1110111110001101
1001011111101111
1011100011110001
1001111110101001
1111011110111111
1011010111111100
1100110010110111
1111101010111101
0110111011111011
0011111111111101
0101010011111111
0111110111100000
1110100010111110
1110000111110101
1101111111110011
1110101111111001
1111011001110101
1011101111101111
1111111110011100
0010110111110110
1011110010110111
1001010101111011
1011001101111111
0111000111111111
1001111111111010
1011110011101111
1010011001011111
0111101101100011
1111101010101011
0101111111101111
1011110110111011
1101011111100111
1001111111001111
1001111011101111
0001110001111111
1001010111110111
0111011111100011
1111011101111001
1111111110101010
1101100010111110
0011100011110110
1111110010100011
1000111110111111
1011010111100001
1110100110101111
0011111101011111
1111000111110000
0111011011011111
1110010111110011
1111111010110110
0111011111011010
0111111110111111
0010111111111011
1000010111111111
1110111010100011
1111111101000011
0111100111111011
1001101111110100
1011110110111110
1111110111011111
1110110111111010
0111111011000011
1101111110011011
0101101001111101
1100011011110110
1110111111100010
0111011111101001
1100100111110110
0111011101001111
0111011011111101
1111111100111111
1010101111111111
1011011011011101
1110000101111111
0110111111101111
1110111101110111
1111011101101011
1001111010111110
1111111111010101
1001111101010111
1101011111110100
1111100010110111
0001111111111110
1010111111111010
0111110011111010
1011111001111011
1101110111111101
1111111111001100
0111110101110111
1111101110111100
1111110001101111
1110111001001111
1011011111111010
1100110101101011
1111101111011111
1100101010110111
1000011011111110
1111111011101101