0111001010111101
0111101011010001
1111100111110111
1011011000111001
1111101001101110
0010111110011101
0111111101011000
0111111101100110
0111011010011100
0111100111111101
0111010011101101
1011101011111111
0111101110101110
0011111101101111
0011110011111001
1111101101010111
1011111011100111
0111011101010001
0011101111110110
1111010001011110
1111011100011111
1111110010101011
1111000001111101
1011101110110000
1110101011010101
0111110011110011
0010110110111101
1111111011001111
0111010101101111
1111001010101110
1111110000110011
1111000111011010
0011011110101101
1110111101100111
0011110110011110
1111110100110010
1011000111011101
0111010001111011
0111110101011010
1011111000011001
1111110101110101
0011001111111110
1111011011100110
0011011111001101
0110110111111011
1111101111001111
1111111100011100
1111111100010011
1111111111101010
0110110111010111
0011111001111111
0111000111111110
1111111010100111
0111111110111011
1110111011011011
1011101110010011
0110111101011110
0011011111111010
0011010101111011
1110101110101111
1111011101101101
1111000011111110
1111110011010100
1101111111111111
1110101111111011
1110111010111111
1111110111100101
0111001100110111
1011011111101110
1110100111011111
0010111101011111
1111100110101111
1110111100010111
1111011100101110
1111111001111010
0111101100111101
1111110100101111
0111110101001101
1011111011101001
1111110111100110
1110011111111111
0011011101010110
1011000101011111
0111011111100001
1111101100101111
1111001110111011
1110110110010110
1110111110010011
1111111010010110
1110110001011111
0011111111011001
1111101101111011
1010111101110111
1010101100111110
1111011110001100
0111011111011000
0110101101110111
1110111111101101
0111010011111010
0011111011011111
1110110111010011
1111010011110010
0011110100111111
1110111011110100
0111101011101001
0011001110010111
1011101100111100
1011101111100100
1111110111101100
1010101101101110
1111100011111011
1011010111110101
1010110111101011
1011011100111010
1011111100100101
1111110110110101
0111101111111010
1111001011100101
1111111101000111
0111110110001101
1010101111111100
1010110110011000
1111111111000011
1110111111001111
1011011000101111
0111110011111000
1010111101111101
0111100110011110
1111011110001001
1111101100110110
0110111101111011