0011101011111011
1011001101111101
0001101101111011
0010111100111111
1111100111110110
0011111101110110
1111101100100110
0011010001111101
1101110100111101
1100001011111111
1111010111101101
1010110100101110
1110110101101011
0011111110011101
1011001010111111
0110101111100101
1111101111110010
1111111000010011
1111000111111011
0110110010011111
1111110111010110
0110111110110101
1110101111010111
0110010100111111
1011100011111101
1110101010111111
0111001010111111
1110100011111011
1010011011111100
1101101111101101
0010101111001111
0011111111110000
1011011111110011
1011011010111110
1100001111011011
0100111111011111
1000111001111111
1110011111101111
1110111111110001
1011111011111010
0001111111011001
1110110110011010
0110111100110111
0111011101010011
1111111110100101
1101110111100001
0101110111011111
0111000111111101
0010111111111101
0111111011111010
0101111010011011
1111101110100011
0110011001111100
0011100111001110
1111011100101001
0111111101011101
0111111110100011
0111101100110110
0011100111001101
0011100101111111
0011111010011110
1111010111111001
1101111100011001
1111011111000111
0110001110111111
1100110010111111
0110111001011011
1011010111111010
1110110111111101
1011111010010100
1110111110011001
1111110101110111
1011011111011111
1101010110110111
0101110110111111
1110010110111011
0010110110110111
0101111111101111
1101111111111110
1111101101011011
0111010010111101
0001110001111111
1111110011111010
0111110110010011
1100111110101111
1101111100101111
0111101110010011
1100110101111111
0111100111101100
0111010111111010
0101011001111101
1110010000111111
1111101011011111
1011000011111111
1011001111101101
1111111001111001
1011111100111011
0110110001111011
0110110111000011
1111110011011100
1101100101101011
0101001111010011
1110111110001010
0101001111011101
1101011110111001
1111101010110100
0110111111110110
0011001111101011
1001110110101001
0111011111100001
1111001101011111
1110011011011100
1111111100001111
0110111100111011
0111111100100111
0111011001111011
1011101111110111
1111110101011010
1011110111110010
1000101100111111
1110101001111110
1111011110110101
0010110101111110
1111000110011101
0111111101110101
1111011011110111
1101001111110101
1110110110110010
0101111111110001
1000011101110101
0111001100111101
1101100111110111
1010111101100101
0111101011110110
0110101111001011
0111111010111001
1111011111100010
1110100111100011
0011100110111111
0111110110111010
1111101101110101
1100011101010101
0111111101100010
1101101110111011
1011000111101110
0111110111110000
1110101111011101
0111101011110101
1110111100111001
1011111101100110
1001101110011101
1110111101011110
1111001111110110
1010100110111011
0111001111100011
0101101111110101
1111111011101111
1111101101101001
1101110000111111
1111011101110000
0111111101111001
1111110011110111
1100110111110011
1111110101111001
1011111111001001
1111100110010101
1101111001110101
0010111101101111
0010111101010111
1000111110111101
0011011011111100
1101100111011101
1010111010110111
1001010110111011
1110101110111100
1101101111010101
1001010101111101
0100111100111101
0111011100101111
1111101111101010
0001111010110101
1110011101110010