0010111101110111
1110011111001110
0111011111111101
0110011111110010
0101110011110101
0110110101111111
1100000111111111
1101000111111110
1110011011100011
1011101111100001
1010111111101100
1111010011011111
0011011111100011
1110110101111101
0011111101110101
0011010011111111
1001000111101111
1111111001110000
1011111001111111
1011101111111000
0111110011110011
1011010101110110
1001110111010110
0101101111111101
1111101111100100
1001001111110011
1110011011111001
1001111111001011
1011011101101010
1100110111111011
0110111001100111
1001110101001110
1011110111000010
1001111101000110
1110101111001110
1010101111101111
1100011111001101
1111011011111110
0001111111101011
1110110101110111
1001001111011001
1011100111011111
1100101111011111
1111010111010011
0011011101101011
1011010111011011
1111101101011010
0101101111011010
1111101011011101
1010101011110100
1101101011010111
1111011011110001
1011101101010100
1101011101111110
0111110001100111
1110101111100111
1010111011010110
0111111011001110
0010011011110111
1100111001110001
1111001111100101
1100001111101001
1110010011110101
0110101101110110
1111110011111110
1101010101011101
1111110001111011
1111011111011010
1011010101101110
1101111011110110
1011111101001101
1110111111001001
1101101111101100
1111101111101000
0101111111111100
0110111101001010
1110101111011001
0110001111111011
0111101111001111
0011011111011111
1011110111101001
1001101111010011
1011001101111101
1111110001001101
1110101111101010
0110110111100100
0110101011110010
1000111011111100
1001110111111101
1111101011001111
1111111111010001
0111110011010111
1111011101001101
1111011101110101
1001011101110111
1001111111011000
1010101111011111
0101101111010110
1010111101111010
1111000101111001
0010011011111011
0100111101100101
1011110101010010
0111001001101111
1011010111110010
1011010111111101
0101101101110111
1000011101111111
1111100001011111
1010110111111111
0110110111111011
1111101101001110
0111110111001001
1111011011001101
1010111101101001
1100011111111010
1111001111010101
1010011011001111
1111111011011011
0101110101010011
1111111011000111
1100111101000110
0111100111111111
0101111111101110
0111101001101011
1001111101110011
1101011001001111
1111110101101011
1011001101001111
0010111111111001
1111100001110111
1110111111101000
1111001101010011
0111111011101101
1100010101001111
1111000111001001
1101110101010010
0011110101111100
1111101101100111
1011001011111111
1110110011100111
1010101101111101
1111111110111111
1100101001111111
0111001111011011
1101110011101111
0100011101100111
0111011011100111
1101111101100011
1110101101110101
1110000101111110
1011101111001101
1101001111100011
1010101011111011
0010001101111110
1101111001011110
1101010111110010
1101001111001011
1101111011101011
0110011101101110
1110111011101110
1100100111110101
0110111101010100
0000111111111111
1011011101110011
1101011101010111
0101011111111110
0111110011111001
1001001111101101
1101011111101000
1110010101111011
1100110111100101
0111011101010110