0011101111110100
1110110011110100
0111110101011110
0111000111110111
1001100101101011
1001111101011110
0111111110010101
0101001001111011
1111010111101101
1111110011101111
0011111011100011
0110100101111100
1011101101111010
1111000101111010
1111111010011101
1111101101110010
1001100111010111
1101101110111111
1110000011011101
1111111110011001
1111101001001110
1111101101010110
0101000011111111
0000111001111111
1111111111010000
1011011011110010
0101111010010011
0101111111111000
0111001011001111
1001011101110111
1101111101101110
1111010101101111
1111011101101010
1110101011010111
0111111011100101
1111011111010111
0100001011011111
1101111110111110
0011111111010110
1101111101000011
0100101011110111
1000110111010110
1111101001000011
1011110101100111
0011011111011010
0100110111011110
1000111011011111
0111000111111100
0111011000111011
0101101001011011
0001101111101111
1010000111111110
1011111011111101
0011111101011011
1111001111100000
1111101101111000
1010101101111110
0110111010110101
1001111111100011
0001100011111111
0111110111111011
0100100011011111
1110101110110100
1111010111111001
1101111111011010
1101111110100111
1100001001011111
1011011011001111
1111101011101001
1011101001101111
1101011111111110
1111110110111111
1110101101100111
1001011101111101
0110111011010101
0110110111101101
0111101110110011
0100111010111111
1001101111110010
0001011010111111
1111111001110101
0111101111101011
0111111011101100
1101110011011110
1001101011001110
1101011000111011
0101110111111100
0110101111011110
0101111011111010
1111111110101011
1101100101111100
0011111101111000
1010101111010111
0110101111010101
1111101100110111
1111011101011110
1010110101110110
1110111010101111
1011111101001011
1111001010111001
1110101110010111
1001111100110011
0111111110100110
1111101001111001
1010100111110110
0011111010011011
0011011110011110
1001010111111111
1101011100111001
0101111011111001
1110111111101110
0011111001111110
1111101001100110
1011101011011010
0110111110111110
1110011001111110
0100111110010111
0011011000111111
1010011110011101
1011111000011110
0001111110011011
1011000001111111
0110011011011100
0111111101101111
0010111011011111
0000101111111110
1011011110110111
1011001111001110
1100110001111111
1011010011011011
1111110011110000
1111101010100111
1011110001110111
0101011110111011
1101110111000110
0101101111011110
0111111111010010
1110111111111011
0110110001111110
0101011101110011
1001100111011101
0111110111000111
1111110111100011
1100111111101111
0111001111101100
1101001101111101
0011111100110110
0011111110110011
0001101111110111
0010111110111101
1011001100011111
1001111000011011
1111110101001111
0111001110101111
1111110101111001
0111011110110111
0110101011110100
0000101111011111
1111111110111010
0001110111101111
0011011111110111
1111111111001101
1100110101011110
1111111001111000
1011001111011010
1111010111110101
1101111111110101
0101110011110110
1110111100111111
1011110111011100
1111011100111110