0110111010011010
1110010111100011
1110001011111011
0111011011010101
1101011011100101
1111111010011101
1101011010101111
0111010111010111
0111010111101001
1101011110001111
1011111110010100
0111010100111111
1100111011100001
1110111110100110
0110110110011010
0110101111111111
1100111000111101
1001101111111000
1101011111011001
0111111110101111
1110111001110010
0110111011010010
1101101101101010
1011111011011010
0111111001111010
1110011001011111
1110011110110000
1101110111111010
0111111001100111
0101011100010111
1010011111110010
1110111000110011
1111110110000010
1010001111110100
1011101011011110
1100101001110111
0111111101011110
1100111010010011
0111011111001100
0110110011110111
1101111111000010
1000111111100000
1110111101010110
0011010010111110
1110110101000111
1111010100100001
1101101010100111
0001101101101011
0111011110110001
1111110011010011
1111001011101010
1010101000111101
0101101111000110
1011101011101110
1111111101011011
1011110111101011
1110010110101101
0111111100011101
0111001110110101
1111011011011100
1011111101001111
1101110111011111
0111101001101111
1011111101110111
0001011110011101
1110011101111001
0011111011111001
1110010111101001
0011101011011101
1111110010011111
1100111000011110
0111110110111001
0001101101101100
1000111000111111
1111101011110011
0110011111101111
0010111110111100
0111101010011110
1101110001110011
1111100111111111
0101101111011101
0110011011011010
1101110111111101
1110110100101101
1001110111111111
0011111011011011
0101010111101110
0110111000011111
1011010111110110
1111101010111001
1001111100011101
1111111100100000
1111011111101000
0110011110011010
1101111101110110
1110010110001011
1111011010110111
1110110101101001
1111101110000110
1010110111100101
0001101110110101
1000011100111111
0000111110110111
1011110111100100
1111010010101100
0110110111100111
1111110011101001
1110011010111100
1111110100011100
1111111011001111
1101101110010011
1101001111111111
0001111110110100
0111010111110101
1110101111101111
1110010010101011
1101011111111000
1011001011111101
1011011111101011
1011001110011101
0111010011101010
1100010010111111
1100101110011001
1011111011111100
0101111101100111
1111101101111000
0011101111011011
0011011111001101
1101101010111110
1011101111010001
1111110100000111
1111101101100110
1110110111000001
0100111110011100
1011110011101110
0111101110111100
0101111110010011
1110001100111011
1001101011111001
1111011111010011
1111010111001101
1010010011101111
1010111111011111
0011111001111101
1000011101111011
1011111011110111
1011111110111011
1101111110001101
1110101110010101
0111110101110100
1010010001111111
1011001010101111
1111101001011101
1110011011110001
1111011101111110
0011111111000111
0100011100110111
1111101100101111
0101011111000110
1110110000101111
0111101100110001
1110101101011111
0101111011111111
1110110001111011
1011011110110111
1101011100011101
1100010011100110
0101011110111011
0110111010111001
1100011111011111
0100011101110011
1001111000111101
0110111111101101
1111101010010111
1110001111011010
1111011110010101
1111001011111001
1110110100010111
0010111111101010
0110110000111111
1000111011111110
1011110111011101