0110111111111011
1000111101011110
1001001110111111
0011110011111010
0111111011010011
1011100101111111
1111111001001111
0011010101111001
1011011110101101
1100100101011010
0110011111111101
0001011111111111
1100110111101100
1111101011101100
1101111110111100
1011001011101111
1101110000101101
1100110111010101
1100011101111001
1111111011101001
1100101101101011
1101110100001111
0101111111111010
1101101000111101
1111100000011101
1111110101110101
1010110010101111
1101111011111011
1101101001011101
1010110101111110
1000110111011110
1111001101111001
1011001111111011
1111110010110101
1111011101111010
0001101111111001
1111010101011111
0110010011011111
1110001111001011
1111101011010011
1011101101001111
1100111110111011
1100001011100111
1111010111111110
1001111110100011
0111011011101101
0100010101111111
1110001101011101
1001110111100011
1111101010101101
1101110000011111
0111110101101111
0110000111011111
1011111011001111
1101101111111000
1111100111100101
1111001001110111
1011101111101011
1101001101001111
1110001010100111
1101001111110110
0011110111001010
1111111010100011
1100101110110101
0100110011111100
1110101111110100
0111110111110110
0011100111111100
1101110110100011
0111111011001101
0011011011101011
1111011000101101
1011110011110111
1001110110111111
1010111111111001
1101011111011110
1010101111111111
1011111100111110
1110100010101110
1111001001111101
0111101011110101
1101110110111010
1010111111100110
0111010011001111
1101001101111101
1001011110111110
1000111111010010
1111100010110110
1111101011100110
0111101001111010
1110101110011011
1111110100010110
0111100101111011
1101111101010110
1001111100011101
0101010111001101
1100101111101110
1011001011110110
0110011011001111
0111011011110111
1111111101110011
1011101111000110
0101011101110111
1111100101101111
0001100111111110
1010111001011101
1011111011100111
0100111101111101
1110101110000111
1001011101110111
1110100110111000
1101011000101111
1110111011110101
1111111100111001
1010110011011111
1111011111010111
1111001110101010
1110011001101111
1111110101101110
0101101011110111
1001101111010010
1000011101111111
0111011101110110
1100011111100100
1110111110011101
1101101110011111
0010111111111111
1100001111111101
0011111111000010
1011011011111000
0111100101011110
1111110000111010
1101111001100100
1111111001101011
1011110011101110
1011110001111111
1111011010111000
1101101100110101
0110101011111111
0111101111101011
1011011111011110
1011111111000101
1011111101101110
1010110110111010
1011101110100101
0111011111100010
1001011011111111
1111110111000111
1011110100111111
0011101101011101
1011000011111111
1111111110110001
1000111100111111
1100101011010111
1110111011111011
1011100111110110
0111111110111111
1110111010001111
1001111110011110
1111101101101100
1111101100101110
1111111011011110
0001111101111111
1110100110001111
1111010111101011
0101111101011011
1111101111000011
1111111111011001
1100111101011101
1011111011010101
1110100011110111
1101101011101110
1100110111110001
1011010010111011
1011010111101111
0110100111110111
1110111101110111
0110111111101101
1111001010001011
1110110010100111
1101001010110101
1001111111000110
1001100011111100
0100101111110101
1111101110001100
0011001111101111
1011011100111111
1110011111111010
0101110011011101
1011111010011111
1101111000110111
1100011100101111
0101111101011110
1010011110101111
1101011010100110
1011011010101010
1001010111111001