1011111011011110
0100111010011111
0001101101111011
1101001011111110
1010111011011111
0111001111110001
1110000001111111
1000101111111110
0011011001111111
1101100010101111
0001111111011011
1100111101110111
1111011111101111
1111111000011101
1111101010010010
1110101111001010
0101100111110111
1101111000010111
0010111110011111
0101111110000111
1111101110000110
1010111101101101
1111110101101001
0111010100111110
1101100110111101
1101101101101001
0111101011011101
1010011111111101
1101100111101110
0101111101111101
1100110111001111
1101111000111101
1100111110111101
1101011111011000
1101111011001100
1101111001111011
0110111111100010
1101101011111010
1110111001111100
1111010111111011
1110110000111101
1010111111011010
1111111101100110
1111001011010011
1110111110100101
0111101011111000
1111101100111101
1101110101111011
1110111100110100
1001011111111111
0110111101011101
1110111101001111
1100110110011110
1111001010111101
1111110110011011
1110111101111011
0010001111111110
1100111101111101
1101111111110010
1011111101101000
0100110011010111
1111011101111011
0101011010111101
0101001110111011
0111111101011110
1110100101010111
0000111101101110
0111010011011111
1011110111111111
1110100111011110
0100101100111111
0111111010101111
1101101001011110
1011111111110111
0101110011111001
1110111110000110
1011101011101001
0101000011111101
0011111100111111
1110110001111110
1110110011111010
1110011111110111
1101010111010110
1110001101011101
1011101000101011
1000101000101111
0110110010110111
1101101010100110
1101110010011111
1100111111111011
0110110110111100
0101011011110011
1100111011111110
1100101011010111
0110111001101110
1111111110001011
0111011001011111
1111001001110111
1111110111100111
1111111101011011
1111000111010111
1111101111101100
1111101111100011
0101101010011011
1101011101111111
0110011110111100
1110101001100111
0111111100100111
0111011101110101
1110111010101100
1110110110101111
0111101010110011
0101011010011111
0111101111101111
1010101100111110
0111011011010011
1110111011111001
0101010111011110
1010111010111101
1111011011110110
1010111001101110
1110101110001110
0011111011111001
1001111110011100
1111111100001100
1111000010110111
1011001101011111
1111110111110100
1011111101001110
1111111101000101
0001111110101110
1010111111001111
1111111110111001
1110110111011100
0110011010011010
0111100010111100
1110111111010101
1110111101011110
0010111011111111
0101111111111100
1011101101011110
1111111110100010
0111101010011110
0101101011111110
0110001111111001
1111100110010101
1101101000101110
1011001111011001
1110001110111111
1101011111010011
1110111010011101
1111001000111110
0111110011001110
0101100011111011
0111100011110010
1011101010111010
1101110010101101
1110010000011111
1011101011001111
1101111111110101
0111111110000100
0101110111001010
1110010001011101
1101101100001110
1010011101111110
0001111001001111