1011110111100110
1111110010110011
1011001011110111
1111101110000101
1011001100111011
1011101011011100
0111101100101101
1111110011101111
0111001111001000
0100111111011101
1001110100111011
1011110011111101
1111001101101101
1110111111111110
1101011101011011
1101011110101001
1111000101111010
1111001010001110
1001110111111101
1111011000110111
1111100101101111
1011110001111110
1110010101011011
1100011111111011
1101000110101111
0101111101110011
0101111010010011
1011010111010111
1010101111011111
0101011010001111
1011011101111000
0111011011000011
1100101101001111
0111011011110101
1100110111110111
1111110101111101
0111111100101001
1111101011010110
1111011001100011
1111100111010111
1011111011111011
0001101101011111
1111101000011111
0011111111010111
0101110110111011
0001111011100111
1101010100110111
1011111111011011
1110000111101111
0010101111110101
1111111101011101
1111110100110011
1111001011011101
1110011100010111
1110011011011111
1100110111101011
1111100000111110
1011100111101010
0111011001111101
1101111010110101
1100010010111111
1111100110101010
1111001111100111
0100111101010111
1101110110011111
1110011110000101
0011011111111111
1011101010110111
0111110111111010
1111001101001111
1111001101111001
1010011100110101
0101001011101101
1101011100111101
0001101101111101
1101100001111111
1011111101010111
1100010111101111
1111110111111100
1111011100101111
0111111111100101
0111110011110110
0111100111111111
1101111111111110
1110111001010011
0110110011011111
1110111010001101
0111110110010011
1010100011111111
1111101101100101
0101101100010111
1111010111010011
0111010111000110
1000001011111101
0111010001111111
1001101000101111
1101111101100111
1111111100110001
1101111001111101
0101111100101011
0111110110001011
1111111111000010
1001110001011111
1011101100111001
1101101011010111
1100011010111101
1011010100110111
0100110111111011
0101101010101111
1110001101111101
1011101000111101
0101110101111011
1111100010011011
0100011101011111
1011010111111011
1010111111010111
1101100011110101
0011101101111001
1001110101101111
1011001110111101
0111111110111110
0011111101111110
1100110011111101
1101110101001011
1011111000011110
1011101001110101
1011011110101010
1001101111001111
1011101111001110
1111000111110010
1111010010111010
0110110111110111
0110101101110111
1100011011110111
1111011001110010
1111110001111010
1110011111110011
1011001111001111
0111001100111101
1111100101110011
0111111001010110
1100101011101111
1111101001110001
1001001110010111
0001101111011101
0111111111010010
0110111111101111
1011101111001101
1010011001101111
0011101101100111
0111001001010111
1000111000111111
1110110111101101
1110101110111111
1111001101110110
1100101111101101
1111111110100011
1011110000110111
1111111010101001
0111001110101111
0111011111110100
1101101111111011
1110111111111001
1001111110000111
1000111011001101
1000011111011111
1011110110011111
1111010000011111
1001001111101101
1111111000111011
0111110111111101