0111001010110011
1010001111110011
1100001111111010
0101111111111110
1101111111010111
1111100111110110
1101001011011100
0011101110111100
0110111011011100
1110100110111111
0101010110111101
1011110100101111
1111111001001111
1010101111111010
1101011111011011
0000001111111101
0011001111111001
0111001110011110
1101110000101111
0101101010111101
1111111110011001
1011110111011111
0110110101011101
0011001111011111
0011111110111001
1000011111110011
0101111010011101
0101111010111011
0010010111111011
1110011110111001
1001101111111000
1111101100011011
1101101101110110
1100111110111111
1011001111011110
1110111001110011
0111101001110011
1111111001010111
1001111111011010
1101010111111010
0101101011110111
1011111100010110
0110111101111110
1100011111111000
1010011011111110
1010101111010011
1010010111111000
1000011111101110
1101101100110111
0011101000111101
1111100001011111
0110011111111000
1110111101111001
1011011111011000
0101110011111011
1101000111111011
1011101111101110
1101011000111001
1111111111101011
1100011101111111
1011110010110110
0111000111111110
1111001110010110
1101011111001100
1101010011011111
1111001011110110
1110011111010011
0111111000111011
0011111011010111
1111111111110101
0110110011110111
0010110110110111
0101011000011111
1110010111001100
1011010100111111
1011111101101110
1011011101101111
0111111001111110
1111000111011110
1101111111011000
0110001110110111
0111111100011110
1010100111101111
0111010101111011
1010111111110010
0011011010111101
1101111010011011
0111110000110111
0111101100111110
1001111110111111
1010111001110111
1111111011111010
1110001101110011
1101011010111100
1110111000110110
1010110010110011
1101111101011110
1111101111101100
0010011111010111
1110100111111010
1111011101111110
0110101110011111
0100111111110111
1111111100001111
0111011011111110
1101101000011101
1010111110111001
1011101010111110
0100010111011111
1001001111100111
1010110110111110
1110011001111101
1010101101010111
1100111011011100
1111010110011011
0010101101111011
0100010111111011
0111101111011011
1111110101111110
1111110010011111
1010111111001110
0001101111011101
0101001101111011
1011101110110011
1010001111100111
1100001111101111
1100010011111001
1111010111110111
0011011010111011
0111110100011111
0000111111111011
0011110111111000
1111100011111011
1011111101011001
1000011011111101
0111101111111010
0111101011010110
1111101011100111
1110001111011111
1011011111101100
0111111010111110
0101001011111101
0110010111011011
1111001000111111
0011001101111111
1111011011101111
1110101100011111
1111111110111010
0011111111011100
1001110111111111
0111110110111110
0111100101111011
0111111111101111
1001101101111111
0011110100111101
1011111011101111
1110101011111111
0111010100111101
1111101000111100
1111111101011000
1111111011101100
1110110011000111