0110111010011011
0101111111111110
1101111011101101
1111110011110100
0010011011011110
1010111110010110
0100011111001111
0111111110101001
1010110110001111
1111111011101011
0111110111010011
0001111101110101
0010010011111111
0000110111011111
1010111011011001
1111111001110001
0110110011111110
1010010011110111
0101110101001011
1001111001111101
0011111011110110
0110101111110010
1111100110101010
1011101010011111
0010100101111111
1111001011101111
1101111111110010
0111110001011101
1101101000111110
0110110111010111
1010001111110101
0011101101110111
1111011111110100
1111011001011101
0011101011001110
1110100111101010
1000101110111111
1110100011011011
0111111100111101
1111010111011100
1110101111100001
1110111001100111
1111011110101101
1011101011001101
1101001100111111
0100110111111011
0111100001011111
1010011111110110
1111111011100101
1111011111111011
1011111101011101
0001111111110001
1111110111111001
1011001010110111
1111111100110111
1010010111101101
1000111111000011
0011101111100110
1101100110011011
1011101101110010
0100101111101111
0100010111011111
1110010010011111
1010110110111110
0100111011111111
1010111110100111
1111110011000111
1101110110001111
0011111010111111
0011101011011101
1110001011111111
0110111111011101
1010011111010111
1011010101101111
0010111101100011
0111111111101100
0011110110111111
0110010000111111
1001010010101111
1110111110001110
1111111111010101
1011011011110110
0101111001110011
1001011001110111
1101100110110110
0111101010011110
0111101001111011
1111001111011111
1101011111011101
0001011100111111
1111001000111111
1101010100111100
0011011111110111
1111011111100111
1011011000101111
1110011011101111
1111010111110101
1110010010111110
1001110110111010
1101110110100110
1011000101111111
1011011010011111
1101111110101011
0001110101111011
0111111101111010
1011001101111100
1110111101111110
1111111010111000
0110111110110100
1111101111010111
1111111110011001
1110101011001111
1011110101011111
1110101010111110
1101101111101000
1101100011111010
1110110110111011
0011111110111101
1110101111101000
1111110010010011
1110101101110111
1101111010110111
0111110111100111
1110111011110101
0111101110001111
1010101011110010
1111111100111011
1101110101101110
1011011110001111
1101110101111010
1101010101101101
0011010011011110
0011111111011011
0010110111101011
1011111101101001
1111010111001111
1010100111111100
1011011011111101
1111110001110011
0000010111111111
1001011110010111
1000100111111010
1111001110101111
1001010111110111
0010111111001111
0000101101111111
1010101011101101
1111100010111010
1010011111101110
1100111010011011
1011101111110001
0111111110100101
1110110010101101
1100101111111001
1111110100101111
1001110110010111
1010101111101010
0010111111111010
0000101111110011
1101111111011110
1011110110100111
1010001110111101
1100110110101110
0000110101101111
1111111111000110
0001110111101011
1011110111110010
0110110111001110
1000110011010011
1000110110111111
1100111011011101
1001100011111011
1111111111100010
1110100001111101
1101011011001111
1111101101101111
0010011101101111
1100110001111111
1111010101010111
0111111111010010
0100010110101111
0110111010100110
1101100111101111
0110111011011010
1111110101100011
1100011110111101
1110111101011111
1100101111101100
0111010111111101
1111111111100100
1110111100111101
0111101100111111
1111101110111100
0101110011110111
1000011101101111
0110111110101010