1111101011101110
0110011000111111
0011111101110111
0011111111101001
0111111101011000
0101011110111110
0010110011111011
1110110001101111
0111000111101111
0011011101111011
1011111111000111
1100111010111101
1001111111111111
1010111111100011
1101011110001111
1111101000111111
0110111101111000
1100111101101010
1110100111001100
0101111111111000
1111111100100011
0100111111011110
1110111010011001
0110100101111111
0011011011111011
1111110011011011
1110010110111110
1111111001001011
0110111100101011
0111101100101100
0011011101011111
1101110010111101
0110111011111010
1010101111011100
1101011101110111
1101110100111001
1110010111100111
1011011110011111
1011111110111110
1011111011110011
0111111011100111
1011011110100111
1111001111100111
0101111100101111
1111111111110110
0110011101011110
0011011111111110
0111011001011011
1101110110101111
1111111110011100
0111111001111001
1010011111110011
1101110101100111
1100011111111010
1011001101111111
1111100110111100
1100001111011111
1101100111111110
1110110110100001
1111101111111011
0101101111100111
1011110111001110
0111110111001011
0010001110111111
1010001011011111
1110101100001110
0010111010011101
1111011101001010
1111110000111001
1111100001110111
1111101101100101
0011111001111101
1110111011100111
1010010111011011
0011111101111001
0111001110110111
1110011011110011
1111111001000101
0010101111011101
1110011110000011
1110110011011101
1111100110101111
1011110100011101
0101111101100011
1010010110110111
1110111001111011
1101010110111111
1111111010110111
1101001110111111
1110001111011110
1110110100110101
0101111011111001
0011111001111110
0111111101001111
1011111101010011
1111010111011110
0111101100011111
0100111111110111
1100111111011010
0111011101101111
0111110011101101
1010101100100111
0110111011001111
1111010111101011
1110111101000011
1101101111111101
0110001010101111
0100101111101110
1101110111011111
1111010101111111
0011100111111101
1011110100111011
0111101101110111
1101111011010011
1101101001101111
1111011111111101
1011111110010011
1101111101101101
1110011110111010
1010110001110111
0011110111011001
0010110111111010
1100011011011011
1011111111100101
1010111111111001
1011110101001011
1100101011011110
1101001111101110
1011101111001101
1101000011111111
1101111101001011
0111110001111111
1011011101100111
0100111001111100
1010000111101110
1110101110001101
1110110011110011
0011111110110111
1101101110101111
1110110101111000
1101110001111101
0111110101011100
1010100101100111
1101011110011110
0101110111100011
0011100011111111
0100011111111111
1101011100101110
0010101111101101
1111110110010011
1011111001111010
0111110110111111
0111100111110101
0011011111110111
1011101001111101
1111111101110001
1111101001011111
0111011110011110
0101100111111111
0110101101111100
1011111011101111
0011011111101011
0110101110101101
1111101010001111
0111101010011101
0110101110010111