1110101101101011
0101111111111110
1111110011110101
1111111001110110
0010101111101111
0111011111111100
1011111101000110
0111111111100111
0110110010111011
1001011011101101
0110101011010111
1101111000110011
0110111001001011
1011011011010101
1101110011011010
1101110111010100
1100111111110001
1101111111110000
0110101001111101
1111001011100010
1011110011111001
0111101011101010
1110010101110101
0111010111101010
1010011001111110
0001101111111111
1101101111011010
0110111101010011
0110011110101111
1110010111111010
0110110110110111
1111011011100101
1101000001111111
0011010001011111
0001111010011011
1011110111011011
0011111100001111
0011110111110110
1100111110100010
1111011101111011
1100111111100101
1111011111110100
1101110011110111
0110111101011110
1111101011011100
1111100111011100
0110010111101111
1010110111001110
1001111110100010
1011010101111101
1101110111101111
1110101111011011
1010111111001011
0111010110010101
1111010001110111
1100101101011101
1010111000111110
1110111010110110
1111111011100001
1111001011010101
1101101001101001
1101110111111000
1000101111110110
1101011011101010
1011110100011111
1101101001111110
1111100011011110
1011110011001111
0111111101110101
1110010110101111
0111001101111110
1101011110011101
0100111011101111
1101001011101011
1011001111100101
1101101011110110
1110001111101010
1110111000001011
0011011111011101
1101011110110010
1110110101001110
1101101001100011
1101110110111111
1111110111001011
1111111100111101
1101111010111101
0110111111010001
1010011101100110
1010101111111101
1100111101111011
1100111110011111
1010111110100010
1111011111001111
0111100111010011
0110111111011000
0011111001011011
1010010110111011
1011011111010010
0111000101101111
1111111101111100
0100011011011011
1001111101111111
1011111001011101
0111011111010001
0111100011101011
0001111110001111
0010101111110110
1011110100110111
0110110001110111
1011011100101111
1110011111101101
0011101011101101
0111011110011011
0110111100101010
1110111110110100
1010111100010111
1100001111111111
1001111010100011
0101110101011111
0100010011111111
0111010010011111
1111001111010110
1111111110011110
1001111011110110
1011111011111100
0011110111101001
0010110111101011
1111010011101110
1011110010110111
0011101111111100
1110110110111110
1110001011011111
0111111011001010
1010111100101010
0011111110101101
0011110010111111
1110110111011011
1101111011001011
1101011111100110
1010110111111001
1111101111010100
1011110001100111
1101111110010101
1111000001011111
0110001011111111
1111101101100101
1110111011100110
1100100101111101
0110110101101111
1110011011110011
1111110101111011
0010100111110011
1001101011111011
1010111001110111
1111010011110110
1111110111011001
1011111111110001
1110111011111010
0011110101111101
0010011000111111
1001011011111001
1011110110100111
1110111101000011
1111110001011110
1101111111000111
1000101111001110
1111010010111010
1011110110111110
0111101101001111
1100011110111111
1111111111101100
0000111111001111
1000111010111110
0110111111101101
1111010011111101
1010111110110101
1111111110111001
1111111010010111
1111101110111111
0111001111101101
1011101111011011
1111110110110100
0100111111111101
0011001001101111
1000011111110111
1101010111011011
1100110111110011
1101110101110111
0111110011001110
1111111111001101
1111000111111000
1101111101111010
1011101101101001
1001001011110111
0011101101111110