0010111101110111
0011111100111110
0110111011011100
0111111110010101
1010110111011000
1111100110011101
1111111010011111
1001010111101111
1001110110011001
1001111011011101
1011011111111101
1011110001010111
1010111100111101
0111110101110010
0101101110100110
1011110011111001
1110010111111011
1111001110110111
1101101111011011
1010001111110111
1111110110000001
1101110011110100
0110111100110010
1011100111011011
1101110011011100
1101101111110001
0111111000111111
1110111000111100
1001111011010111
1101111011100001
1111111000110111
0111110101100111
1100111110111011
1001101110100100
0011110111010011
1111111010101111
1111100111100110
1010111111110011
1111011110101101
0100011111111000
1101000011111011
0011010011011010
0110011011011111
1011101010110011
1111101011111001
0111110111000011
1111011001110001
1101111011010001
0101110101111011
1110111111101111
0001110111110111
1101111101011110
1101010111010101
0111111010110000
1011110111001001
1111001111100100
0111101010110011
1100111101111111
0101010111101011
1110101110110111
0101111110111101
1101011101111001
0111101011010100
0001111110111111
1110001011111110
0111011101001111
0111110101101011
1101011110011100
0111101110111010
0011111110101011
0011111011100111
0111011111110111
1001111100110110
0011101011011111
0110111110110001
1001111110101011
1101110111100111
0011001011101010
1111011110001011
1001011111110110
1101101111001111
0111011101111010
0010011011111110
1011001111011010
0111110001110011
1110110110011110
1010110111110110
1011110011110011
0111110111111101
0011111011110010
1101010111011001
1011101111011001
1101000111011111
1011011101111110
0010101110111100
1111011110010011
1111110011101111
1110111110011010
1001100111110010
1011100111111001
1000111111011000
0011101111001110
1001011011001111
1001011010111111
1001011011110111
1101110111001110
1111111011001101
0101111111011110
1011100011010101
1111011111100011
1110111011110111
1101101110011100
1011111011100000
0111011010111011
0101110111110110
1110111111010111
1010011101111011
0101001111101111
1110100111110011
1011011110001111
0010101011111110
0001111101111000
0011101110001111
0111011011001011
1101011111010100
1010000111111110
1111101101111111
1001101011111110
1111110001011000
1101010010111110
1010110100011011
1101110101010111
0011101110100110
1001111011110101
1011110011010100
1111010111001111
1011110101011010
0011110101001111
1111110000111011
0110001011111101
0001111111110101
1111011011011001
1110011111011101
1011001111010110
1011111110110010
1101111001111111
1110110101011110
0101111100001011
1101011010110100
0011000111111010
0111111111001101
0001011011011011
1110110001111111
0111010101111011
1111011101011110
1111011010111010
1011110110011110
1111000111110001
1001110011111011
0110011101011011
0101101110101011
0101110011111111
1101010111110110
1111111101101110
1110110011111000
1101110010111010
1110110010111010
1100111011011110
0111011001111011
1101001010111101
1100110111011111
1111000010111100
1111110110110010
1101011011001110
1101101011101111
1011111011010000
1100011111110111
1010010111011111
1110011110111010
0111100011110011
0010011110111111
1010011011011110
1111110101101101
0000111111111010
1100100110111101
1100100111110100
0010110111011011
1011011101110011
0111000110011110
1011110001110101
0011100011111111
1001111110000111
0011000111011110
0011111111010010
0011111111011101
1111001011100110
1111011100111111