1100010110101111
1011111110010110
1011100111100100
0100111110011011
1011101110101110
1010111110010111
1110111011010110
1101011110010111
1101011011011110
1001011110011110
1111111000011110
1101011110101001
1011011111011100
1111110100100101
1000011111010110
1010101111000111
1110110111010111
1110101011001110
1101111010001010
0001100111111111
1011100110110100
1111001011011011
1001101011101011
1111101010111111
0001110110010111
0111101111011001
1110001111001111
1011110111000111
1110111101111111
1111010110111100
1011101011001011
1110111010111011
1110101011110000
0110101111011011
1010101111100110
1111111101010011
0111111111111110
1101110001110101
1111111100101110
1011001011111100
1001100111101110
1000100111101111
1100101110100110
0001111101001111
1111011010111110
1101111110001001
1011111001110010
1101101111110010
0110111010110101
0111111110100011
1101011111100101
1110111011001101
1111101100111110
1111011110110110
1110110010110101
0101100100010111
0001101011110111
1000001111111110
1111111110000101
1110110011101101
0011101111011111
1010111011111111
0110011111111111
1111000011111100
0111101100110101
1110110111111110
1101111100011010
1110011011011010
0011101101111111
1001110101101101
0000111111110011
1011110011101100
1001000111011101
1111101111011010
1111110111111011
1011001111101101
1000111110111110
1101101111111000
1100110010100111
1011111010111111
1111010011001111
1111111010110110
0010110111111101
1001111111110100
0101111010110101
1101111000100111
1010100110111111
1101011011001101
1111111001100100
1111110100110100
1111011101111111
0111111110011001
1101110110101110
1101110101111100
1110111010101101
1011011011011111
1011100101010100
0011100011110111
1111101111001100
1101101100011001
1010111111100100
1111111011010011
1001111101110111
1101001111110100
0000111111001011
1011111110100111
1111101101101111
1011010110011101
1100111111101101
0111010111111111
1011001110111111
0000101110111101
0011011111101111
1011111111111001
1001100111110101
0111001111111111
0011111011011111
0111110000111101
1011111100111111
0111101111100011
1101101111001011
0111111111101101
1011111101001100
1100101011011101
1101011111101110
1100111110110010
1111101001110011
1110111110001111
1100001110100011
1011111001101100
0011011111011101
1111110010001101
0101111001111101
1101100011000110
0111101100011011
0111111101111001
0111100111101111
0111011011000111
1011011110101110
1101100110011110
1110110011011111
1110001110111110
1001100001011110
1111111001111000
1100111111110100
1001111011111101
1110111011001011
1010010111110111
1011011111111011
1110011111111001