1011111100110111
1101111101110111
1000111101111111
1111111100011000
1011111111100011
0011111100111101
1111110101001011
0011111111101110
1010111101111010
0111110111000101
0111101111011010
1011111111011011
0110111101111110
0010111101001111
0111111111000110
1100101111011011
1111110111111110
1111101111001101
0101111110101111
1110111111110111
1111101111111000
1111111011111111
1111111100010010
1111110101011101
1011111110100100
1110110110111111
1010111100011111
1101111111100100
1011111111110000
1100111111111000
1000101110111110
1111100100101001
0001111111011100
0111110100111011
0111100101110001
1110111101001011
1111111110000110
0111101100110101
0101111110110110
1110111111101000
1111111100101010
1110111101101101
1111110110110111
1111111101101100
1011100101101111
1011110100111111
1101101111100110
1111111111100001
1101101100101110
0111101111010110
1100111100001111
1101110111111001
0101111101011011
1101101101111001
0101101111101110
1010111110111000
1011101110000111
1111101101011111
1011100110111001
0001111110111111
1110110101111111
0110111110111100
0111111111010010
0101110111101111
0110101110111010
1101100111011111
0000101111011110
0111111100001001
0111110101000111
1111101110000011
0011111110110111
1111011111111111
1010100111101101
0010111111101011
1101100100101111
1101110101011111