1000111101011111
1110101101101011
1010110111100110
0111101101011111
1111100111110111
1100110111101110
0101110011101111
1111111110011010
1001100011101111
1011100101111111
1111100100011101
0000111011011111
1111101110011001
1100111101001110
0000111111011011
0110110101111110
1110110101010111
1110101101110011
0111111101000101
1010110110110110
1110101010111110
1110110011001111
1111111110100111
1111100110111001
0101111111111000
1101101111101101
1001111010011011
0001111111000111
1111111011001101
1111101101110110
1011111001111111
1011101111000100
0111110011111100
1000111111111101
1110111110001100
1001111100101100
0101101011110111
0011111111001011
0101101111111101
1101110101101110
1101100110111110
1111101010110011
0110111011111010
1111100000111111
1100101111011011
0110101111110010
0111111101010010
1010110101110011
1111110110101100
0110111001100111
1110111111000100
1011111011110011
0110100111001111
1001111110111010
0110100111111011
1001110111110111
1110101101111000
0100110111111110
1000110011111111
1101111110010110
1110111010110011
1011101011101011
1101111001100100
1111111100101001
1110110111111101
0111110111101101
1010111100110101
1011110101110001
0111111011100010
1101111101000111
0101111111101110
1011110110111011
1100101011111111
1110111101010110
1111110011111011
1101101111101011
0010101111111111
1110110111000111
1111111110101010
1001110111101101
1000111111001111
1101101101111111
1011110110011101
1010101011110101
1000101111101111
0111111110111111
1110111001100101
1010100110111110
1010111101010111
1000110111101111
0100111111110111
1011111110011110
1111111010101101
1011101011011011
0011111101111111
1111101100101111
1110111011011110
1100111111000110
1111111011111001
1010101110111010
1011111101101010
1010100110011111
1011111101110110
1110100011011111
1111111101101000
0011111011001111
1101110001111111
1001100110111101
1101110111110001
1010110111010010
0011110111100110
1110111000010111
0101101111101111
1010101011111010
1101111111001011
1101101110111011
0111110111110001
0110111011101011
0111101111001001
1111101111010011
1111011111111111
0111110111011001
0101110111010111
1100110101110111
1100101110101110
1111110011110111
1111101111011000
1110101111011001
1011101111110010
1001110111111110
1010101101110111
1111101111110000
1011111110001011
1110110110011110
1101110111011010
1111110001101111
1101101010110111
1111101000111101