1110100111001111
0110110111011110
1111101001101111
1111011100010010
0101110110100111
0011010111111001
1010001100111011
1111000001111111
0101111111010011
0111111111011001
1011011011101011
0011101010001111
1110111101110011
0011110111101100
0011110110110001
1111101101001011
0111000010110111
1111110111010111
0011010110101101
1011111111100011
0110011001101111
1001111110101111
0111010100111110
0101000011111111
0111001100111011
1111110101001011
1011011101111000
0011101110011101
1111110101110010
1111110101111100
0111111010111010
1011110000100111
1111101100011011
1101111110110011
1111101111111110
1010111001111111
0111111101100101
1100111110111110
1110111001010111
0111110101110011
1110011110100110
0100111101111110
1101011111111001
0111011111100111
1101110110110110
0001111111110110
1101111000111111
1010000111111111
1110111110011111
0111011101110111
1011100010101101
1011110010011101
1011110101111101
0011001111110011
1000111111101100
1101111101111101
0011011011010111
0101110111111110
1111101011001011
1111011111000111
1111100001110101
1010111111011000
1101001111110011
0110111111111101
1111101111100111
0111111010010111
0011010111101010
1011011010111011
1110110101110111
0111111101011111
0100101001111011
1101101110011011
1001101111110011
1101101011111101
1011111011111110
1111110100011001
1110110101011111
1101110110011100
1111011111101001
1011110110111010
1101111100011011
1111101100111001
1110111101010110
0111101011111101
1100101110111101
1010111101101111
0001101010011111
1111011011111101
0111110000101001
0111110110011100
0011101101111111
1011100010110111
1011011110110010
1010011111110100
1111100101111001
0001001111101101
1101100010111111
1010011101110101
1101111111100110
1001011111111011
1001010111011111
1011111111001011
1010011111101111
1110101011011111
1110010011110110
1011111110000111
1011101110111001
0010111110101111
0111011011111010
0101110001111111
1011010011111111
1111011010011010
0110111111110110
0110011010110111
1100100111110001
0000101111001111
0111111011011011
1010100110101011
1011011110011101
1101011111010110
1000111110111001
1001111010111101
1010101111110111
1111111101110100
1111010111110001
0011110110101110
1100110111011111
1110101111001101
0101111100110111
1001100011111011
0101111110001011
1110100110110101
1101011110111111
1110011111110011
1011011110111000
1011111101011111
0111111111110100
1100011111110111
1100110101101010
0111000011011111
1111011111100010
1111001111101011
1101111011110111
1010010110111101
0001110011101011
1011000111101111
1010011011011111
0011010101101011
1111101101011101
1111110111100011
0011110010101101
1011111110010001
1111111011101110
0111110100101010
1111110000110101
0011000111110111
1101100101111011
1011010100101111
1110011001100111
1011111001111011
0010110110111011
1010111101111110
1111111111001110
1011000100111011
1111111111000011
1001110111111110
0101011111111110
0010111111011110
1001101101111111
0110110111110011
1111110010011011
0110111110101011
1101010001111111
1100111010111111
0101010111101111
0111011010111110
1101111101010110
0101101111110111
1010111110101100
1010111011101111
1011110111101001