0111110111011110
0001011111011111
0111110110100011
1010110111100111
1010111011011111
0111010110011111
1110110101101011
0101111101010011
0111011101111101
1111111010011111
0001111101011011
1000111111100111
0011110011111001
0111111110110101
1111101100111011
1111010110010110
0111011111101011
1010010111111110
0110111111011111
1101011011010011
1110011111101110
1011111100110011
1111111111001011
1111101111111110
0111110001110111
1111111101111110
1100111110111111
1101001110101011
0110101101111001
1100001101111011
0001110011111111
1100100101110111
0110010101111111
1111110110111101
0010111111111101
0011111111101100
0110011101110111
1100111111111110
1101011110101110
1111010001110011
1011111101101001
0100001111100111
1101111100011001
1001010011111111
0110111111111100
1111001110010111
1111111100101001
0101011111101110
0001111111101010
0111101101010111
1111110001111101
1110100111101011
0111110101100111
0010110011110011
1101111110001111
1111011101101101
1101110011011111
1110111111110110
1011011111011110
1001110110011111
0110111100111101
1110111111010011
1111000111101011
1001111110101101
1100110111101111
1111100110000111
0000111011110111
1111011111111001
0011111111000101
1101011110111010
0011111101111001
1110011111011111
1010111111111100
1101110111111110
1100111011111101
1100011101101011
1011010111100010
0010111110101110
0010111100101111
0111010111100111
0011110100111011
0110111110100111
0111011111011010
1101110010111011
0001010100110111
0111011010110111
1011010011111010
0110110101101101
1110111100110111
0111111100100111
0110011111111011
0101110101101101
1101101111111101
1111111101110101
1110110111011111
1010111101110111
0111010101011011
1110011110110101
0011011110010011
1001111110100111
1111111011011101
0101011110101111
1111101101101111
1011011011110101
0011011111101111
1011010101101111
0110001110101101
1011101111111111
1110000101111111
1011111100111101
1101111110110010
0110101111100011
0011110111001111
1111111011101111
1111111110100010
0111110101011101
1110110111101001
1101011110011111
0110110011111010
1111111111001110
1101100111010011
1101110101011111
1011111010110111
0100101111101011
1111101011111111
1010010111101011
1110111110010101
1101111111110101
1110111110111011
0101111100110011
1100111111011101