1111110010111100
1101101101101111
1111110111101010
1011010001101111
1101101110111101
1110111010011110
0110011111111100
0100111101011101
0101110011110101
1111001101101110
1111101100011111
0111110101111110
0001011111111111
1110011011100011
1001010001111011
1111011110111101
1100011111000110
0110001110111011
0101011101101110
0100111111111001
1111101011101101
1011011111111101
0001110111011110
0101111011101111
1101101011111010
1110110111010100
1010111100111100
1011110011111000
0111101011101010
0001110011111110
1111111101011100
1100011001011011
1001011010011111
0011111111100010
1011110101110011
1101101111110010
1101111011111001
1111110001100111
1111001011101111
0011110011111100
1011011111110010
1011011001110110
1100111111100101
0100101111100111
1011111100110110
0101110010111011
1101110110010011
1010111100110111
1001111011101111
0111111110111001
1101010111010110
1110111001100110
1110110101111011
0111101111001110
1100110101111110
0111110101101111
1001111100111100
0111110111110100
1000111111001101
1111010101111100
1010111000111111
1111101011011101
1111010101001011
1011111011101000
1100101111011101
1101001111110110
0010111101111111
1000111110011111
1010111011010111
1100001110111010
1110101001100111
1011110011110100
1111111101110101
0011011011101011
1011111111010101
1011111101011110
0110111111011100
0111011111110111
0100011111111101
0011011110111110
1100001111101111
1111101011110011
1111110011110010
0101001111101001
0110010110111010
0011110001011011
1111100111111111
1111001111011111
1100111000011111
1111010111110101
1111111011001011
1111010101111010
0101010111101111
0111011111011100
0101110110011100
0001111110111010
1000111111011110
0110111101111011
1111101001101110
1011010110111011
0011111011100011
0011110111101100
1110010011111001
0010110111101111
1010110001111110
1101111001101110
1100111111010100
1110110001110110
1100111001101111
1100001111111000
1011111111011001
0110110111100110
1010111011111011
0101101011110110
1110110000111101
0011110011011101
1011011111000111
1111110111000011
1110111110110101
0110101011111001
1001110111110111
1110111010111100
1101101010111110
1010111101101001
1111011011001101
1011111111011100
0110111111011011
0100110011111010
1011011110011011
0110111011101100
1011110000111010
0100111111110100
0101110111100001
1010011111101111
1111101111000111
1010111101001011
1110111110010111
0111101100111100
0010111111111011
1111111111011010
0111111000010111
0001111101111110
1101110101111100
0100101001111110
1101010101101110
0101111011011011
1111001010111110
0100111101101111
1111101101111011
1011110111010111
1100011101001111
1100111101010011
0111101110010111
1111111110101111
1101111101101101
1101110011101110
1101011010111010
1100110111000111
1001010111011011
1111110000011111
1100101011011111
1100111011110111
1011101111111111
0101110010110110
1111101111110101
1001111111000110
1010011011011111
1110110111101101
1101010111111100
0100101110011110
1001111110011011
0110111011011111
1111110101111001
1111111001001101
1111010010110011
0011111101100011
1111011100111111
1111101000111101
1010011111111011
1111110000110110
0011111001110110