0101111000011111
1101001110010101
1111011111110110
0111111111111011
0011111111001111
1001111111011110
1101110100111100
1001110011001111
1001110100111011
1111100110011101
0111010100011111
1111011011100001
1111011011101100
1010110101011111
1110101111111100
1010110111111011
1001111110101110
1100101110111110
1101000110101110
1101011011111111
1111010010101101
1110111001101110
0111010111110111
1111111100100011
0001111011111111
1010111010101110
0011111100011110
1011100111111101
0010111111101111
1011110001010111
1101000111001011
1011110101010011
1101011111101101
0011011011011111
0110111000101111
1001111111111101
1010011001111111
1001111101011011
1111111000110001
1110111110011111
1101111110001001
1111011010000011
1111101101111111
1111111101001111
1110111111110111
1011011010100011
0001010101011111
1101000111111010
1010001110101111
1011111111110101
0111101110110111
1011010101111110
1011110110001011
1110010011101111
1101111001010101
0011111001111111
1111011101111011
1100111011101111
1111111101100001
0111111111111101
1011110110101101
0100111011011110
0100111010111111
0000010111111110
0111011001111110
1101111100110011
1001011110010111
1110011111101011
1111101010101010
1111010001111111
1101111110111010
1111001111100011
1101101011111110
1111110110100111
0011111111100111
1111011011011010
0101011101010111
1100110010111101
1111111111011100
1111100011110011
1101111111100111
1100110110101100
1010011101101111
1011101111001001
0011111100101110
0010111111011111
1110100110101111
1011111000111111
1101110111011101
1111001110101101
1011110110111001
0101101011111111
0110111111001111
1011101011101110
1110110011111001
1011110111101010
1010110001101111
0011101010111110
1011111010110010
1100111101111111
0111101111101111
1110001010111110
1011110100011111
1111110111011110
0111111010110111
1101101110001111
0101011110101110
1001011110110011
1011001110111110
1001110010101011
1101110010101100
1111111101110110
1111010111000101
0101011110010111
1111111000010111
1101101110111011
0011110110111111
0011101011011110
1010011011011110
1110101011111101
0011110101110111
1001111100101011
1111110111100011
1100011110111101
1011011100111111
1111011010010001
1011111010011110
1111100011010111
1111111111111000
1010111101111110
0111010010101110
1110111111001110
1001111101101110
1010001111011011
0101100111111111
1010110011111100
1111011100111110
1110110101111010
1010110101101101
1111001110011010