1110101101101011
1000111111111001
1101001100101111
1000011101101011
0111011110111011
1101100011011111
1100111010010111
1100101111001110
1101001110000011
1010111111101101
0111111001111100
1110101001110111
0111111001110010
1100011110110111
0111100100100111
1111100100111101
1111111101010000
1101011011111010
0111110100101110
1101101010101111
1101100111101110
1111101011100011
1010110101111111
0110110101111101
0101111011101111
1110101100011011
1101110111010101
1101111010010100
1111110111010100
0110111001110001
1011001111111001
1110011010010111
1001100111101111
1111011011111000
1101001110110010
0111111101010011
1111011000111110
1101001101100011
1101011101100101
1001101111110111
0111011011010001
1110111100110110
0111110001011101
0111011101011110
0111101011011001
0111010101001111
1110010001111111
1100111111000011
0111111100111101
1100011111001111
1111011111000101
0010010111110111
1010100111110101
0110101111110110
1111011000100111
1111010111011101
1110011101011110
1111110111111011
1110111011011001
1110101000101101
1100111001111101
1011111100111011
1010110110011111
1110111001011111
1101001100111110
1111001001110111
1100111111011010
0111001110110100
1101001110011101
0011011000111111
0111011010010101
1011111100000111
1010101010011101
1101011111010110
1111001111100100
1101101001111110
1101110111011110
0100011011011101
1111101011111010
0111101110100110
1011111011101011
0110111110011011
0111111101110100
1110011101111000
1101111110101110
1011111110010011
0100111110010101
0110111110110010
1101000011111111
0111101111100010
0111111111101100
1110111110111001
0111111011011010
0111101001111111
1101111010001111
1001111011100111
1110101110111110
0111100111011111
0011100100101111
1111100001111111
1110111111100101
1000011011111101
1111100111001101
1111111100110011
0111110000111110
1100011101010111
1011001111011011
0111000010111111
1011111101111101
1111010110011110
1111011111001110
0101111001111110
1111110001110101
1111100111110110
1111100010010111
0011000111111111
0110111011111110
0111011101001011
0101011100111111
1001111011110011
1111110110100110
1110101001101110
1111010101101101
1101111000010111
1111101011001111
0111011111010000
1101011101000111
0111101101111110
0101111101001011
1000011011110111
1000011101110111
1111011101110100
0001111011111111
1111111110000001
0101101111010111
1110011001101101
0111111010111010
0101111111011110
0101111001010101
1101111011001101
0101001101110111
1011010110111111
1011010111111101
0111010111110101
1100011111111000
0011111111111101
0100011011110111
1101001101010011
1101111001111001
1011001111010101
0100101101111111
1011110010110111
1110110111001110
0110110101010110
1110111001101010
1111001010011001
1111111100101000
1110101101100111
1101110110110101
1110110111111100
1100011101011001
1100011001100111
1111110010101111
0111111011100010
0101111101100001
1111000111110111
1100111101110000
0011101111000111
1111001000101111
1111110111000111
1110001111111111
1110011011110010
1100110111111111
1111111001000100
1001111110111111
1011001110101011
1011101011110101
1101010110111111
0111100111101110
1001010111111111
1111010110101100
1101011010011111
0110011110111101
1101100100011111
1011111111111110
1110110011100110
1111011011101011
1101101100011000
1110100011011111
0011111101100111
0111001111011011
1110011011011110
0100111001111011
0111111000011111
0101111100011111
1000011111110101
1101110011111110
0011111001011111
1110111010101010
1101111001110110
0110111111101111
0101101111101111
0111001011010110
1010011001101111
1100101010011101
1000011111010011
1101101110010100
1110011001100110
1101001010110101
1011111010000111
1110101010111011
0100111111110010
0111011111101110
1111110000011100
0110100111110101
0011010011010111
1100101111111011
1011101001110011
1110111110010100
1110110101010101
1101001111001001
0111001010110111