0111110111011111
0011111110111110
0001011111011111
1001111111011110
1110100110111111
0111101111011111
0111100000111111
1111010101101101
1000111011110011
0111100011110111
1101111101110110
1111101111110011
0101011110011101
1100000101111111
1001111010111010
1011010001110101
1101101110111111
1111101110111011
0110111110110101
1011110100101101
1111101111010110
0111111100110100
1011001111111111
1100010111011111
0110010111110111
1110010101101111
1100110111001111
0111011011110100
1111110101110010
1110100111101110
0010111111101111
1110011111101110
1110111111111100
0101011101110101
0111010111101010
0111001111101111
1010011111111110
1101011110110100
0111010101111111
1111010110100100
1111001101111010
0010110011111111
0110111010110111
0000011110110111
1011111011111100
1101110111010111
1010111111110101
1111010111001111
1010101010110111
1111100001110100
1110111111101011
0101101111111111
0011111001111111
0101010110111110
1111001110010111
1100011111111110
1111101101100110
1111111100101000
0011111111001100
1100110011110110
1101011101110001
1010101100101101
0110001111110110
1110110111111101
1110110101110111
1010011000111111
1001111100111000
1101010111101111
1110000111110110
1111111011110010
1111101010011111
0100110110111111
1111010001111110
1011110011010111
1011011000111101
1111101111010101
1010101101100111
0001111110000111
0000111011110111
1111110110001111
1111010111011100
1110110001111111
0001111010111111
1001110111101101
1001010111011111
1111100111100110
1011111111110010
1111100111011111
1010111011110110
1001111111101001
0101110011111110
0111101110111101
1010111110000110
1011100111110110
1110111000110111
1110011101111110
0101111110110000
1111111111011011
0011010010110111
1110101010110101
0111101111110101
1111001111111000
1100110011110011
1111111011011110
1101110001110111
1001011101111000
0101110111100111
0111011101110100
0010100111111110
0111101111101101
1101101111111101
1111111011111001
0111100111111011
0111111000111101
1101111010011111
1110011110110101
0011111101100110
0010111011011111
0110101111101110
1011011000110111
1111110001111010
0110010011111110
1101111011011101
1111100110110101
1110101101101110
1001011110111101
1100001011010111
1101100111110111
1111011110111010
0011011111101111
0111110101101010
1110001001111111
1011011011011101
1011111000111010
0111111101101101
1010111100111110
0110111101101110
1111000101111110
0101011101111100
1101110100100101
1001111001110101
1110111111010101
1011100101100111
0111000011111110
1111111011101111
1111111101011111
1111011101110000
0111101111111010
0011101011110110
1100011111110101
0111001100111110
1010011110010111
1010111111111010
1111111100110011
0111100110110110
1111001101101111
1011110101111011
1000111110111101
1101101111111011
1100111101111011
1111010010111110
1111011110100011
0111110001110011
1011101110001101
1010101001111101
0011100111110111
1001100011111111
1011011010011111
1111100111111000
0111110111111101
1011110111011101
1011110111101001