1110101111101011
0010111110111110
1101110010110111
1100101111101111
1110100110111111
1111110011110100
1001110011110111
1010110110101110
1111101111111100
1111101011110110
1101111110011101
1011111110101010
1011110111011111
1011110110110110
0110110011010111
1110110011110110
1001001111110101
0011111011110100
0111101111111110
1110101111010010
1110011111010111
1100111011001101
0110111010111010
0001111011011100
1001101011111101
1111111101111111
1111110010011110
1110111110110100
1110111110001100
0100101111111101
0101101011110111
1011100110110111
0010101111110101
1010111111011011
1110110011001101
1110001110011110
1011011011001100
0010101011111111
0101000111110111
1101010010111111
0110101010111111
0011011111001101
0101110111001101
0110110010111111
1000110011111111
1111111010110011
1011101111101110
1011101011101011
1100011111111111
0110011110001111
1111111011011010
1111100111101010
1011111110111101
0100110110111111
1010111011001101
1111110111011010
1101101111011111
0110110011011110
1110110011111011
1101111011101100
0001110111111111
1110111110101011
1010101110011111
0110111111101011
0110110110111101
1111010011110111
1111110111011001
0110110111110101
0101011111011111
1111101111011001
1001110111101110
0111111111001110
1110110110110001
1111011111111011
0111110011101101
1101110011111101
1111111010101100
1010100011101101
0111101111101111
1101111111111011
0111100011010011
1101111110101111
1111111111011000
1110111011101100
1011101010101111
0110010111111110
1111111111100111
1110110111110100
0111010111001101
1101110011111110
0011010111111101
0111111011011001
1111110011101011
0111011011111101
1110001011111111
1111001110001111
1101011111011110
1011111011001011
1110101011011011
1011011111010110
1000111010111111
1110010110011101
0111100110011101
1010111011011100
1110000111001111
0011101111010101
1111100011101110
0111111111010001
1001011111011111
1011101011111001
1110010111110101
1010110011111100
0111111110110111
0111111011110000
0011110010101110
1111000110101101