1111111110100001
1110101111101011
0111001111101010
1011110110101111
1010111011011111
0110101111111001
0011111111101001
1011010110111010
0101101010111111
1101101101110101
1011111001111001
1011111011111000
1011101111111010
1011011011101010
0101011101110111
1011111101101100
1101111110011101
0110101110101110
1110101011001111
1001111101111111
1110101100111011
0111011001101110
1111111101010000
1010011101001011
1111111101100100
1000101111011111
0111011101100101
0101111101111101
0011111101110101
1110011110111001
0111101001111110
1101110111110111
1101001101011111
1111011110100101
0111111111011111
1111111011101001
1011110101100110
0101101111111100
1011111000100110
0111111011111010
1101101110100111
1110111111011000
1111101110100011
1010011110001111
1010011111101010
1110111010011010
1111001101100110
1011101010011111
1110111101111001
1110111111110111
0110110101111011
0110101000111111
1111110001100110
1101101100011111
1111001001101111
1111111000111100
1001110111011111
1111001111001111
0101101101111110
0000111011111111
0100011111101111
1011111110011011
1110011011111111
1011011010111011
1111101000101111
1111110111111101
1000011110101110
1011111110111101
1111111101001010
1111101001010101
0011110110110110
0011111111100111
0101111010111100
1001111011101111
0111001011111110
1011111111011110
0011111100111111
0111011111100011
1101101110101100
1011011010110111
0110110101101111
0011010110111111
1011110011100010
0111111000110001
1111010111110011
1010111010111111
0101111111101101
1001111111110100
0000111111111110
1111101010001100
0111111101110110
0111001011111001
1110111110011100
1111111101001100
0100011101111110
0111101000110101
1100001100111101
1101111111111011
1100101101011111
1110110111111010
1111111011010011
0100111110111100
1110101011111011
1011110111010111
1110111111101101
0101011110101110
1111011111111100
1111011110010111
0111010111111110
1111011011010101
1110011110111010
1011010111011111
0011111010111110
1010111111111001
1101111110000111
0111111001101011
0111110100110111
1110101101011100
0010110011101111
1111110010111111
1101111010100111
1110101000111110
1011110001101011
1111100111111111
0101101100101111
1011101111111101
0011110101101011
0111011001110101
0011011011110011
1110110110101011
1100111011111100
1110111011001010
0110111100101111
1111001101110101
0100111010101110
0100111001111111