0111110111011111
0010111111110111
0011101110110011
1100011110010111
1111010111101101
1110110001101111
1000111011111101
1011010010111111
1111110110011110
0111100111110011
1010110101111011
1101111010110011
1001101101111101
1101000010011111
1111110111001010
1111011110111101
1101011110001111
1110101001110110
0100111101111101
0111111011110011
1011111110010101
1111001011011010
1010110100001111
1011000111010001
1110111101100101
1111100010110011
0011111111110000
0011111010001011
1110111110100111
0111101111011001
0110101111111111
1111110011101001
0111111101011011
1000111101111011
1111011111101110
1111101100011011
0110011111110000
0111111011100101
1011100101011110
0111110111111001
1010111110001110
1111101011110000
1001111111111100
1100111011101001
0010111111111101
1100101001110101
1111101110010011
1011000011111010
0001111011011011
0111101000111111
1100111101110010
1110111100011100
1101101100011111
1101111110010110
0011110011111101
1100111000111001
1101101111011001
1100111101011010
1110101010110001
1011100110110000
1100101000111111
1011111110011010
0101111101111001
1110100110111100
1010111100011110
1100001111011111
1011110100111100
1111110010010111
1111110101110110
0110111111100101
0011110010111111
1110010111111111
1111100011011011
0110111100111101
1111101001111011
1010111100011101
0111110011101011
1110110011111011
1111011011111100
1010100011111110
1111111101010111
0101111111001100
1011111110011001
1110110110010101
0001111111111101
1110110110101001
1001111110111111
1011111011110110
1010111001110111
1111010110111011
1111101001011101
0111101101110101
1101101111011100
0100110110101011
0010111101111011
1010101010110011
1010111111011100
1101011111110001
1111011101111111
1110100110110111
0111111110111110
0101111000101101
0011100111111110
0011111011011101
0001110101101110
0111110100111111
1110110111011110
1010011110101011
1100101101111010
1111101010011011
1000111111101111
1110110111111010
0100111010101011
1111111111100011
1111011011110111
1111101111101111
1111100101110011
1111111101101001
1101011010111011
0011011111101111
0101101111011111
1111001111011000
1111111110001101
1001110001110011
1001110111001111
1100101101110001
1111111111001000
1101111110110001
0100110101111111
1001111111000111
0111011111011111
1100111011011111
0011101110110101
1111111011101110
1101111001101011
1001010111111011
0101011011101111
1010111011101101
1010001111111111
0001111001111110
1110110010111111
0001101111110110
0011101011110111
0110111011011111
1011011110010110
1010110111110101
1110111110010110
1110111010011100
1011111100111000
1101110111111101
1100111011110011
0011111011011010
1111010110110111
0111100101111011
1011100101011011
1110101010010101
1111110100101100
1101101111010101
1011010011111101
0001111111100110
1111100010110101
1101101010110111
1110011111001111
1100111111010010
1001110001100111
1111100100111111
1010101000111110
0011111110110001