1100110001111011
1100011011011111
1100011111011010
0111011101110010
0001111011011111
1111111101111101
1001110111110010
0001111111011010
1101111000010110
1111011010110111
1101010001110011
0001111011111011
1001111001010110
1011011011110011
1111111001101111
0101011101101111
1001111101010010
0111111101011010
1110011010111100
1111011101101010
1011111110110111
1001010111100011
1111101111111111
0111111111100000
1111011111101101
1101111111001001
1110111011110110
0101110111001110
1110111001110011
1100010111111011
1000111111111101
1111111011101001
1111011101001111
1010011011111111
0101111101111011
1100110110110110
1101110011110101
0111110011101111
0101110101101110
1010111111110111
1111111110110101
0101010110111111
1001011111001110
1111110111111100
1000111111111011
1111110101110110
1110011111011101
0001111110011111
1111011111011100
0101010111011011
1001011111010101
0101111011000111
0110111111111111
1010111111011111
0101010101111111
1111011011110010
1001110111101101
0011010110111110
1101011010011101
0111111100011111
0111110111010101
1111010000111110
0111111011101101
1100010110111110
0111011011011111
1110111110010111
1110111111101111
1100110001110111
0111010011111101
1011111100011011
1111110111100010
1111011110011011
0111111011011011
1001110110111101
0101011011111110
0001011110111110
0001111111010110
1001011101011110
1011110100011110
1111110011100101
1110010100011111
1111110001111010
1111110110110010
0011110110011010
1111111110101111
1001111010111111
1011111111001101
1101010110111010
0101011111111101
1011011101100110
1001110101011111
1101110000111111
0011111010111000
1110011001111011
0101111101110111
1110110110011101
0001111011101110
0111110011111010
1001110111000011
1010111101111110
0101111011010101
1111111101000110
1100111111110101
1110010011110001
1111010011000110
0111111000110110
0011011111101011
1100111010111111
1100111011011001
0111011111010011
0101111001111111
1011110010111111
1001111110011001