1111110011101110
1110111111111111
1001111011110001
1011111111101101
1101111111101010
0101110111011101
1101011111000110
1111111100100011
1101111010110111
1111111111110010
0101110010111111
1111101111111111
1111111101111110
1011010100111011
0101010101101111
0101011001100011
1101110100111001
1001111011110110
1011011110011111
1001110111110111
1011110011111011
1011111101110101
1111111110011100
0111110110101011
1001011100111111
1111111000110111
0111111001100101
1011111001110111
0111010101111011
0111110111010101
0001011111101110
0011010111110111
1101110111111110
1111111001111001
1111110010100011
1111111011111010
0011110100111011
1111111110010111
0101111101101101
0011111111111010
1011010011111111
1111111011011111
0101110100101111
1001110011111111
1011010101100111
1101110100100111
0111111110011010
1101011000111111
1011111110011101
1111110110001011
1011011101000111
1111011111111101
0011110110001110
0001111110101110
0111010001100111
0001111101011111
0101111011101100
1001111010111110
0101010101010111
1111110111010011
1011111011100011
0011111100110111
1001111111011101
1111110101001111
1001011111110111
1011110111110101
0111110110001101
0111111111010001
0111110001111101
0111011110011111
1101111110011111