1111111110100000
1111100110111111
1110010111101101
1011011111111111
1110111010011111
1111101111111100
0101110011110101
1111111101110010
1111111000010011
1111101111010111
0111110111111110
1101111101010100
1100011110110111
0111111100110100
1101111011101111
0101101111110001
1101111110100110
1101101110101010
1111111001101110
0111101111011001
1000100111111101
1001110011110101
1110101000101011
0111101101100110
0101010111110111
1101111100111010
0101110111001111
1111110010011110
1010101011111101
1101111001011000
1110111111010110
1101111110100001
1101011101110110
1011111111011111
0011111101111101
1001101011111110
1101010010111111
1011110111111100
1011111110111111
1111111010111101
0001111111101111
1111011011111110
0001101111111001
1101110110101011
1100010111101111
0101110010111011
0111110111001011
0111111111001101
0110111111111111
0111101010100110
0111011111101100
0111100111101101
1010100111101111
1101110011110000
1101100111110011
0111111100011111
1110111011011001
1101111100001101
1110101101011011
1001110011111001
1111011111011111
0111111111010111
1011111001110100
0111010110101111
1101111110001110
1110111110111101
1001111101110100
0101101101111011
1101011110111001
1100111111011111
0111011010110111
1110100011011101
1101110111000100
1001111111101101
1111101101111001
1110111101110100
0111111011101001
1100111101111110
1011101111110101
1111011101100111
0111101001101111
1000111111101111
1111110011100101
0111101101001110
1111001111111111
1111110110110010
1100100011110111
1100100111110110
1111111101101001
0101101100101101
1110111011011100
1111110101111111
1011100011101111
1110111111111010
1111111100111000
0011110011101111
0111111001110110
1101011001110001
1011101101101110
1110110010111111
0011111111110101
1111101001110111
1011101111110011
0011100011111111
1110110111010001
0111111110101011
1101110011010101
1110111111100111