0110011000111111
1111011101110110
0110101101011110
1011011101111111
1111101001101111
1110100110111110
1110010111100011
1000111111111001
0100011111110111
1111001111101101
1101111100111111
0010111101010101
0011100110110111
1110110101010110
1100111110111000
0111011011010100
1011011010011001
1111110111101001
0101000011111111
1111000100101111
0011110110010111
0111101011011100
0101100101101111
1010100111100111
1011011010111110
1111100100011111
1111101100011010
1110010011111111
0111111010000101
1110010111000111
1110101000011111
1101101110011100
1010110111011001
0101011101110101
1101010111111010
0101010101101111
1101011111111001
0111111011111011
1011111001011011
1111110001000111
1111001011011101
1111011110011000
1101101010101101
1101011111010101
1111101110010011
1101001101100011
1101111001111010
1101101111110001
0111100101110111
1111111110110110
1001001010101111
0011100110101111
1100111110101101
1011111111011100
0011001111011010
0011100111111011
1001101111111100
1110111001011110
1110111001110101
0011101000111111
1101100011010110
1011101101001111
1101111111001101
1111111011110011
0110101101101111
0011111111100111
1001101101101001
1001101101011101
1011101110100101
1110100001111100
0101101011011111
1101100111111100
1011111111110011
1111011101011111
1100110111111111
1111110101111011
1011001010110101
1111010110000111
1110100111011111
0001110111010111
1101011110100111
1011111001110100
1011101110111001
1110111100010111
1110111111000011
1111111110001011
1010101011110101
1101110001010111
1110111011111011
1001100111011001
0111100001011111
1101101010111011
1111010111111101
1111111111101110
1100111101011111
1100111101100101
0110111100011101
0011101111111101
0110111111001011
0110101111010110
0111111110111110
1011011111101001
1010111111111110
0110011111111011
1011001010001111
1100111111000111
1000101111110111
1111001010111110
0010101010111111
1011100110011111
0111010111011111
1010110111001011
1001010011110111
0101110111111001
0101111001000111
1011110001101101
1010110110111111
0111111101110100
0101011011011101
1001111110011101
1110011111111101
1010001010010111
1001100011000111
1010001111001111
1011010111011110
1111110011101011
0111001101111111
0101101111011110
0011111001011110
1000101111111011
0111100011111101
0001111101011110
1011101011111011
0111001011010111
0110101011110101
0010011110111111
0001100001111111
1101010110010111
1011111001010110
0101111110111111
1111110010111111
0101111101110110
1101011101111010
0111110011100111
0110111011011111
0101011111100101
1110011001100111
1001000110111110
0111101111100111
1111011011101101
1101111010111110
1101110101011110
1101000111110111
0110111110110111
1101011101101101
1011100101111110
1110111001001111
1101111001011101
0011011010001111
0110101011101111
1110111100100101
0101101111110111
1101011011111100