1111111110100000
0010111101110110
1101111011101101
1001111010011001
0111001011101111
0011010011111100
1000111111100101
1111010111101101
0111100011110110
1011000101110111
1010110111011111
1111110111010111
1111111000111001
1110011111001101
1101011110001111
0110010101001111
1101111011101110
1111101000111110
1111011111110001
1110011011111010
1111111111001011
1000101110111011
0111011010011111
0111110101111100
1011011111100100
0111101111111101
1010011111111110
1101110010001111
1001111011011110
1000001111111101
0010111011110110
1000110111101001
1011110010101111
0111111101010010
0001101111101111
0101111011010011
1101100110101111
1111011011100101
0100111110101001
1000111011011101
0011000100111111
1111011101111011
1100100111111111
0100001111001111
1001011111111000
1001101010010111
1101000111001111
1011101101001111
0101111110101010
1100001110111101
1010000010111011
0111111100110011
1000011010011111
0101111111110100
1101011111110011
1111001111111110
0111110000001111
1110111100010111
0100101111100011
0101111111101100
1110111001111011
1111101011011101
1111001011101011
1011010110110111
1011100111001110
1101111011010000
0100011110101101
1110111010110111
1011100110111110
0111100111011011
1111101111101101
0111010010111010
1101110110111011
1011100001100111
1111111101001101
1101101111111110
1110111011000100
1010000111100111
1011010110011101
1010011110110111
1101100111110111
0111111011011001
1010001100111111
0101010111111011
0011111010100101
0111111010100110
0011010011101111
1011100011110110
0101101110011111
1011101101011110
0011000010111011
0011110111100100
1111111000010101
1111000101111101
1010101111110011
1101110111011011
1100010111111111
0101111111100101
1001100111011111
1011111101111101
0111110000100111
0110111111110100
0001111110111011
0110101110010111
0111110001011011
1011111010101100
1001101110011011
0011011010101101
0110110111100101
0110011101111101
1110101001101111
1111000110001111
0101100110111111
0111111101100110
1011111111000111
0010001011111111
0111101000011111
1111100110111000
1110111001101110
1011111101111010
1110011001101101
0111101101100111
1110100101101011
0111111100101011
1111111100111010
0011110100110110
0100110111001111
1001011111101111
1111001101000111
0111010111110101
1100110110110111
0011110111101011
1111111101111000
1110111110110110
1101011010110110
1111000110011011
1011110101011011
1111011100110111
0110111101110010
0111100101011111
0111011111010101
1111011010111000
1111110111110011
0011100001111011
0001010111111111
1011111110110011
0111101110000111
1110101011110100
1111101101011011
1110110111111110
1111011110000111
1110111111010011
0101011110101011
1110011111111000
1101101011101011
0111010001111111
1001111111001110
1011101111110001
0110000010111011
0011111111011111
1011001110101011
1011101011110101
0000110110111111
1011010110101011
0110011111011011
1111101001111001
1111001011110111
1010101010111101
1111011101111110
1111011001010111
0111101011111010
1011010011111010
1110111110011100
1110110011100111
1001111110111000
0001011110111110
1100101010011011
1110101101011111
1111011010100011
1101111101111111
1111011011001111
1110101011000111
0101111011111110
0001101011111011
1110010101100111
0110110000111101
0100111111011001
0110110110001111
0111011011110011
0101110010110111
0110011111110111
0110111010001111
1011011111010111
1111101001111100
1100101011110111
0100011011101111
1010011010011101
1111100100111001
1011001100011111
0010111010111001
0111111100101101
1101011111101010
1011110110011000
1011101010010110
1110110110101011
0001110111101110
1010000101111111
0111101011101110
1101001111111011