1001001110111111
0011101110111100
1111101001110101
1111100110011101
1111101111110001
0111101111100101
1011101111000101
1110111101111110
1110111111111101
1011101011111111
0101101110111001
1110101011110111
0111111011111100
1101110101101100
1111100101110101
1111010010101100
1011111010101111
0011111010111101
1010010111010111
0011110110111110
0111100100111001
1010111101111011
1011110011011101
1110101111111110
0011110110111101
0110111100110111
1111010111111011
1110111111010110
1111110000111100
0110111111111110
1111111100101111
1010011001111111
1011100101101011
0011111101110011
1011000111111110
0101110101101110
0101101110101101
0111101010111111
1011001111101001
1111001001101110
1011100111110010
1111111110010011
1010110010110111
1111110010110101
0111011111010101
1101011100111101
1010000111011111
1101101101101100
1011001110110111
0111101111010011
1111110011100011
0101011110110110
1111001100111011
1111010110001111
1011010111100111
0101111001101110
0011011111001111
1011111001110111
1100111111111111
1101100011101101
1011110111001110
1111001110101110
1111011010100111
0011001111011000
0101100110101011
1101010111010110
0111001100110110
1101101010000101
1010011110110011
1011110011101100
0111001011111111
1111011011010000
0111111110011111
1011011101110101
1101011111010001
0111111000110010
1001101111000011
1011111110111010
1111010011001110
1101110011010111
1101110111011101
0011110011101011
1110111001111011
1011010001111111
1111001001110110
0101111100110001
1111011011001001
1110111111101111
1101011110111000
0011010111101111
1101110100110101
1011001111110100
1101111010100011
1011111110011111
0011111111000111
1101110011111100
1011110100111001
1101001110111011
1011100101110111
0011011100111011
0111110001111001
0111101111101110
1001101100111110
1111110011010000
1001111111101110
1111101010011011
1101001010111101
0111110111110111
1011110011001111
1111011110001101
1111100011111001
0010100111011111
1111111001100011
0101111101110000
1111100110111010
0101011000111111
1011001110111110
0010101110110111
0111011110110101
1111110010011111
1001111011111000
1101011110011101
0111011011110011
1101111001110110
1111101011111100
1101011111101111
1111101010111010
1111011100111001
1111111101011111
1111100001111011
1101110000111111
0111010111111100
1011011111101100
0101101110110010
0001111111111111
0111001101111101
1001110110111001
1011110011011010
1011010101101101
1001001111010110
1001110111111110
1010000101111111
1101101001111010
1010110111110110
1111011010110100
1111100111100111
1111000010110110
1101100101101101
1111111111100110
1101001101111111
0011101101111110
0101111011111011