1110100111001111
0101111100011011
0010001110101111
0101111101010011
1101101101110100
0101100110111111
1111101100011111
0111111101100111
1001111110101111
1101110101100011
0101111101001010
1111111100100011
0011110110010111
0110110111011101
1101011111000111
1010010111111110
1101011101110100
0010101100111111
1110001111001111
0100111111011111
1100011111011000
0011010101111111
1001111110110110
0011101101101100
1100111110111110
1111101111010001
1101100111101100
0111010111101011
1101101111011011
0101101101110111
1111111110100101
0011110110011110
0111101111110010
1110001101111011
1111010111100110
1101010101101100
1101110101111010
1110101110101100
0010001111111101
0110100111111011
1110111111110111
1111111011111111
0111100111001111
1011100101010110
0111001111011100
0101101100111101
0011110100110101
0011100101111111
1101100111100101
0111001110111110
1100100111111011
0110111101111100
1100001111111101
0101101111111110
0001111110110111
0110101111011100
1001100100111111
1111001111001011
1111000101101100
0101110100101011
1110110111111100
0011010110110111
1100001111011111
1110011111101010
0110110100111011
0011110111101111
1110011101101101
0101110110111110
1111110111011011
0011111111100111
1010010110101101
1011101101100111
0110000101111101
1110111111101000
1010011110111100
1111111110101010
1101100101111100
0100111111101110
1100101111111001
0101011101111000
0101111111101100
0110000110101111
1001101110010111
0111101111110101
1111010111011111
0110100101101111
1110101101101100
0001111101111111
0001100111010111
1111011101100110
1010001101101111
0110100110111110
0110011111011000
1101110101100101
0010110100011111
1011111110100111
1111101101100001
0111111111001000
0101000111111001
1100110110111001
0111010101110101
1001011110111101
1111011110111011
1101111101100010
0111111110010001
1101110111000111
1101101101110001
0110110110111001
1010111111001111
0100100101111101
1011111101001100
0110001111101101
1111101101011101
1100111101101110
1111001111110111
0101011111011011
1011111110101110
1100101111101100
0011100111011101
0110111110011101
1111011101110000
1010011101111101
0011110101011110
1001111111011101
0110101101111110
1011111111111011
0111111100101101
1101101111001111
0111101111100111
1100111101111011
0001011111001111
1111111100111110
1001111101101110
0101111111100101
0011100111110110
0101010111101110
1111100111111000
1110001111011000
0111011100101111
0101111110111001
1001100101101111
1111011111001110
1110010100101111