1011111101011011
1110110011110100
0110101101011111
0111101111111000
1100110111101110
0111001011101110
1011110011111101
1110110110011111
0111011111110011
1101001101100111
0111011100011001
1011101100001111
0110111001110011
0110010100111111
0111111001110010
1101110111100011
1111101011100011
0011101110011101
1011011111111101
1100100111101111
1100011111011001
1010011111100111
0011101111101001
0110110011110011
0110110010111001
0100101111111100
1101010111111010
0101110101111100
1011110101100110
0111110110011001
0111111011010111
0110011110101111
1011011101101011
1100110111111011
0111011111001111
1110011000111101
1100101111110010
1101111110001011
1001101111110111
1011110011111011
0011101001111101
1111100011001101
1101111110100111
1011000111011111
1101011111000011
0101101100011011
1101011111001101
1100001110111111
1100111111000011
0101011101111011
0001011111110110
1001111110101101
1111000111101011
1100011111001111
0111101011011010
1001111110010111
1101011111110010
1101000111101111
0001111111110010
0111111010110011
1110111111000001
1111110011010011
0101111111101100
1111101011111001
1111001110100011
1111010111110010
1111010111111101
0110100111101111
1101101111100110
0011110111111100
0110011100110111
1111111010100011
1011110111001001
1110011011101010
1101100111010111
1011011111011011
1101111011111111
1000101100111111
0100010111011111
1011110011001110
1001111101110111
0011101111111110
0001111111001110
1010111111111000
0101101111011110
0011111011100111
1011111011001011
1110010011111110
1000101101111011
1011100011011111
1111101011110010
1110101111011101
1111001001110011
1110001111101011
0101101110110011
1111110111101100
1111101111101000
0011110111011011
0111111100010111
0011010011101110
1110101110100101
1100011111101010
1010101111111101
1110001100110111
1010101111110011
1110100011101111
1011111101110011
1111110001101111
1100101101011011
1111111100100101
1011101101011101
1111111011100010
0110011010111111
0100010110110111
1110111111100110
1101110110110011
0011000111111111
1110111110011011
1111101101110001
1101011101011011
1111000011111111
0010011101111011
0111100111110010
1101101110010001
1110101111010111
1010111001011101
1100011100110111
1111101011001110
0101111101110010
1111001110010011
1011010100011111
1100001111111000
0010101111001111
1011111111000010
1111001010001101
1111001111101001
0101110110111011
1100011111100011
1101010111000111
1101011111101100
1110111001010111
1001100111111110
1011101110001001
0110111101111110
1111111001101101
0101001111101110
0000111111110111
1001111111011011
1111101100111101
1111100011100110
1111011001101111
1111111101001110
1111110101010011
1010110111111111
1110111110011101
1110001101001111
1011001101111111
1111111101100001
0110001011111101
0111111011001010
1011101101111001
1110110011100011
0111111011101100
1110101101111110
0100110111111101
0111111111001101
1011101111010111
1111100001110111
1110100011111101
1001010111011110
0111001111111011
1111010010111111
0100111111101110
1111111001111001
0001110111101010
1111110101011000
1101110101011100
1111101001011100
1111110100101111
1011010110101011
1010101111101010
1101001111001111
1011110101101011
0111101111010111
0111110011100011
0100011101111111
0011111111011000
1000101111001111
1100000101110111
1111111110111110
1111101101111010
0111111101101111
1111110101100101
0111101101110111
0111111111110101
1011101110100001
0011111000011101
1101101100001111
0101010110011111
1101110100011111
1110101010100111
1111000111111110
0100110101111111
0001011111111010
0011110101110111
1001111111110000
1110011011110100
1111101110000011
1011101111100100
1010011011110110
0100111111110011
0110110111011001
0110101111111010
1111011110010101
1011111001111011
1110000101110011
1111101111000110
1001111111000101
0111100010111111
0101100111111111
0111011101010110