1110100111110111
1001001110111111
1001100101101011
1111011101110111
1011001100111011
1010010111011011
1001111101010101
1101110001111011
1111111111111110
1000011011101111
1111111011110111
1111110100011111
1001111111101001
1011111101001001
1011110011111111
1010101011111111
1100110111011101
1111111110011001
1111011100111101
1010110100111001
1110001011101011
1101111011011011
1110101111100111
1110110101110011
1100001101011111
1011010111011001
1001110100110111
1001111101100111
1010110101110101
1011111000111001
1100111110111111
1011101010111111
1111010101111111
1010110111110011
1110110101101111
1001010111111101
1110111111100011
0111111111111111
1111111110101111
1011001101111001
1001111011011111
1101101011101111
1111110110110011
1001110111100111
1100100111111001
1101100101111001
1101001110011011
1001001111100011
1101111100110001
1101110110011111
1110111001111111
1111101011111101
1110111110110111
1111101111011101
1101001111001011
1110011101111011
1111011001011101
1100110011111001
1011100111100011
1000111111111011
1111111001001101
1000110111111111
1100101111110111
1101010010111101
1100011011101101
1011010111100111
1000101101001111
1111101110010111
1011001011101011
1101001111110001
1010101101101001
1111100100110101
1001111100011101