0011111101001111
0100111111111111
0111000111110111
1001001111110110
1101001011111110
0111101111011110
1111010111101101
1011010110100111
1100101101001101
0111011110111011
1100111100111111
1011111001111000
1000110111111101
1111100011101100
0111011111111100
1111101100011111
1011111010110101
1111011100111101
0111110111111110
0110000110111101
1110101001110111
0111011101010001
1101110101101100
0010010011111111
1110101011101101
1110110101110011
1111100111110001
1010011010111111
0111110101011001
1011110100110110
1001011101001111
1011011111111101
1001001110011111
1110111111110001
1110111111111100
1111100110100111
1011010101101010
1101110111010101
1111111010111010
1111101110111000
1101001110001111
0101011111010111
1111110010110111
1111001111110101
1111010111011000
1110100101001011
0011101011111111
1111111100101111
1111011001011111
0110111001111010
1000011111101111
1010110001100111
1101101100110111
1110110100011011
1101101111000111
1111101110010010
0010011101111110
1110010111001110
0001110000111111
0001011011111111
1111010101110110
1110101111001110
0010110011111101
0011110100110101
0111111100110000
1001110111011111
1101101010111110
0111100101011111
1010101111101111
1101110101100111
0110111101111101
1110110100111110
1111110100110001
1111001111001010
0101011000110111
0110011001111111
0111011110001111
1111100111101010
0011111011101111
1010111111000111
1110111111110110
0111011011010110
1011110111001110
0101101100111110
1111110111100101
1110111010111110
1101011010110101
1111001101111111
0111101111110110
1101111011101100
1111011101001010
1110011111110111
1110110110110111
0111100011100111
0010010110111111
1001110111101100
1110110110001111
1011101111010110
1111001011010110
0111111100011110
0101100111100111
0101000111111101
1111111000110100
1111101010101101
0111111111101011
0011100100111011
1101010100111110
0010110001110111
1111010101110011
1000111111110101
1010101000111101
1001101111101111
0111011101011010
1101001111001110
1111101101100111
0110111100010011
0011101111111101
0011111111000111
1101111011100101
1110111111011010
1010011100111110
0111111110011000
1100101001111101
1001110010101101
1110011110001111
0101011010011111
1011110111110010
1101100101011100
1101101001111110
0111010111011111
1101111111111011
0101111010001111
1111101011111011
1001111101110111
1111111011011101
0010110110101111
1100100011110111
1110101110001111
1101101011101111
0111111000011111
1011101010101111
1110110010111001
1101100011111101
1111011110010111
1011101110011011
1110011110111011
1011101011010111
1110011111011011
1110111010101011
1011001111100111
1001101110110101
1100001111101101
1111010011110011
1011011111010111
0101101110111100
0110001111101101
0111111001110110
0010111100110111
1000100110111111
0011001111101111
1011101101101110
1111011101000111
1010100011110111
0011110101011111
0001010110110111
1111100110001011
1101101010110101
0001111111111110
1010111111111011
1111110101111000
1101000010111111
1111110110011101
1011110111110100
1111000111001110
1011101110111110
1111011011101111
1111010110110110
0001110111101111
1111110011011111
1001101101111111
0010100111110111
1101111000011111
0111101111001111
0111101101111100
1111111111100110
0111011101010110