1110101101101011
0111111001011101
1010000110011111
1110100110111110
0110111011111110
1110110101101011
0101111110011010
0111110111100101
0101011110111110
0010011110110111
1110101001101110
0010011001111111
1100110111110101
1000011101010111
1010011111011101
0110110101111111
1111101111111100
1001110111111101
1111111111110011
0100111000111111
1111100110011110
0010001111011111
1110010110010110
1101111111101011
1110011010101011
1111101100111010
1110111000111001
1101011110110110
0101111100111011
0111001010111111
1010001101111111
1001011110111111
0111101011011101
1111101010100101
1100111100111001
1101101101110111
1001010111010111
1100011011100111
1001101011111101
0010011011111011
1111011101101001
1100001001111111
0111010111010101
1000010101110111
0101011000101111
1010111111101111
0101010101101111
1110011010010111
1011101111011101
1111110110111101
1111001111111010
1001011001111011
0111110101011011
1111111100101110
0111000110010111
1111101111001101
1101011110101110
1111101111111001
1010111111110101
0111001111011101
1011111111101001
0001111010011011
0001111101101111
0111011110101101
1111101011001011
0111000111111110
1101111111100101
1111001111010101
0110001111110111
1100111000101101
1110100111101010
0111011110111001
1100100100011011
1000111111111011
0101111011011110
0111001111110110
0010010110011111
1011101111001011
0011011100111111
1011001101100111
1100011010110101
1001100101011011
1011011110011011
0110101101101111
1100011100111111
0111000100111111
1011000100011111
1111011100110100
1010001011011111
1011001101001111
1110111111101000
1110001011010111
1110110111000111
1111110011111111
1010011010110111
1110111100101011
0111111100011111
0110101111001110
1110111011011000
1111011010111010
1101001011101101
1001010101011111
1110110111011010
1110011111100110
1011001011100111
1101000111110101
1111110111011000
0110010111100111
0111110101001101
1100011011001101
0011100110011111
0111111101110111
0111100111011011
1000001011111111
1011101100100111
1111110111000101
0100111101011011
1011111111111110
1111110110101111
1101101011110111
1100100111010111
1110100101011101
0111111111010100
0111111011101001
1111011010000111
1010110111010111
0110111011001101
0011001110111011
1110101110110110
1111011100111011
1110110100110111
1111011010011100
1111101001000111
0100001011111111
1110110101111110
1011111010011001
1111001011111110
0100010110011111
1111101000100111
0101101010111011
1011110110011011
1011011011011101
0101001101111011
0101101101101111
1111101010010111
1101000111000111
1101110101011001
1111111110111000
1110001001111101
1110001111101011
0011101011011111
1110110111101101
1110011010101110
1111111101011110
1101001010011101
0101111111111101
1110011111111010
0001101111110111
1101101110101111
0100110111010111
1100111000110111
1001111000011011
1100110111111100
1110011100100101
1000001111010111
1011011110010111
1011010111101011
1010111001111011
1011011000101111
1101111101111010
1111010101111010
0110111011000111
1011111101111101
0110011100101111
1111001111000110
1101111011011000
0110011101101100
0111001110001011