0011101100110011
0101101110111011
1101011010101101
1101001101100111
0011011001111111
1101101010010110
1110011011101100
0101011111110111
1011010011110101
0111111100000011
0111111001111101
1101011110001110
1111010011011111
1111011111000010
1001111011010011
1111110100111111
0011010111000111
0110011011101011
1010111011011001
1111011100011111
0010111111101111
1011110101111111
1011101101000111
1111101111111101
1110111111001010
1101101011111011
0110011101010011
1111111000111111
1101001110110110
0010011011011111
0111011011101001
1111100011110111
1100101111011011
1110010111111010
1101110011011100
1001110111101011
1000111011011101
1011001111111011
1111011001010011
1100100111111111
0011011010110101
0110011111001100
1111101011010010
1111110101110111
1110101110101110
0011011100111111
0111011111000011
0110010111101110
1000111011101111
0011100011101111
0110101011011011
1111110110001111
1010011110111101
1010111011010100
1101000111101111
0011111111111001
0100111011100111
0111111001100011
1110010011110111
1111010111111100
1000111111010111
0101111111001111
0111010011111101
0011101110111010
0110111110111111
1011001101101110
1101010111101011
1110001010111111
1001111111101110
1110110111011111
0111010001101011
1111110011100100
0011000111101111
1111101011000110
1111101101011110
0011011110010011
0111111101110101
1111110001111010
1011111100101101
0101000110111111
1110111011010011
1111111101000100
1011111100111110
1111110010100111
0111110110111000
1110111110111001
1100111001011111
1110101001110011
0111111011000101
1111110011110010
0111111011110110
1011011111001011
1111110001001011
1111001010010110
0001111111111111
1001011111110110
1010110111110101
0111100110110110
1000111110111100
0101111111011010
0010111111011110
0011111011011011
0111011100101110
0101101111110111
0011111011110011
1111110010111101
0011101011111010
0101111101111111
1011001011110111
1001111111011110
1111011110010010
1101110110111101
0111111111011001
1101100001011111
1110111101111110
1010101111000111
1110001111101111
1011101110001110
1110101101001011
0111111111000100
1101011001111111
1101100111000111
1011110011101010
1110010110111101
0111010010101010
0110110111111001
1010011101111011
1100111001101101
1001011100110011
1011101111010011
1111010011101101
1111110111001101
1100110101111011
0101001111111011
1011011111011010
0011101101101010
1111111110011101
0110110111100010
1110111010110010
1100011111111111
0111101110011111
0010111011010111
1101111100111101
0111100001111111
1111000101001011
1100111101000111
0111100110111011
1010110111111001
0101111111101110
1011010111001110
1011111011100100
1100111110101111
1000111011011011
1101101100100010
1110101101000111
0011111111100110
0011011011001100
1011111111110001
0101110111111010
1001111010101011
1000110010110111
0111011011100101
0010111111111010
0011101101001011
1010110111101111
0111110011101101
0110111111001011
1111101001100111
1010101011101111
1111001011110010
1100111011011110
1110111100110111
0011110011001110
1110110110101111
1101110101111101
1011011010101111
1011100110011111
0101111011100101
0101100111111011
1111011010101100
1011110110111110
0011000110110111
1100101001101111
1110011110111010
1110011011010101
0111001111111110
1110100111100011
0111111111010010
0110110001111111
1100111011110000
0110101111100011
1001111111000111
1111100011111011
1001010111111010
1010001111111111
1010111010101010
1111111001001101
1110110001101001
1111110110010011
0111011010011011
1111000111001110
0111010110100110
1111010011110001
1001101100111011
1111001100110111
1000110110111011
1100111010111110
1011111110101100
1101001010011111