0111110100101101
1001011111101011
0001010111111101
1110110100011111
0111111111011000
1001011011101101
1001111101111111
0101110110011110
0001111110001111
1010110110001110
1101110101101101
0111110111011100
0101011110111100
1101011110101111
1111101111111111
1111010011111111
0111110101111100
1011010111001011
0110111111111110
0100110111011111
0110111100011011
1110110110101100
1011110100011010
1101011101011110
1111111101001111
1010111011111101
1111111111110111
0101111111101001
1011111111101001
1111010111111000
1111111110011101
0010111111111111
1110011110011011
1110111111101010
1011111100101110
1110010111011011
0101011111101110
1101111110111011
1111010100111101
0001110010101111
0111010111101111
1110111101101101
1010011110111100
1100011111111101
1100111110101110
1111110001111111
0110111110111001
1001110010101110
1010111101111100
1111111011111011
0101011101111001
1011110111101010
1101011111001000
0111111100111010
1011110100111001
0111011011111111
1010111110111000
0011011101101010
1101111101011101
0111110111011010
1011011010111101
0001111111111001
1000110111001111
1111111001111101
1110011111101100
1101110111011001
1110011100111001
1011010110111101
1100111001011110
0101110101111111
0011111011001101
0111111111001011
1101111100101100
0110110010101111
1101011101111010
1000111111011101
0110111011011111
1010111000101111
1011011111111001
1111110110101011
1011110111011100
1101010111111110
1001010111001111
1001110011101101