0110101101011111
0101111111111110
1101110110111100
1001111111011110
1001011111110001
0111011010111111
0011111101110111
0110111111011000
1011010100111010
1100111100111111
1100100011011111
1000111011111101
1110111010011111
1010100111011110
1111010110110001
0101111000111111
1010110111111010
0111001111010110
0110111001111101
1110101100111011
0111111001110011
1100011110110111
1100001111111001
1011000110011101
1001011110111111
1001011111111100
1000110101111111
1110011010110011
1111110100011101
1111110110011000
1111010011111110
1101111010010101
0110101111111101
0111011101011100
1111001111110101
1011001101111001
1101011101110110
0111110101011011
1001011101111111
0110111011111011
1010011001011101
1100110111111011
1111011010111110
0101111110011111
1010111111110110
0011111110010111
1001111110111011
1110111111110000
1001101001111111
0011101111011011
1001101101110110
0010100101111111
1101101100011110
0011101001111101
1101001111111100
0011111001111011
1111011111110100
1111011110110010
1111100111110101
0111001001110111
1111110101110110
0110011111111111
0111100110111001
0001101111010101
1001111010110101
1011111010111001
0110110101111001
0111110100111011
1110110101011110
1111101111111010
0111011011010110
1010110111111001
1011011110011011
0101100101111011
1111101100111001
1110101011110101
1001111101111101
1101011010110101
1111111101010111
0111111111110001
1111011011110010
0000111111110011
1111001101011100
1110111011011000
1111110110010100
1011000011111111
0011111101011110
1110001001110111
1100101011110011
1111111010110110
1111111111101111
0101100101011111
1110110011111000
1100111101011110
0110111111110110
1011000101011111
1100110001110111
1101110011111100
1011110100111001
0000101010111111
0101101111011001
1111111100110111
0111011001111010
1101011111010111
1001110110111101
1110001011110011
0111100110110011
0011011011110111
1011110101110101
1110000111111100
1100111011111001
1101100111010111
1110000110111001
1010001011011011
1100111011010011
1111101110110110
1110011101111000
1011011011110101
0110110111011011
0011000101111011
1011110110110001
1011111111111000
0111011011111101
1011110011110111
0111111010111001
1111100111011011
1011011011011110
0001001111110111
1110110011011010
1011110110011001
1010101110111101
1111101001111100
1101101011011101
0011110110111111
1110101111011101
0111011011011011
0111011110011101
1111110010111111
1110110110110100
1011111011011100
1101011101111010
0010111110111101
0101100001111111
1101101010011110
1001110111111110
0111010111011011
1010111001111010
1111101100011101
1111110111010000
1110101110110011
1101010111111111
1100111001011101
1110101011111110
1011101101011101
1001111001011111
0101111011111011