0111011000111111
0010111110011101
1101110110111101
1111110011101111
1001111111100101
0001110110101111
0010110111101101
0101110111101010
1110111111111110
1101011110101010
1111101110111010
1111011000110110
0111101110101111
1111101011110110
0111111010101101
1011101110001111
1010111010110101
0110011110100111
1011110111011110
1111011100110010
1100011011111111
1111011111001100
1111111001101111
1100111101101111
1111110111110111
0101111111011110
0011111111010111
1011111111101110
1110101111111111
1001111111110011
1101011001111100
1010111111011011
1111111111010110
1111001011011101
0001111111110111
1011111111110110
1011111110001101
1111010110111110
1101111101110011
0011101111011010
1110111100010011
1111001011101111
0111010111101100
0111011101011110
1001111110010101
0101111011111100
1111101111100111
0011111011111011
1001011100111111
1011011001110111
0111001100010011
0011010110011111
1011111011111110
0001010111111111
0011011101111101
1110111101001011
1101111111001100
1101011111100110
1011011101101111
1101011010110101
0011111100111111
0111000111001110
0101111010010101
0111010011111111
1111010111011101
1000111010010111
0111011010101110
1100111110110101
1000111111001111
0111001011010011
1101101111111111
1011111000111111
1001111100111101
1100111110001111
0010011110011111
0111011111011010
1111111101011010
0111111111110110
1111001101011110
0111011001111011
1111001010111111
1001111010111101
1011011111011011
0111111101101111
1111101111001100
1011011110011110
1111111100010101
1011101100111111
0101110011111101
1000110110111111
1111011110000011
1101011000111110
0101111110001011
1111011011001111
0100111110111101
1011111101011111
0011100111011111
1111110101111111
1101011111011111
1111111111111001
0011111011001101
1110011111111011
0111101010011110
0111011010111101
0010010111111111
1110010111101111
0011111111101011
1111011100100100
1111000111111010
1011101111111101
1111110011011111
0110011111011101
0101110111001011
1101011001110110