1110100101110111
1111111001101000
0110011011101001
1011011111111111
0100111111010011
0111111101011000
0110001011101111
1111011011100001
0100011111001111
1011101001111110
0110110111111110
0011101011011011
1011111011100111
0110110101010011
1111011111000011
0010101111110111
1111100111110001
0110011011110100
1101101101110110
1010100111010011
0111100101111111
1011101011111100
1001111111110011
1111001101000111
1111100011110111
0111010011110001
1111100011011111
1101110111111010
0111011111111000
1011110111111110
1100111111111101
0111010111011101
1110101111111001
1101111101111101
0100011011011111
0111101101111011
0101010101110111
0100101111111011
0011111101110000
0111101101010111
0111011011001001
1111110101110110
1111101101111101
1011111001110000
1101111001111111
0111101111101011
1111100111011101
1010110101011001
1110010111111111
0101111111101110
1111111101100010
1101011011001011
0111011011101100
0001101111111010
1010101111101100
1111000111011110
1111101011100100
1010100111110101
1110111011011000
1011111111001010
1111101101000110
1011111101001011
1011111001001101
1111001101110011
1001110111011011
1010101101101011
1110001011101010
1110100101111011
1111011101111110
0100111111110110
0001111101111111
1101111111100001
0110111101101111
0101101111101101
1111111110111111
1111101101111010
0111100111111011
0111011011011100
1010101001110111
1100101101011110
0101110111111001
1101011101001111
1100111101010011
0111111101001100
1110111101101000
0001101011111011
1100111101100011
0110111011110000
1101110011111111
0111011011110010
0011111101010001
1101011111011110
1110011111100010
0111110101110001
1110111111001001
0111110001111110
0110011111011110
1001111111000110
1101101011011100
1110101111000100
0011111101100001
1111111001011011
0110111011011010
1111001111110110
1001111101010110
0001101111110111
1100111011011011
1011110011110001
1111001011100101
0101111111011010
1101101111111001
1000100111011111
1111111011010111
1111110111101111