0111111000011011
1111100111001111
0100011100111111
1111010011100110
1101110001111010
1101110110111101
1111011011011011
0101111111011101
1001011110011111
0110011111111101
1111111000011101
1101111111001111
1001111011110001
1110111010111000
1111111000111000
1011101101011111
1100011101111010
1101111000111101
1101011111011000
1111100001101111
0110111010111011
1101011110101111
1011101011110010
0111100101111110
1100011111101101
1111001011101100
1111001110110111
1111111100011110
1111101001001100
1111001101111011
1011111111011011
1111111111010111
1011010111111100
0111100110101110
0101111111111011
0111010001111011
1001011100111101
1100111000101111
0101100111101100
0100110101101110
1011100011100100
0111001101110100
1001100111111111
1111101110011100
1110111111110111
1010111010111010
1111010110111111
1111010101110111
1001110011111110
1000111111101101
1101110100101111
1101101010111111
1111111000110011
1111101100111110
1110101100111111
1111111111101011
1110111111011111
0010111111111110
1111110000111111
1101011011111011
1101111111100101
1101110011110110
1001101111110010
0100111001101111
1011001111101111
1101111100110010
1100111111111000
0100110110111110
1111101010011111
1000111101111101
1111101101011011
1101110001101111
1010110001111001
0111111001111110
1010111101101111
1111111000101110
1001011101111011
0101111111110101
1101101101111111
0111111011101110
1011111001110101
0011111111100101
1011010011111111
1001010111111111
0111110001100111
0110110011101101
0011110111011111
0011111101111111
0111101011111011
1111101100101111
1111111001011010
0110011001111011
1100010101101111
0111110101101100
1011110101110101
1011111010111101
1101111010111011
1101110111011111
1111011111110011
1111100110111011
0011101011110100
1111100111110011
0011111010111111
0111001101001101
1111000111100101
1110011100111010
1011111111001111
1011011001101111
1111011001100101
1111100111011011
1101011111101110
1101011000110111
1110111100111000
1111010101001110
1111110111011100
0010110011101111
1010001111111111
1101101110101110
0111111101111001
1101011111110101
1011111101111110
0001111111111111
1111111010011100
1001111100110101
1111110011011110
1011101110111111
0111101011101111
1101000111110111
1111011001001111
1001011101101111
1110101110111100
1101111001011100
1110101011111111
0111111110110111
1110011101111100
0011111011110011