0101111111111111
1111111100100000
1101000111100101
1101101000110111
0110011100111011
1111110011110101
1110011111010100
0011101101101110
1000111011111100
1010011101011100
1011011111010011
1111011101101110
1110110111010111
1110111011110001
0111101110101110
1111101110000110
1111011110111100
1110001110010111
0111011111010001
0110111111111001
1111100101110101
1001111011011101
1010011011111101
0110111110010110
1000111101011101
0011110101011011
1001111111011000
0110011110100110
1011010110100101
0111101110110110
1111110100010011
0111110111000101
1111100110100101
1010110011011101
1100111100111011
0111011110011010
1101011111101100
1101101011011111
0011011111101110
1011010101110110
0111111011111111
1110101111101111
1101011010010110
1101110100001111
1001011111101110
1111011110011001
1100011001011011
0011111111111101
1001111111001011
1111001110110110
1111110110100011
1010111111110111
1101110010011011
1110010100111111
1110111111000101
1011111001111100
0111011111001111
1110111101111010
1111010001111101
1110011000111101
1011001100101111
1101111111110011
1010111101101001
1011011111000101
1110100111110101
1110010111011011
1111110110001101
0011111111000011
0110111101011111
1110111001110101
1111010110111010
1111101111111011
1101111111001101
1110101101111111
0111111100111101
1001110010111111
0111010111101110
1101011100111111
1110110100111100
1101011101111100
1100011111111101
1011011111110100
0110110101101111
1010011111101110
0011111111100110
1001111101101111
1101001101010110
1111011100101101
1111010010111111
1011111100111010
1101110100011010
1111100111011111
1001110011111011
1101111101111000
0111001100101111
0010101111011110
1011110111010101
1011111100011111
1001111101110101
1111101111101100
1110011001010111
0110011110110011
1111111001011010
1110011111011001
1101110110101110
1110111110010011
1001110110111101
1011111110111001
0111110110110000
1000111100111100
1011000001111111
1110111101001110
0111001101011111
1011110110111110
1111111010110001
0111111101110101
1111110110001011
1101111100101011
1111010111010110
1111011111001010
1011011111001001
1001110110101111
1011011010111101
1100110011111111
1011001110111110
1110111011011100
1100111001110110
0111100111110111
0011111110011011
1111100111111110
1111110101100010
1111111011101111
1011111011010111
1001011001110111
1011010111011101
1011011111100011
1101110010010111
1110110100101110
1101101110010111
1111111110001001
0011111101100011
1110111110111010
1011011111111010
0011011111101011
1100111010111110
1011101000111110
1111010110101011
1010110010111111
1011001101110111
0110011101101101
1111010011011000