0010111101110111
0110111111111011
1111111110011010
1111010001100111
0110111110001110
1111000110110111
0101011111110110
0101111000111110
1101111111101011
1110100100111101
1110101010111110
1010111101011001
0001111100110110
0101010100111110
1111010100101001
0010010101111111
1110100111101111
1100110111110111
1010111111110100
0101010111110111
1011111100110010
1101111011001110
1111001100111101
0101001011011111
1011111111101111
1011101001011101
1100111000111111
0010011101011111
1111111111010111
1101110101101111
0001110111111011
0111100110101110
0011111110111010
1111010000111011
1000101011111111
0001111111011111
1010101101111110
0110101000111111
0010001111111111
0111101100110111
1101111111111101
0111110010011011
1010101010110111
1001110111011111
1011000111111101
1010001110011111
0111110110101010
0101101101111111
0100101010011111
0111111111111101
1010110100111101
1010111110011011
1110011011111111
1011001110110111
1101100111111111
1111110111111100
1110011111011101
1110101011011101
1000111001111011
0111010011011110
1001011101011011
0111110100111010
1011110100011011
1100111110111011
1111100111011101
0111100110111011
1101110011011110
1111101111111010
1111111110110000
0110010111101111
1110011100110101
1111000111101011
1111111011011001
1111111111101000
0111010110110111
1101110010110010
0101110101011011
0111010001111111
0111100010101111
0111110101101111
1000001111011111
0110101100111110
1010111101111100
1111111110001011
0110111101110110
1011011110111110
1111010110011001
1111111011100101
1011001011111111
1110110111111001
1111111010100011
0101111001011111
1110110110101111
1110110011100110
1111011101011101
1111011101100110
1111101101111011
1110100111011011
1011110111110010
1010100110011110
1010111010111101
1100101001111111
1100101110110111
1101101101011111
0111111110110011
1111011111110011
1111111010101010
1001011000011111
1110011100111011
0101011110111011
1110111001111101
1110010110110101
1110110001101011
1100001111101111
1111101111110110
0011111110011011
1111011010101110
1110001111101011
1111011110001111
1111111101011110
0111111011110111
1111101000001101
1111000110101110
1101110000111111
1001101011011111
1010111111111010
0111001111001110
1111001101101111
0011001101111110
1110111010011101
1110111101110001
0111110011001110
1001110111111110
1111000101111101
1100101111111011
0111110101110110
0111011110011111
1110111110111010
1011011111111010
1110111000111011
1110101110110011
0100101111110111
0011110111111110
0011101010011111