1111100101110111
0011000111111110
0111101111011111
1111110101110001
1110110001101111
0011101101101110
1111001010110111
1111001111101110
1001100110011111
1011101110110110
1010110101111011
0110110011010110
0111111111000101
1111011111001100
0111110111010011
1101101111101101
1101100111101110
1101100111111011
0111110111100110
1000111111111110
1111011010110011
1111101101001111
0010110110111110
0000101111100111
1101011110101111
1111000011111011
1101110111010101
1111001011000111
0000110011111111
1010100111111111
1100110101101111
1101001110110111
1101101111011011
1011100110001110
1101010110011011
0100111111111011
0111000111111101
0011110011111110
1111110010010100
1110111110011111
1001101011111111
1101010010111110
1101010101101101
1101111101110011
0101100011110111
1001101101110111
0111010101101101
1110111111000110
1111111011000011
1111110001100111
0101101110101111
0100110111001101
1111010111111001
0100111011111101
1101111101011010
1111011101001001
1001101101011110
0011101101110110
1010101001101111
0101110101011101
0111111110111011
1111000101101101
1111000110011010
0111001011111101
1101110110101011
1000111111111011
0110111111011011
1101100011101111
1101011110010100
1110111111110101
1111100001101011
1111100111011101
1111111110110000
1011111111101011
0011111001001111
0111111101000111
1111100011111101
1101101011101011
1011100101101111
0111110111010100
1111101110101001
1011111101110010
0011010111001111
1111101001011110
1011111011110111
1110110011011101
0111111001100011
1101111110001101
1110110110101000
1100111101111001
1010111011001110
0111010110101110
1111111011111010
0010110111110011
1111111010001111
1110111010110111
0101101101111011
0011011111010111
1001001111111010
1110011111111111
1011011110111111
0101111111110110
0111100101101110
1101111101100101
1100110011101001
1100110110101111
1101101110110101
0101111111010101
0011101111100110
1111101101111001
1111111101000010
1110110101011010
1101110110011001
1111100011011110
1001001111100111
1011111111111101
1011111001101110
0111101110100110
0111111011001100
1001111110010011
1101011011110110
1100110110111001
1100111101101100
1110110101101110
1111111100111111
0001111110101111
1111110010100111
0111110001111111
1111100010101110
1111010111110111
0110101111101100
0010110111001111
1111101111010011
1111001111000101
1110100111111110
1101111011011111
1111011001111111
0111101010101110
0101111111111100
1101100110110111
0110110011100111
1101110001111101
1111100010110111
1010101101011111
1111110101001111
0110101111111011
1111101001110111
0001010101111010
1100110011101100
0001111011101110
0011111101010110
1110111101110010
0011101110101110
1001011111011110
0111100101111011
0111001111111010
0111111010111101
1101110110100111
0111100010111111
1001111111110110
1011110111010010
0110101011101111
1101111110101010
1011110010111111