1100111011101101
1010110111100110
1100110110110011
1011011111111111
1110110111101011
1111000100001111
1111001110111100
1111110100100101
1110111011110001
1010110101011111
1110001101101110
1010101110110110
1111101101001011
1111111010111001
1110111011001001
1011111101101100
1110011101001101
1110101011110111
1100111001101111
1111011011111010
1110111100101101
1101100111101110
1111100010110010
1110001111001111
1110011110100101
1011110111000111
1100111100111001
1001110101111111
1111110110011000
1111010110110010
1111111111110000
1111001100111101
1010110111011001
1101011101100111
1000111111111101
1101100111101101
1110111111010111
1111001111110100
1010100110001111
0111111111111111
1111100011001110
1111111100101110
1111001111111011
1001111111001010
1011110101111100
1111111101111010
1111111010011010
1101111011111001
1010101101111110
1101101001011101
1110111100011100
1111011100110111
1110010101011111
1110001110011101
1111110100110001
1111100101111011
1011111101010111
1101111111100101
1111110101000100
1111011011011001
1111010111100101
1111100101101110
1011101111001010
1011111011111111
1111101010101010
1101011011101100
1101010110110110
1110110101011110
1101110110010011
1010111110111100
1111011101101100
1111101110001011
1110111010111111
1001111101110011
1111111010001101
1011111100101001
1101111100101111
1101111101100110
1101010001101101
1100011011001110
1111010111011101
1111101010101101
1011101100011111
1010111111110011
1111100110101110
1111110011010010
1111001110000111
1111101001011100
1011110111001000
1110111001011111
1110100011011100
1101001101110111
1111100111000111
1111101000000111
1101011100011111
1001111111010110
1111001011111100
1101101110001101
1001101111001111
1111110000101111
1011111110000100
1100101111111111
1111010100111001
1011101100111110
1101111101011100
1101011011110111
1100011111001011
1101100010111010
1111001101010111
1011100110101001
1101100011011011
1110111101110111
1001110111111000
1101110111011001
1101111010001111
1101010110010111
1101101001101101
1101100001110101
1111101110100101
1110001111111100
1101100000011110
1111100110010100
1111100011010111
1011101111110011
1111010010110011
1101100111011101
1100010001111111
1111011110100011
1101010111000010
1101011111101000
1000111111101011
1101101010110111