1011001011110111
0101110101101011
1101110101110100
1101110011011001
0111111101100111
1111101100111011
1011100011111101
0101011011011011
1101110111101100
0100101110011011
1101100101110101
1100100011111011
1110110111001111
1110101011101101
0101100101101111
0111110101011001
0011101100111110
1110001100111110
1010101111111001
0111110010111111
1111111111001011
0111110011111101
1101101011111010
0111110011110011
1101110111010101
0100001111011011
1101011111100010
1101011111101101
0011110100101011
0111100110011011
1110110010011111
0111001101101011
1010001101111101
1101101101010101
0001110101111110
1101010111011101
1111010111011001
0110111010011111
0010111110111011
0111100110101111
1011011111110001
0010101011111111
1000011111111111
0101010011111111
1101111010011110
1011110101111100
1001110011111101
1111111101111010
1111001111100111
1110111111110111
1101011110101110
0011011101111111
1111010100111110
0110101010111111
1101110111010110
0101111111101000
1011001110011110
1110001011101110
1101110111101001
1101001111111101
0111001010111011
0101010101110111
0011011011101101
1011011111110110
0111101111011100
1101001111011110
1101111110001111
1111111110110111
0010011111111011
1011111011111110
0110101101101111
1111001110101111
0110101111101010
1101111011010111
1010001011011111
0001100111110111
1101101111101011
1000110010111111
0101011110101011
0111011011101100
0101101111111000
1110101100001111
0111010111111011
1011110011101101
1110110101111011
0001111101111100
1011100111110101
1001111111001110
0011111111100110
1101110010011111
1011110101110111
1110110111011001
0011111111011111
1101110110011011
0111010110101111
0010111110101111
0101011101111001
1110011110101111
1101110111011100
0101111101101100
1011111101110001
1101001100111110
1001011111100111
1001111011100011
0110100111011011
1001010111111111
1001111010101011
0100110110101011
1111101111101100
1001110101101111
1111111111011010
1111011010011111
0001111111110001
1100110011111101
1111011110001110
1011011101010101
0110110100111110
0100101111101101
1111111110111101
0110010111011111
0111011111111010
1111001010111110
1100111101111111
0010011111111100
1111010011110100
0111100110111110
0101100111111011
0101100101111110
1100110111111010
0101011111011001
1101110011101111
1111001100011110
0011110111111010
1111100110111010
0110101101011011
1111101011100001
1001111111010001
0101111101011001
1001101111111011
1101001111101110
0011110111100111
0111100011111110
1111101111110110
1111000111111111
0011111011100101
1111101011111100
1101010111111100
1100111111101110
1001100110111111
1011101101101110
0010001111101111
0111001100111111
0111101010011110
0011101011110111
0101001011110011
1011001101010011
1111111001111111
0101111101011110
0001110111101111
1111111111001101
1011110111011100
0010110111111111
0111011111011100
1001110101011001
1011101101101001
1101011011111100
1010111011101111
0011101111111011