0110111111111010
0110110111011111
1111111010100100
1111100111101001
1111110110100110
1001111111100101
0011101101101111
1101110101110101
1111101101110010
1110110111010111
1010101110110110
1110110111110010
0110010110111111
1100011011111111
1011011011110011
1101011110110111
1001011010111110
1101000111011001
1111000010101111
0111010001110111
1110011011111011
0111001110111111
1111110111001111
0011001001111111
1001100111111100
0111011101111110
1110111101111111
1011011101011110
1110111011110110
1100101110111000
1110111111010110
1101011001111101
1011101101101100
1101101111101111
1111111011101001
1000001111111101
1101011111001111
1010101111011101
1100101111011010
1101111000111111
1101011101011111
0110110110110111
1101101101111011
1010100111011011
1101110101010111
1101101111110000
1111110011010110
0011011111111110
1011111101101001
1011100111110010
1011101011101011
1011111100101111
0111111101110010
1011110111100001
1111101111100111
1001110111101111
0111111111111101
1111100111110100
1011011111110110
0110001111110110
1111011010111001
1110111011011010
1001101111110011
1111101011010011
1011100111011000
1101001111011110
1110001110110100
1000101111111100
1010111011111110
1111100001101010
1101000110111011
1111100111010010
1101101011111111
1111111110011111
1111010111111110
1011110001100111
1111111111101000
1110011011111100
0011111010111011
0111111101010110
1111101001011110
0011111110101111
1111110011011101
0100101110110111
1110111111101111
1111001111110011
1101011100111001
1011100110111110
0111111111001111
0011111110110110
1011110101101011
0101011011101010
1110100110110111
1101110011111101
1001111111010111
1010001110111101
0011110111011110
1011100101110110
0101110101100011
1111111100110111
1111101011011001
0011101010111111
0011111011010011
1110001110111011
0100011111111011
1011011010101110
1111011101100111
1011111101101010
1010111010111101
1101001110111001
1011000111111111
0111111001111011
1011110000111111
1101111011100110
0111110011011010
1101111100101010
1011111111010101
1111111010101010
0111100100101110
0111000001011111
0011010110111011
1011001100111111
1111100101111101
1111010111010111
0010110111111011
1011110110101011
1101110011111110
1011111111001111
1001110101110111
1111011111100001
1100111110110010
1110010111110111
1011011111100111
1100111010111001
1011100011110111
1111011001001101
0111111011110110
1011011110111010
1011111101011000
1100110110111111
1011110011100100
1011001110111001
1011101010101101
1010111111111010
0001111111111111
1010110111110100
1001100111110111
0111011101111011
1111000100111111
1101010111100101
1100111111110101
0010011111110111
1001111010111000
0111111110101011
0101111010101111
0011100111110111
1111110101010101
1111101011001100
1011101000111110