1110101011101110
1110101111101010
1000101011010111
0101111010111000
1010110110101111
1010111011111000
1110001110111101
1111111101111100
1111111011001001
1010110111011111
1101010110110101
1100110101100011
0110110101011101
0111011110100111
1111011110110011
1111101110000111
1110101011110110
0110010110111110
1110111001101110
0111010111001110
1010111111001101
1101101010010111
0111110110111011
1111011000001101
1101110110010111
0110111100110111
1011110111011001
0101101110111111
0111110010011101
1110100111110010
1101110010111101
0100111011111110
1011101111010010
0111110001101111
1110011011011111
1000011010110111
0110111001111011
1111110111000011
0111011011001011
1111100011011111
0110111110001011
0111110101100001
1111111000011011
1100111010011111
1111101101111111
1110010101110111
1110110101010011
0111111100000111
1101111101111101
1110101110110100
0101011110101001
1111110011001010
1110011101111011
0111111101110010
1011001111111011
0101111111001011
1101111000100011
1010010111111011
0011111111111111
1101100111111111
1101011011010111
1110111011011010
1111011111010011
1100111111000011
1011100110011011
1111010110111001
1000101110111110
1110000011111110
1001101111000111
0111111111100100
1100011111100111
1100010010111110
0111111010101110
1101010011110001
1001110010111110
0111110011101010
1111111111011100
1111110100110111
0111010011111110
1100111101100110
0111111100011110
0111111011000010
1100101111011110
1001011111000111
1111111010110101
1110111010101111
0100011110110101
0110111111010111
0111111001101101
0111110010110111
1011111011001111
1111011111100101
1110010111001011
0101110110001111
1001101110110010
0110111110100111
1011110110111000
1100101011110011
1111111110010110
0101110001111111
1111010011101011
0111111101001110
1111110100001101
1111011111111010
1100101111100111
1101111010100010
1101111011100100
1111110010111010
1111010110101100
1010001011111110
1111001011110011
1100111100001111
1100110011101001
1111110011100110
1110111101110101
1110100111011001
1011111011110001
1100111111000110
1011101010111110
1000111111101111
1111011001001011
0110011101100110
1100111111011001
0101011011101001
0110011111100011
1101101011101111
0111110111011010
1011011111001001
1011110011100111
1110110111110101
1000011111110100
1110110101111110
1111100111111100
1111010111010111
1111101010100111
1000111111110011
1101111110110001
1111110000101001
0110111111101101
1110010101001111
0110011111011111
1111101011111101
1011010110111100
1011111101111111
1101101011010011
0110011011111110
1001111110101011
1011111011101100
1110001111110111
1100011011110001
1110101010111010
1101001011110111
0111100111011111
1110111101101010
1111111111010101
1111010110011101
1100111011100101
1011111011010011
1111000111100110
0100110101100111
1001111111010011
1100101110101110
0101110011101001
1111101110100100
1110101110100101
1100110111111100
1100011010111001
1111001111011111
1101001110101101
1101111011000111
1101110010101111
1011101111111101
1111100110100010
0111011001110101
0111101010110111
1110111101110010
0111010111011011
1101111000011110
0101111010101111
0111011110011111
1100010111001101
1111000010110110
1101010001111111
0100111001111111
0111011010111110
0100111110111001
0100101111110110
0100110011101011
0111111101001001