0111101101011111
0010111110011101
0111111011011100
1111100111101000
0101111011010110
0111011111111100
1110110111010110
1111101111001011
1110101111110010
1101010111111001
1101001110110100
0110111000101101
1111100011110100
1101011011111010
0111111111111000
1101110100111110
1011011111111100
0011110110111110
1110100010111100
1001011111111101
0101100010110111
1111101100011010
0100110100111111
0001001111111110
0101011100011111
1110111001110010
1011111111101110
0111111100001111
0101011000110101
1111101110100011
1000110101001111
1111110000010100
1111100110011010
1110111100011101
1101101101010110
0111110001011101
0111001110111110
1111101111100110
1101010011011111
1001110110110111
0000101111010101
0100011111110101
0111111001100101
1011101101001101
0111110101001111
0000011111110111
1101110110011101
1101101011111110
0110110010111100
1111010111111110
1010100110111101
0110010101111011
1111001010011110
1011011111101111
1111100000111011
1000101111110100
1101110110011011
1111101110010101
0010111111100101
0101111111100010
0111011001011111
0111110111000011
1010100101110111
0100011111000111
1110111001011011
1100101101000101
1011110101110101
0111101111101111
0010110101111111
1010101110000111
1110011010101101
0110111110011011
1110100101000101
1110010110101111
1110001101010111
0111101011110110
1111001110100101
0111111010100101
1111010111110111
1101101011011101
1101111010001111
1010110110111100
1111100010011110
0111100111011111
1110011100011010
1110110001000101
1101011101111011
0111101111111011
1111011011010111
0010010111111111
1110001011111000
0100111101011111
1111100011010111
1111111100110011
1110000111001111
1110100011101111
0110011101010111
1101001011101001
1100111110110000
0100110111001010
0110100011111100
1110010010111111
1111011010110100
1100111110011111
1101100110000111
1111101010111001
1101001111111010
1111110110111001
0010001110110101
1101111000101011
1100101100111101
1111011111010101
1100100001011111
1111011111101000
0100101010111111
1101111010110010
1110111010111001
1101110011100111
1101111110011100
0111111011110011
0101111100111011
1110110110111011
1110100111001100
1111100111110000
1101011101110100
1001111110110110
0100100110111100
1101110001011110
1111111011001110
1110111110000011
1100101001100101
1100001111111111
0101111100101111
1110101001010111
0100010011101101
1111111101111001
1111011110101011
0101111111101001
1111001100111111
0011100111111111
1110101110110100
0101111011111100
1111111011100100
1110101111100011
1101110110110101
0111101111011100
1111010000001111
0110111011001011
1111100001011100
1110011111101010
1011111011111111
1011011111011111
0010011101111101
0001110111100101
1000111101111100
1111101001111010
1111101111010100
1100011100111111
1011111111011110
1100111110101111
0101010101111111
0110111100011111
1110100011110011
1011100101101111
0111110111010100
1101011010111110
1101001101010111
1000111100111101
1100111011111110
1101111111000100
1111101110110000
1111001011110011
1101110101110010
1100010111101011
1101110101111101
1111100011101010
0101111101011011
1101100101010011
1000111101110111
0110110111110111
1101111000100101
1111100100000111
1100111111100011
1101011011001111
0111111101111110
1111111110101110
1110011111001011
1111011110010111
1101111101101100
1001110100111111
1001000110111111
1101010110111011
0110111011011010
1011011100111111
1011111111111011
1100111011000111
1101101000010111
1011101110001101
1101111001010010
0101111011111011