1111110011111111
1101101011000111
1001011011101111
1001100101111011
0101010111111111
0111111101101010
1100111101110110
1111111111111101
1101111111001110
1011111111100011
1101111111101010
1001101101101111
1111101011001110
1101111101011111
1101101111100110
1101010111110111
1001101011101011
0000111011111011
1111111111011011
1011110101101111
1110111011101011
0110111111110010
1011011101001111
0111101011111010
0110101111111111
0101110111100111
1110111111000111
0111111111011111
1110101011010110
1111111110111111
1010011011010110
1110110101101111
0111010111101010
1001011101101011
1101010101111110
1111001111111111
0011110111111011
1111111101100111
1001111111110010
1000100111011110
0111011111110111
1101111001110110
0101111011100011
0100110101111110
1101110111010110
0011011111111111
1101100111111010
1010101001101111
0101011101101011
1100011111111110
0011101111110111
1110011111111011
1110101011100111
0101100111101110
1111110111110011
1011111101111110
1100101101111110
0111100101111011
1110111011110011
1011101001010111
1110111001001110