0110110111011111
1001111100101101
1101111111101001
0100111111011101
1101110111001100
0111111100101111
0111110010111001
0011011001111111
1111011010101011
1110011100111101
0111111010100011
0111111010101101
0011111000110111
0100111111111001
1000111111011001
0111011101100101
1101110100111110
0101011110111101
0111011100111000
0100110010111111
1111111001110001
1100111011110100
1011111100110011
0110111111100011
1111101111111111
1111010101110100
0000110011111111
0111011110100101
1010111110101001
0110111101111111
1111110000110011
1111110000111101
1110110011001101
0101110101011111
1101111010101110
0110011110111111
0101011100111011
1101110111111011
1000111011110111
1110011010111110
0101011111001010
1101111001111000
0000011011111111
1101110101010111
1111011011100110
0010110111101011
1110111011001100
0111111001111001
1111011110110110
1110011101111011
1011011011111001
1100011111111110
1100111111100101
1011110100111101
0111110111100011
1011110001111111
0111011001111110
1100111111111000
0110110011110110
1111010001111111
0101011001011101
1111110001100100
0111110111001011
0111011011010111
1111111110011111
1100111000111011
0111010111101111
1111010011010110
1111111111010010
1101011111111100
1110111000110101
1011011010110111
1011011111101111
1111110101111010
1110011111011111
1111110001011100
0100111111101110
0111010011011100
0111111111101001
1011110010111101
0011110111111101
0101111111110111
0001111100111001
1100110101111101
0111010111111001
1101110001110111
1001010011011101
1111011101010011
1011111111111110
1111111100110110
1110110011100110
1111111101001101
1010111011001001
1111010010111011
0001111001101101
1100111011010011
0111011111011001
1101011011001111
0001011011011111
1000011101110101
1000011110110011
0000111111001111
1111010101010110
1110011011110110
0011111001011111
1100111001110111
1101111101001011
1110010011111101
1000111000111111
1100111011000110
1010111111100111
0110111011011010
1110111101011111
0111011001101011
1111111111010100
0011111011001101
1001011001110111
0100111111111100
0110110110100101
0111111011110010
0010111010111001
1101111010111101
1111010010111101
1100011111101011
1101011001101010
0011011111110111
1010010111110111
1101010111111110
0100111010101111
0111010100111100
1100011011111101
0111111011110001
1011111100100111
1000111001101011
1110110110110110