1110100101110110
0101111101111111
1011101110101111
1010111001011111
1111111110011010
1011110100101111
1001110001110111
1001101111111111
0110111110001111
1010100111011111
1111101111110010
1101111101001110
1111111111111101
1011111111100011
1110101101001011
1111110110111010
0011110110010110
1011111101100111
1111100111101111
0110111111011110
1110111011001111
1101110100001111
1011110111110011
1101110111111011
1110111100010011
0110110010111110
0011111001111111
1101111110100111
1011100000111111
1111100000011111
0010100111111011
0111111111011011
1011111011111110
1101101111110110
0111110011110111
0111101010001111
1100111111111111
0101101011101111
1101101110110011
0110111100110011
0011110110101011
1001111101110010
1101110001101111
1101101111101010
1111111001100110
1101110000011111
1001111110111110
1111111011111011
0011101111011110
1111111100110010
0110100011011111
1111111000001110
1111111101011010
1010110111101110
1110110110101111
1011110100011110
1001111101101011
0110101101110111
1010110011110111
1011111001101111
0011101101111011
1110101110001111
1110110100110111
0111111101111110
0010110111111010
1010101011010111
0011111110101010
0011111100101011
1011100110010110
1111111010010111
0011110011101111
1101110111100110
1111011111111111
1110101000111110
1101111000110110
1111110011011110
1001111111101010
0111110101110111
1011111100001110
0101111110001111
1110111111100111
1111110100001011
1110110110110110