1111110100111001
1110110111110001
1100011110010111
1110001011111011
1111011011011011
0111011101110011
1011101100110111
1010110101111010
1100010111111001
1111110101010111
0010010111111010
1001111101111111
1101111101010101
0011001101011111
0010011111011001
1111110100111110
1101011101110101
1110011111010110
0111011011110101
1100110111110110
1011001000111101
0110101001111111
1011001111010011
1111000011111001
1111101111111110
0000011111111101
1011011111010001
1010101110110001
1111111010111010
1111111100011111
1101000111111101
0111011111010110
0101110101111101
1101011111111000
0011100101011111
0111011110111111
1111011000111110
1010111001111101
1000101110111001
1110111001010001
0110110010111110
1011010001111011
0110110110011111
1110101100111111
0100101101111111
1110111000110011
0011110111110110
0111101110011011
0011111101110000
0111001001110111
0111111101011110
1111110101110110
0110111101011111
0110110100111011
1011111011111110
1110111111110100
1111010110111001
1101111101110001
1110010110111011
1010111100110111
0011011111111000
1100101110110011
1101101111011111
0111011101011001
0101111110110111
1111111111011100
1110100101111001
1010101111010111
0110011011111001
1010101110011111
1001010111011111
1111001111011101
0111100001111001
1111010010111111
1011101011110101
1111110011010011
1110101101011001
1101010110111111
0011110101111101
1110011001110001
1111111111101111
1001110111011011
1101011110111001
1010110010110011
0101101111111011
0110000111111111
1111011001010110
1011011101110110
0011101110111011
1101011101011101
0111111111010101
1101110101110011
1011100101110111
1001110110111100
1110110110010111
1111110001011111
1110111010010110
1111000011110111
1101111011111111
1011011000110111
0110100111011001
0111111110111101
0010111011111001
1111011101110010
1001011110111100
1001111111110010
1011011110010101
1101011110011101
1010010110111111
1110000101111111
1111010011110011
1111010110110100
1100010111110011
1110010101111000
1011110011011111
0111010101011101
1010110110111101
1011011110111011
1011011110110100
1011010101110101
1110011010011111
1010001111111111
1101010101011111
1010111010011111
0111111011011111
1101011101010110
1011100101111101
1010110111110101
0010110110111011
1110000111111011
0110011111110101
0001110111110101
1110100010011101
1011111001010101