1101001010011011
1111011110111110
0111101111011110
1111111100000110
0110111111011001
1101100110010110
1011101101111010
1101011101011010
0111101111100110
1011101111000110
1101011010101111
1011100111111001
1001111101111110
1101010111111001
1110101011110110
1111101010111110
1100100011111010
0101111111111000
0001110111011111
1110111101111111
1111010110001011
1101000100111011
0001101101011111
1110000011111011
1110110111010101
1111010011111110
1111000100010111
1100010111111011
1101111100011110
1010110010111010
1010011111111111
1010101111100110
1101101111101111
0011111110111011
0111111011111011
0110011110111111
0001111111110110
1111110111000011
0011111111111101
0101111011011100
0101111110011111
0110111010110111
1000101111110001
0011101111101011
1011110101111101
1001010111101011
0110100111111001
0101110110110011
1011010110101111
1011010101111111
1000110110110110
1001111010101111
1000101111011010
1111100110110010
0111101111010011
0101001110111011
1110011111010011
1110111111110100
1111010110111001
0111011011010110
1011111111101010
1100101110110010
1100110111101111
0011110101111010
1110000111101011
1010100110111101
1011110111100111
1010100011111111
1111001011010111
1000111110011100
1011001011111001
1111111101100011
1010101111010110
1111111111101101
0011110111010010
1001011101111011
1111010101011101
1110111110101011
1001110110110001
1000100111011011
1011110110011110
1011110101110110
1111010010111111
1011111100111011
1100111011111101
1110010011110111
1101110111011101
1011110111010101
1111001111111100
0110101110011111
1011000111011011
1100110010111010
1111001011110010
0110111110111110
0110011011111111
1110111011011111
1111011101011100
1101101011110111
1111100101010011
1110110110101111
1111000011110111
1001011111011011
1111000101110110
1111101110001111
0001101111111110
1011011011111010
1101011101001111
1101111101010010
1011111110100110
0111110110010111
0101101101111001
1101111110101110
1101011111110111
1100100110111111
0111111111110101
1101110100110110
1001111111110010
1100011110011101
0111101101011011
0011001011110111
0111101100111011
1001110111001111
0111011101111001
1000111110110001
0111100011111101
0110110111000110
0111110101000110
1101111111001011
0101111111100111
1111101111011101
1010110110110011
0111100111101011
0101111100111111
1101110111100111
0001101111110111
1111111100111101
1101001101011011
0101111111011011
1011001101101011
1111111010010011
0011111101010111
1111111001111111
0010111111010011
0001001011111111
1111110110010011
0101011111111110
1111011111100111
0100110011110110
1011101011001111
1101101101011010
1001100110111100
0111101101111100
1101110101101010
0111011111011101