0100111111111110
0111111111111011
1110101111101011
1011101111111011
0010111111010101
1110111101111100
1011101001111110
1101101110111110
0111110000011111
0001011101111111
1111101010111111
0011111110111101
0101110111011101
1100111101101111
1111011111101110
1101101101001111
0101110100111110
1111010011111111
0101101110111111
0111101111111101
1111110010110111
1011010111111101
1101011010010111
1101011101011111
0011111110010110
0101111100101111
0111110011110101
1001110111110111
1010101101111110
1000111111101100
1111111100101101
0101101101111111
1001111111111010
1111110111111100
1111111110000101
0101111110011101
1110011111011101
1000111111001001
1010111011111111
0111011111111110
1011111110111100
0100111101010101
1011011111011111
1011110110010101
1111111101111011
0110010111101111
0101111111101110
1101101001011111
1111011110000111
0110111111001100
1011110111100111
1110011111110111
1101011111111101
1011110100111111
0111111101010110
1111110111111011
1010011111101111
1101110010011110
1100110001010111
1100111111000100
1111111011111011
1101111011111101
1101111110001110
0011111011111111
0110111001010101
1000110111101110
1111011111111011
0111111000010111
1101010101101111
0111111111010100
1100101111111111
1110111110111111
1101101110001111
1011110111010110
0110110111010101
0101110001011111
0101011110101111
1011111011010100
1011111101011111
0001111110111111
1111011101111101
1110101101011110
0101110101100101
0100111111100111
1010101111001101
0100110101111111
0111110111000111
1111011010011110
1111111011101111
1111100111111111
0010010111111111
1111110101001111
0010001101111111
0010111101101110
1111101111110111
1110110101010101
1101001110101111
1101010111111110
1011110010111110
0101111100111101