1111111110011010
1111110101110001
1101100011011111
1001011111010111
1011011101011100
1100011111100001
1111101011110111
1111011100111101
1010110011111111
1011110111011110
1110101110111011
1111101010111111
1110011101110100
1110110100111111
0111110111011100
1111111001101110
1100010111011111
1100110110110001
1011101001011111
0011110101101111
1111101110011111
1111110000110011
1110111010111010
1010011011111111
0011101011111111
1101111011100111
0111111011010110
1011111010010111
1100011101011111
1011110000101111
1110111110011111
1010111101110110
1111111011111101
1110111101111011
1111110101010011
1011111110001101
1010111101110101
1100111011111010
1101110100101110
0011100111111111
1110111110110110
1101111100100111
1010001111110101
0001111110110110
1001111011010111
1110110101110110
1011011111110110
1110011101010110
0111011111111111
1101101111110111
1110101111010101
1100111011010111
1101011110111011
0110111111111111
1101011100111111
1110111101101101
1101010111010110
0001111010111111
1111111110101011
1101100111111101
1111110110010101
0111111101010111
1101111011110011
1010111010111110
1111011110101111
0011111101100101
1110010101111101
1111111001011110
1111010110011001
1110110010111011
1110100001111110
1110001111111000
1101111101100100
1111011111011000
0101111101011010
1101101111111110
1111000111111100
1011011000110111
1101110011101111
1111110001111010
1110010111010111
1111101111101111
1101010101011100
1110110111101110
1111110000011111
0101101111011111
1011110011110111
1110110011101011
1110001001111110
1011111111001110
1111110111110100
0111111111010011
0011110111100110
1101111100111011
1100110111011001
1111010101001111
1110110111101101
1110010111101011
1001111110011111
1001011001110111
1101110000111111
1011010101010111
0111111101111001
1001111111011100
1011111111111011
1111001111011111
1101011111101010
0101110111100010
0101110101100111
1011101101110101
0111110110111111
1001110111111111
1110111111001111
1010110111110110
0101111111100101
0011110001111111
1100111010111111
1111111101011000
1111110000110110
1011110010111110