1100110111101110
1101011010101101
1011110101111001
1110110001101110
1011011011101011
1100111111001111
1111101010010011
1101101010010101
0111110101111110
1001010001111011
1110000111100011
1100111101101111
1010111011011001
1111100010110010
1011001101010111
1110111111001010
1010011111100101
1011000111101001
1111001110110111
1101111000111110
1101100111101101
0011011011011110
1111001111001101
1110111101011100
0111101111111100
1101011010010110
1111110011001001
1100101010101101
1100001011111010
1110010100111111
1010011101101011
1011011101010110
1101010111101101
1101101011111000
1100010001110111
1010010101111110
1111111000110011
1100101111011001
1100111011010101
0011111101110000
1100101111110111
1101110011011110
1111011101101100
1111001011101001
1110101111001001
1101001110111101
1100111111100110
0011101101110101
0110111111111111
1111010111010011
1010011011111010
0101000111111101
0001111111111100
0111111111101011
1011110101110111
1111100111011111
1110010111001011
1111010101001011
1100101010111010
1110101111100110
1110101101101100
1100011100011110
1101101110001101
0111111101010000
1101011011101010
0111101111101110
1111110000101110
0101011101111111
0101101001111101
1111110010111001
1111110010001111
1011110011100110
0011001101110011
1110111011110100
1011110011011111
0111011110010011
1111111010001011
1100111001011111
1111001111110110
0111111011110111
1110000110101111
0001011011101101
1011110001101010
1111110110101011
1111001101101111
1000001111101110
1101011100101111
1111010110110110
1010111011110101
0111110110111110
0101110110110101
1001111001101011
1101110101101010
1101111011011001
1000111111011110
1111010010101111
1001100011101111
1110110101101010
1110111110011011
0111101010111011
1110111000011111
1101001111100111
0111100111110011
1101111010111100
1110101011110111
1111011100110010
1100111111101010
0001100111111110
1000011011110110
1101011100110111
1100010111011111
1100100011111010
1110110000111111
0011010111111010
1110011111010111
1110101110011110
0101111111011111
0011011011111010
1101011111101100
1010001111011110
0111010110110011
1011101101100011
1011101111011101
1110001011011001
1111111001101101
1101011111111001
1011100101101011
1110011011001111
1101010010111111
1101111100110001
1011111110111111
1111111101001110
1111110011010110
1011101011110000
1110101101111000
1110111110110111
1111101100111111
1111111110011100
1001011111100011
0001110111111101
1101010001101110
0001111101111010
1111110111111100
1111011010111001
1011100111110111
1110111101001001
1100111101110001
1111110011010101
1000100111111010
1111011011011010
1111101101011011
1111110111100101
1111111001010011
0101110111110011
1001111101111101
1110100111110110
0111111111001100
1111011011001011
0111011011111001
0101001111111110
1101101101111110
1110001011101011
1110100001111110
0111111100100111
1111111111000111
1111010010111010
1000011101111010
1101111111010011
1101111101100011
0101110110101101
1111110000011111
1001001011011111
1101111000110101
1011111111001111
0101111011101110
1011001011101101
1011101001110001
0111110011111111
1111101111011100
1001101011101110
1111110000110101
1101111100101100
1011111011010010
0101111101110111
1101110101011111
0111110101110111
1010111101111101
1111111110001001
1001001111101101
1011100101111110
1011110111011101
1111110000110110