1011111011011110
0111111101111011
1111111001101000
1111011110111110
0011111111110110
1111111110011010
0011111011101100
0011111011100011
1011101101000110
1111111000011101
1101101110111111
1111011100001011
0011111000110111
0110101100101111
1101001011110011
1101011110001111
1110101010111111
1011111110101011
1011111011011001
1000111111011001
0010111010111100
1000011111101000
0110101101100111
1001101111111001
1001001111101011
0111111111011110
1001101011111100
1011111011000111
0011101001100111
1111001011101100
1111111010111011
1011001010100111
1011111000110110
1110111110110100
1110011100110001
1101101101101011
1011101111010011
1110011011111001
1010101011101001
1111110111111111
1001111111001011
0110101011111000
1110001011110100
0100101111100101
0010111011101001
1000101011111111
1100111011111010
1010111111110101
1101111011010101
0110101011100110
0111111111000001
0101101111111110
0110101110101010
1100011111001101
1111011101111010
1111101011101000
1101111000101100
1100011011010111
0111111101011111
1110011101010111
0101101011101101
0111101101101100
0111011111111111
1100111111001100
1011111110110011
0010111110101101
0101111110101010
1001011110101101
1011011110011011
1100111100111110
0111111010101111
0111101110110001
0010101011100111
1100011111110011
1111101011011111
1000111111001111
1010111010011101
1010111111001010
1001101011111011
1001001101011111
1100111101111000
1010001111100010
0010111100101111
1111111011000110
1101101011110010
0011101011101010
1100101011111101
0101111010110101
1100011110111001
1110111100001011
1110111000110111
0111111101110110
0101111011111000
1111111011100101
0011101111111101
1011001111000110
1111101001100110
1010001011111111
1011011110011101
1110001101001011
0110101110111001
1011111110111001
1100001111101001
1111101110001110
1101111110011011
1001111110100110
1110011010101101
1011011011111010
0110111110011011
0100111111110000
1110101111100100
1100111110101011
0110111011011001
1001111111110010
1110011011010101
1100011100011101
0100111100100101
1110101101110101
1111101101110100
0101111111011001
0001111110101110
1101101111001010
1011011101100111
1111101111011101
1101111010001111
1101001011110110
1111011001111111
1011111001100011
0101111001111101
1000111111010011
1110011110010101
1011101010101100
1011001100011111
1101111000110111
1001011011100110
1011111111001001
1011111001111010
1001011011011011
1101011101101101
1001111111000100
1011111101111101
1101011010111111
1101111110011110
1110001011100110
1101111101010111
1010001101110111