1110100101110110
1111101011101110
0111110101011110
0111001111101011
1011011101111111
1110110011101110
0101100110111111
1101010010111011
1011110111111010
1100111101110110
1101100111011011
1111111111111100
0000011111111110
1011111010001101
1110011011000111
1111101011001111
0100111011001111
1111111011010101
0101111011110111
1111111110100110
1000100010111111
0111010001110111
1000011111111101
1001100101001111
1111110101110011
0111011101111110
0011110101101111
1111011111101110
1011111001111111
1101101011111010
0110100011110110
1000010110111111
1010111110001111
1111010111000111
1110111101011101
0110101111011010
0111101011011110
0111011101010011
0101110111110111
0101001111101111
0100110111011110
1111110010110110
0010101011111111
1111100001011110
1110011011100101
1110111111000101
1110011010111110
1010100111011011
0000011011111111
1101101101111011
1101010001110111
1111010110111110
0111100101110111
1111110011010111
1110001010110011
1100011010110111
1110101111111001
0001110011001110
0111110010011011
0011111010011111
1101101111011001
1100001111110011
0010110011011110
1101111111011010
0110111110111010
0110011011101111
0101100111101111
1111011110011111
1101011011010111
1111110111111101
1110011101101101
0011110010111110
0101101111100111
1100010110110111
1011111111110111
0110111001111111
1111101110001011
1100011111001111
0111110110010011
1110110111000111
1111001111111110
0110111101010111
1101010101010111
1111110101000111
1110101011100101
1010100101101111
0110111010111101
1110101001011111
1111111111000001
1010111011001110
0100110101111011
1110111010110110
1011010011111111
0111101111000011
1111101010110101
1111001111111101
1011101101101010
0111100111011011
1111111110101001
0111000101111111
1101111111100001
1100011111010111
1100101011010110
0101101111101110
1100111111000110
0100100101111110
1110110101011011
0111111101101110
0110101101001111
0110110111101011
1100011011110110
0111101110010010
1101111110101111
0111111010011110
1010101010111110
0010101101111010
1110111011100010
1111111101101001
0101101110111110
0011101011011101
0101101111011111
1110011111011011
1101001001100111
1111111100111111
1111111001111101
1000101111111010
1000111010111110
1010011011011111
0111000010110011
0111111011011010
0000111111111010
1101100011111110
1100110110111011
1011110010001110
0100000111111111
1100111001101010
1110110101001111
0111101101011001
1010111011011101
1111110111001011
1001111111011101
0111001111001111
1101110111110011
0110001110101111
1100101101111101
0100010011011111
1101010011111010
1101010001111110
0111101110100011
1011011111111011
1111101101010001
0111011010111110
1100000111101011
1101111110011111
0010011111011111
1111000011101111