1011001111111101
0100111111111111
1111110011101111
1011100111011110
0110011111110011
1111111101111101
1101011011100100
0111111111100111
1111011000110111
1101000111111110
0110110111111111
0001011111111110
1101010111111000
0101111010111111
1001111000011111
0011111100110011
1011111011011101
1111111110100110
1101101110101010
1110111011101011
1010101111011111
1100110110010110
0101111111011110
1100101110011111
1000111110110111
1110111101111111
0111011001010111
1010000110111010
1101111000111110
1001101010111111
1010010111111100
1111111101100110
1011111111110110
0101101101011111
1011101101111111
0111101010111110
1011011111011000
0111010110101011
1101101011111001
1111101111001111
0011111001111011
0011111111001101
0110001011111101
1001111001111010
1111011100101111
1010111011111111
0010011111001111
1100011011101110
1111100111011100
1100010110110111
1111010011111011
1001100111111011
1001111111001111
0111011111101100
0101111011111010
1110111011100110
1101101011101010
1100111111100111
1100011110111011
0111100111101100
1011011111101110
0101011001110011
0111011010101110
0001011110110011
0011111111011110
1101110110011011
1111111010110110
0111011110010111
1011111111110001
1101011010110011
1000001111111011
1010111111010111
0101011011101011
0111111111110110
1011111000101011
1110111111011011
1110110111111001
1101001110111010
0011101110111010
1111111110111101
0011000011011111
0011011011110111
0010011111111110
0110001011011111
0011001110011111
1111010111110001
1111011010100011
1001011011111011
1110111111100010
1001111001011011
0111111101111110
1111101101101110
1011111110010011
1111110101111111
1001110110111111
0101010111111010
1101011010100111
0001000111111111
0110111111011101
1001111011111000
1101011111011111
1011111100111110
0111110110001111
1111100111011011
1100111011110000
1111010011111100
0110011011111110
1100010111110010
1110011010101110
1111111111010101
1100110110111011
0011011101010011
0101111111111101
1100100011111110
1011110110110111
1010100110101111
1111101111110111
0001110111101110
1011010111101011
0011101010101011
0111101111111001
1001111011011010
1100100011111101