0111010110111001
0111001111101011
0111101011111100
1011100101111111
1110110011101111
1111110110011110
1111011101101110
1011101001111111
1111000111111011
1011000011101111
0111010100111111
1111111011101011
1111100110111101
1101011011111010
1001111011011101
1010011110111011
1000100010111111
1111110101001011
1111000010101111
0101001110111111
0111110111011101
0011111101101010
1111110100011101
1000010110111111
1111111010111011
0111111100001110
1010111111101110
1101101111101110
0101111111111011
1001011101111111
0111111110001011
1011110010101111
0011101111011001
1101111011001111
1011110101111101
1111111111110111
1111111010111101
1011110101011011
0111100101011111
0111110110101111
1100111100111101
1110101011011100
1110101010011111
0011100111001111
0101100110011111
1111001101111110
1101110111101110
0110111111111111
1000101010101111
1111111110101010
1010100111101111
1111111111101101
1111100111111001
1110110101111011
0111101111001110
1100101111011110
1111110101111010
1011110101001110
1010111111111101
0101010111111111
1111011111011111
1011111010111110
1010111000111111
0101101110001111
0011111011111111
0111101110011110
1001001011111111
0111101100011111
1011111110011111
0111001011111001
0101111001011111
1101101111111101
1011110111001011
0011001110111011
1101101101011111
1001110111011001
0101111100001111
1110101100001011
1000111001101111
1111011111111100
1111100110111011
0111010011111011
0111110101101011
1010101111111110
1111111001111101
1011100011011111
1001110111111000
1111001101101011
1011001011111011
1011111101011000
1110111011101110
0111111010111111
0101100001111110
1100111101111011
1100010011111011
1111101001011111
1011111011101110
0111101101111101
1101001000101111
1101111110011110
0011101111111010
1101001111111011