1100110111001101
1110101011101111
1110110110011111
1100101111110101
0011110111101100
1011111110110000
1100110111101100
1111110111101001
1111101010111111
1111111101100101
0011111110111000
1101100011111111
1111110100111111
1110101111010010
1110100111101110
0100111111011110
1101101101110111
1110101011010111
0101110010111111
1101111101110100
1100110111010101
1001111101111001
1011111111011111
1000111101110010
0001101111101111
1111110110011011
1111111011111101
1011111011110010
1010101101111110
1101101110011111
1110101111111000
0111111011001111
0000111011111110
1100111100110011
0110101011111111
1101111100110010
1110111111110100
1001100111111011
1111101100111001
1111110011111011
1011100011111111
0010101111111111
1101100101111100
0110111110111001
1101111101100111
1001111110111111
1110100111011111
0110110110111100
1111100101011110
1011110111110110
1100111101111000
1100111101011110
0101101111111011
0111101110011110
0111111111110111
1100110101110011
1111110101011011
1011101111110101
1111111100010100
1100110111011110
1011110110111110
1111111110010000
1110110111111010
1110110110110011
1111111110101111
0111111101111111
0110101111001011
0100111111011001
0101111111011000
0110110110111011
1111101111011101
1111111101101010
1111101111101000
1011101101101110
1111011111111111
1000110111111111
1011101111111100
1111111001111111
1111101111110000
1011111011101110
1101101101011010
1111111111100110
1110111111100111