0111001011111111
1111101111011010
1110101101011011
1101011110010111
1010111101110011
0101110111101011
1111100110101110
1111111011110111
1011011011101011
1101011110100111
1100111111001111
1111111111111101
1111111001111011
0111110101111111
1100001101110111
1011110111011110
0011111111111011
1111101110000111
0111001111100111
1111011101111110
0111011100110111
1111111011011110
0011101100010111
1001011111110011
0110101111111111
0110111111011110
0100111100100111
1011111001111110
1111011111101110
1010111101111010
0110111010111011
1011111011111010
0111101101101010
1001111110100111
1101100000111111
1010110110111111
1010111111101111
0100011101100111
1110101011111010
1110011111110011
1111101011101011
1001001010111111
1110111110101110
1110111110011111
1111110010011111
1111011001101111
0100111101010111
1100111011111011
1010011111011011
1100101111110011
1111000111111111
1111111111110110
0111110011111111
0011011111111111
1011101111101111
1101100101101111
0111111011001111
1110011111000111
1111010110010011
0111110110011111
1101011101111011
0010111011111111
1011010110011111
0111111111110011
1111001001011111
1111100111101011
0100011001111111
1001011001011111
1101110101011111
1011100111011111
1101111111111110
0011111111100111
1010101000111111
1001110010111111
1101101111011111
1011111100010011
1011110101100011
1101011100111111