1110100101001110
1100111010101010
1100010110101111
1011011111111111
1101110001111011
1110110001101110
1010100111011110
1111101100011111
1011110101111010
1110001101101111
1110100110011111
0111110100101110
1100011011111011
1111111000111101
0101011110111100
1110011101101011
1110111111001011
0101110101001011
0111110110011001
1111110100111100
1110011001011110
0100111011011101
1010110101111100
0111100100111110
0110110100111001
0011101111101011
1001101001111101
1111010100111111
1111111111110111
1111111100011101
1011101011101011
0011111001111011
1111000111101001
1101100111111111
1011100111011000
1110101110101110
0011100101111100
1110101111111010
1011101111101101
1010111111101010
0111011101101100
0101110100001111
0111101101101111
0111111111101010
1100001010111101
1101110110011011
0100111011011010
1001101111101111
0010101101111101
1111010110011001
1101111110101101
1000101101011011
1011111110011111
1011100110101011
1001110110111100
1110110001011111
1110011011101011
1011111101001111
1011110011001111
1010111101101011
1111001100101111
1110111111011001
0011111011111001
1101010010101111
0001111110111111
1111110010001111
0001110111011100
1011110011011000
1001111011111000
1111101011011011
0011111110101011
1111010101111000
0111011100101101
0101011011101111
1111001111011111
0010100011111111
1001110111001101
1100101101111110
0100011110111010
1010101001111100
1111010110011110
1111111011101101
1100110111001100
0111011011001111
0111011100111011
1110001001111011
1011111101101100
1100110101101101
1111110110111010
1100101111101001
0001111011111111
0111111001011111
0101111101111101
1101011011011100
0100111010111010
1111101000101011
1111101110011110
1110010011111111
1111000110111110
1100011110101110
1100110100101111
0101111111101001
0100011011011110
1110011110101010
1111110101011101
0110100101011110
1011111001011000
1111100101111011
1111110010101110
0111100111001101
0100110111111101
1101101110011001
0101011110101011
0100101101011011
0111010101111011
1100101001101011
1110001111111110
0110110110111100
1110100110101111
1011101110111001
1000111100111110
1101010111001111
0100101001111111
1111001101111101
1011101101101010
0011101101111001
0111101011111010
1100110111111001
1101010101101110
0110110001111001
1101001111101111
0111010111011111
1110111011111000
0101111100011110
1101110011101110
0111001111111111
0111101100111011
1011111111001110
0110111111101111
1000111010111111
1101101100111011
1110111100001110
1011111000101111
0011111110111100
0101011101101011
1100110001111101
1100011110011111
1000110111111111
1111001010111011
0111011010011011
1100101010011111
0011100011111101
0111101011101111
1101111000011111
1111011100111110
1101101101011010
1111000110101101