0010111110111111
0011110011111011
1110110011101111
1110011011111011
1101111101101111
1110001100111110
1111100001101111
0111111111011111
1111011111101101
1111011001101110
0111110111111000
0110001111111110
1111110110111101
1111000111101111
1110001111111011
0110100100111111
0011111011101001
1011110111111110
0011110111101011
0011011101111111
1111111111110111
1101100001111111
1111101011101001
1111110001111101
1110100101101111
1101111111001101
1110110101011111
1111111101111011
1010111000111100
1101111111111110
1111001110101111
0110111100111100
0110111001111111
1110111111011101
1010110100111111
1110111111101001
1110111010101111
1101001110111111
1111000110011110
1111111111011011
0111010011111101
1111011010011111
0101110110101011
1110110111111001
0111011110111100
1110000111111101
1111010010111011
1011011110011110
1111010101111111
1101110111011111
1011010011111001
0110011110111110
1111011011001111
1110101100111100
0100111110111101
1010111001101111
1111001100011110
0001111001111101
1111011110111010
1011111111001111
1011101111111111
0110111111101111
0001111110101101
1111100010011110
1011111010101011
0000111111111111
0110101101111110
1101101100111111
0111111010111111
0001111011101111
1101110010101111
1101010111111111
1010111110101101