1111011111110110
0001011111011111
1101111111010111
1111010011100111
1111111110011010
0101010011111011
0101011110111110
0011111001011011
1111001110001011
1110111101110011
1011101111111011
1110010011111011
1011111110001001
0011011111000111
0111111111100110
0010110111101111
0001101111100111
1101001100001101
0111101011110001
1111011000101011
1101111000001011
1110101001110111
0001100111111111
1101011001111111
0101100011011011
0011011110101011
0101110111011101
0100111111111001
1101101101101001
1101101110101011
1001011110111111
0111101001010111
0110101111111111
1001110011110101
0101111110011001
1111011010001011
1010101001011111
1101110111001111
0111110110000111
1111100111010111
1011011100101111
1101111110111100
0101111011101111
0011111001101101
1101001100101110
0111111100001111
1000111111111101
1110010011011101
0101111100111001
0101101111111100
1101010111011100
0101111111001001
1110101011101011
0101001110001111
1111000111101111
0001101010110111
0001111100011101
0111011001111100
1100110111111011
0110111001100111
1101110111111010
1101111001111001
1111001101001110
1010111101101001
1111001011011110
0011010111101011
0011111011111010
1100001011011011
1111100110110111
0010110011011111
1101111110100111
0011011001100111
1011000111011111
0111111011010100
1111110111110011
0101001101111101
1111100010001111
0110111111011011
0110111101011110
0011011101110011
0001101110101111
0011010111011101
1111011001101010
1011010011101111
0011110110110110
1111111110000110
1001111111111001
1101101111011110
0111000110111011
1010111001101011
0011110011010111
1101110010111001
1011010110010111
1011101110011110
1011001001011111
1001010111011110
0011111010000111
0111001110101001
0110111001101101
1111101001011110
1111110110010100
1101111110110101
1111111110110010
1011011011011011
1110101101011001
0011110110101100
1111100111100101
1000101111101111
1111100010011011
1110011101111111
1111001010011101
1011011110110001
1010111111010111
1111101000000111
1111111011100101
0111110010101011
0011101011111101
0011111101111110
1100111011011110
1011010011111011
1011110011001101
1010111111111110
1011001101101110
0111100110111100
1111011111011001
1000111011111011
0001011101110111
1011010111101110
1111100010101100
1111010011001101
1111111101110101
1110111110111111
0111011011011100
1011111101101010
1111101100111100
1011110111010110
1011101011101101
1011001110111111
1111011110111010
1001101101100111
1011111010011001
0111101111001011
0101011110111011
1111110101111111
1100111001110110
1110111111111010
1001111011001111
1100001111101111
1011111010110001
0011101001101111
0111110011111110
1110110111011100
1111000111111110
1110010111110111
0111011011011011
1001111101111011
1111011001000011
1111001111110111
1011110010111001
0101011111011011
0010011111011101
1111101000001101
0111011111101110
1010111011011101
0011111000011111
0110111011110011
0111111010111110
1111110010011001
0111011111110101
1111111111111000
1011011011101001
1011010111101001
1001101011110110
0110111111101001
1110011111100111
0100110011110111
1001101011110101
0111110011111001
1110111111001111
1101001100111001
0111100010111111
1011010011111101
1100111001011101
0101001101101111
1100011011111101
0111000011111101
0110111111110101