1111101101101010
1011010011011111
1000111111011111
0101110001101111
1001011111101011
1111111111101101
0101010011111011
1110001011111011
0011001011111101
1111110100011110
1100111001111101
1011011011101011
1101111110111111
0000011101111111
1101101111111111
1111101111111100
1011101011111110
1110111001111011
1111100101101111
1110001101111101
1010111001011101
1011111100011111
0100111101111101
1110111111101111
0111000011111011
0110111111111001
1111010101011011
0101011101101111
1100011011111011
1111111001011010
1101011011011101
1111110110101110
0101010111111001
1111001010111111
1111011011101010
1011110011011100
1111101001111111
1011111101111001
1111001100101111
1101011101001110
0111110100011101
0101111101111011
0110111010011111
0111111111111110
1001111101011010
1011001110111111
1110110111111111
1111110001101010
1110011111011011
1001111011111001
1011111101001110
1011110010011110
1111010100111111
0111100111111001
1111111111110111
0111010101011101
0011110110111111
1101111101111100
1011110110111100
1011110111011011
1101111011011110
0110011001111111
1011110001111111
1001011111111001
1010111111111011
0110011101111011
1111111111111000
1001010111011101
1001110111111110
1101110101011111
1111111110111011
1011010011101111
1111101111011111
0001110111111111
0011011101011011
1101110111101110
1100011011111101
1001111001011111