0111011111111100
0111011111110010
1001100110011111
1011110011111110
1110101111111100
0101110110011111
1111010010110111
1101111110111110
1111111111110001
1110111101011100
1010011111111110
1111100011110111
0100101101011111
1100111111111101
1011111101110101
1011001111111011
0110011111111111
1111101010011111
1000101110111111
0111111110111001
1011111101110010
1111110111111011
1111011111011111
1111110011011100
1011101010111100
1110111110110011
0110111111110110
1010111101010111
1101011101111111
0101111111110110
1101111011111000
1101101111110011
0101101111011110
1101101001111111
1001111100110111
0111011110110111
1111101100011110
1100110101011111
1010101110111110
1111001110111101
0111000011111101
0101111101111110
0101110011010101
1001101111011110
1011101001011110
0101010111110111
1011110011011101
1111110010011110
1110011101110111
1110100100010111
1011101101111101
1110111011111111
0111001011110011
0011111111111111
1011000110111111
1001011011111111
0110101110111110
1111111111101111
1010100110111111
1111111111011011
1110111101110100
0111110100111111
1101010110111101
1011110111010111
0111101110010110
0111111111110100
0111010110111101
0111001111111110
1111111001111101
0111111111011100
1011101110110010
0111111100111011
1011111011011100
1111110110110101
1100110110111111
1111110110011101
1110010110110111
1101111101111010
1001111001110111