1110110111101010
1111001011111011
1011010001101111
1001100111110001
0111110111100101
0001111011100110
1110110110100111
1111101101110001
1110111101111101
1101010010111011
1111111111111100
1101110011100110
1100111010110011
1110110100111011
0111111001011110
0011110101101111
0101111111011111
1011111011111011
1110111010011001
0100111110101110
1110111000111111
1111111111010111
1010111111011010
1111110100111101
1110101111101111
0010111011110111
0110111010011111
1011011110001111
1011011111101011
0010110011111110
0111011111001111
1111110110011011
1101111011111001
0011111111011011
1011101101111101
1101111111110010
0101000111101111
1011010110101111
1111001011101110
1011101111101110
1001101111101011
1100100111111011
1101111110100111
1111011111110101
0110111111001110
0011010110110110
1001110110110110
1000111111111010
1110110001011011
0010111011101110
0011111110101101
1000101111110011
1011101101001111
1100111111001110
1111011101101101
0011111001100111
0101110110111111
1111101101111110
1010111110110010
1111011111101001
0011110001110101
1011011110011010
0111111010101111
0111111110001111
1001111110101101
1001101011100111
0010111111111001
1001011110110111
1111011010011001
1011110011101101
1001111111001110
0011111101011111
0111110001111010
1111010111110011
1101010110111110
1110111100110010
1010111010111111
0011111111100101
1110111010110110
1110101011111001
0101101011111111
0101110111111010
1111111101101110
1011011111001110
1111101101100111
1110011111111111
1110111010001111
0111011010110111
1111100011101011
0011100011110111
1101111101111111
0111001101011111
0111101101001111
0001110011110101
1110101011111010
1101110111101011
1001110110101110
0111101111001011
1100111110011011
0010110111100111
0101110111101110
0110110100110111
1111001111101011
1110111001111110
1011110001011110
1111110111011101
1111101110111111
0111101001111111
1110110111101101
0011110111001111
0111100111101011
0010101011011111
1010100011110111
1110111111100101
1110100001111011
0111010011111001
1111001111110010
0010111100110110
0011111101111011
0100111110111010
1011111010011111
1101101111111010
1111011011101101
0100110011110111
0010110001111111
0110110111110010
0010100111110111
0111011110011111
1111110000110111