0101111111111110
0111111011111110
0010101110111101
0011111111101001
1000011111101010
0111011101111101
0111011111111100
0111111111011000
1110011111101000
1111101111110001
1100111101001111
1011111101000111
0101011101110111
0111110101111111
1111110101010111
1001111101111111
1010110001111111
1111011110110011
1010110110110111
1011110101100101
1111011001111011
1011011011111100
0111101011011101
0011111010111101
1111110111110110
1111110101111100
1100111111110010
0111110010111111
1111100111010111
1011111011111011
1111111011110100
1110011101101011
1110110100100111
0111111101100101
0110110111000101
0111111111100001
1010111000110111
0110001111111110
1001111111110011
1111000011011111
0011110111111011
1110101010111100
1100111111010110
0010111011110111
1110101000110111
1111011001011111
1110110101110101
1001011111001101
1011000111111110
1110110011100001
1110110110101101
1111111101111001
1010000111011111
1111011111110101
1010110111100001
1101001110111110
0111011111000010
1100111111001101
1011111110111100
1111010110111001
1111111011110010
0111001011011011
1110010111111110
1110101111111011
1110111110110000
1111111110011111
1111001101111111
1110011111110111
1010111100100111
1111110001111110
0011010110111110
0110101111010101
1101111111100110
1111011100101100
1101110111111111
1001001111011110
1011101110111001
1111000110111011
1111110111011000
1111000010111111
0010101101011110
1111100011111110
1010011111001111
1110100101111111
0000111110111001
1011111101010010
1111110100110101
1011011100111110
1010001011111110
1110111011011111
0111101100110010
1111101011011000
1111011101100110
1101111011111111
0011011101001110
1110111101001110
0010111101100111
0111011011011101
1011111101101011
0111111011000011
1110100110110101
1110110011111110
1111101111101111
1101111110101111
1011011100111101
1110100011110111
0011100111011111
1111110011000111
1111010110101111
1010001110111110
1110110111101110
1011110110110001
1110011101011011
1111011110100111
1111111001111101
0000111111010101
1111111001110011
1110110111010011
0011100110111101
1110101101011100
1011110001011111
0101011111111101
1101011101101111
1011101100110010
0101101111110101
1111011111001000
1110110010111111
1011011101111100
1111110101001110
1111011011010111
1111010000110111
0111011101111010
1111011011101111
1111110000101011
1111010010111110
1001111111000101
0101111101000111
0111101111111001
0010011111101010