0110111010011011
1101110110110011
1110001011111011
0000111011100111
1000101101111111
1111011101101110
1111111011001001
1111011010101011
1111111010111001
1010101001111111
0110111010101101
1110101010111111
1110110110111011
1110011111110100
1101011011111110
0111010101111101
1011011001111101
1001100111101001
1100011111101110
0011011011111011
0110110111111001
1011010110111111
1101001110001111
1111110111010100
0010100111101111
1100001111111111
1110011101110110
0100111111111010
0111010111110101
1010101110101011
0001101111111111
0001011001101111
0111111011111010
0101011010111111
0111011110000011
0011111111100011
0111011011001011
0001011111101011
1011101101111110
0101001111111011
1101111011111011
1111111110110110
0110111011100001
1101101011001111
1110011001110101
0111010111101101
1001111010101111
1011010111111110
0111110110011110
0111111101110011
0010101110111111
0000111111110101
1001110110110111
1000110101111011
1011011011100111
1010001111101111
0000011011111101
1111111011110010
1011001101100111
1000101110111111
0010100101111101
1111111010111110
0110111110100001
1111101111010100
1110111111011101
0001110111111111
1111011111000101
0110010110110111
1010100110111101
0101101101111101
1010111011100101
1100100101111101
1110110111000111
1111001111111110
1111110011111111
0111010111000111
1101111101100111
1011000111111011
1110011111011111
0110011010101111
1010111111110011
1010111101111100
0011111111011111
0001011101110101
0111110101110100
1111111001111011
0111101011101101
0111100110010111
1100111110001110
0011111111100100
0010111111111011
1011111111010010
1011111110100001
1111001111111101
1111011111111010
1111101111101100
0111110110010001
1111010110011001
0111000111111011
0101111111001111
1110111001100100
1001110111100001
0001111111110000
0101110111100111
0110100110111101
1100110110101111
1011111110111000
1101110111011111
1111110111111010
1011111101110110
0011100101101011
0110011110111110
0101111010110111
0011110101111110
0110101001101110
0110011111101101
0111011111101001
1101111111011101
1101111101101101
0010010111111101
1110111011010011
0000111111100110
1111111100111111
0010011101110101
1001111011001110
0111100111000101
1011001111011111
1101000110110111
0011100110111111
1011101110111100
1011011111010110
0010011011111100
1110101111110111
1110110101101101
0011110101110111
1111100111111110
1010010101110101
1001011110111110
1010100111001011
1111111101011111
1011001001111111
1100110111111100
1100111110110111
1001111110110011
0010111101101111
1110111101110010
1011111010110111
1111011111100110
0110110111110011
1101010110111001
0101001111011111
1001101111100010
0110111111110100