1110111111111111
0101101111001001
1111100101000011
1111011011111010
0111101011101011
0001101111101111
1111111111110110
1101000111111011
1111110011001010
0111111101011111
1001001101011101
1111101011011111
1101001111110111
0111111011011011
0001111101101001
1001101111101000
0001000111111111
0111111111101110
0001101111011101
1101000011111111
0111111111100011
0011110111001111
1011101011111000
1111111011100011
1011110111111011
1111011111101111
1011111011100111
0101101101110001
1101011011011101
0111110111100111
1101110111001111
0111101011110111
1011111111011011
1011010101011111
0101110011111010
1111110011100111
1101011111111110
1111110111111101
0011111011101111
0111110111001011
0011010111110111
1001101101101110
1001111111110101
1111100101111010
1111011101011100
1111111110111111
1101111101100011
1101101111010111
1111111101101010
1101111011101011
0001110011011110
0111001111111000
1111111001111111
1111111111001100
0011101101100101
0111010111011010