1111100110111110
0111111101111011
1110101011101110
1011111110010110
0110101111011111
1011110110101111
1000011110011111
1110111100011011
1111111011110111
0110000111101111
1111101111111100
1001110111111100
1111001101101110
1101111111001111
1111111101111100
1100000111111111
1101101110111111
1111110001101101
1011110111011110
0110110101011101
1100110111100011
1101111100010011
1111111011101011
1110110100111111
1111110001001111
1100011111111011
1110100111110001
0111111111111000
1111011011111010
0011111010111101
1111111000111101
1000111111111110
0111110110000111
0101111111011111
1010111001111111
1111110110011010
0111010011101111
0111110011111100
0100111110101111
1100111100011111
1101010011111110
0101110111110110
0101001111101111
1111000101011110
0101010001111111
1101110110110111
1111011110011001
1111011010111111
1110111100110101
1001100101111110
0010001111111101
1011011101010110
0010011111001101
1101011110101110
0011111010101111
1101100101011110
1100111111111101
1110101111001110
1101010001011111
0110110110101011
0111101110011111
1110100011111111
0011111101000111
0110111111001110
1111001111001010
0100100111101111
1111001101011010
0101001101111101
0110101011111111
0011101111011111
1101010111101111
0101111001101111
0011111100100110
1110110111011011
1011001001101111
1100111100111110
1110111011111100
1101111000111010
1100011100111111
1110011011111101
1001111110101100
0011101101110101
1110011111110111
0111011111100010
0111011101101101
1101111101100111
1010110101110111
1110111010101111
1110100111011111
1001001101011111
0111110110111100
0111110100111101
0101110011111110
0010110111111101
0011110101111101
1110111110001011
1111010111111101
0111111101001110
1110001101011111
0111011110001011
0110011110111101
1110111011011111
0010011101001111
0111100011111111
1011110101110101
0111010110100011
1111011110101000
1001111101110110
1111010110011011
0110111110011011
1101111011011100
1011100010111101
1101101001101111
1100110001111111
1111110111101110
1111100010011101
1011111111100101
1011010110111110
1001110110111111
1111111110001101
1000111100110111
1111101100010001
1111101111110110
1111110111010010
0110111110110001
0111101110100001
0100111100111111
0110001111101101
1111111111100000
1111111101101011
1111001111110111
0110001100111111
1101110000111110
1110111111100101
1100101111100011
0111101111111010
1100110110111111
1111011110010101
1101100101111010
1011111111111011
0111111011011111
1001111011111111
1101001101011011
1110111110010110
1101101001111001
1111101100011110
1111001110111101
1101111111110101
0111011111011100
0010011111011110
1100111101010110
1101011011111100
0101111001111110