1101110010110111
1111110110111001
0101010100111101
1101010100101111
1111101110100111
0100011101110111
1001101010011111
0001110101100111
1101011111011010
0111010011101101
1110110001101101
0011111111010101
0111010111010111
1101111010111100
0111111001111101
1010110011111111
1010111110101011
1011011011110011
1110011101110101
1100111111010101
0001101011111101
1111110001110111
1010011101111001
1111101011101101
1111111000111101
1000100111111101
0000010101111111
0111101101100111
1010111011111011
1110011010111101
1111010010110111
0001001111111111
1111010110110011
0111111110101110
1011111111101110
1011011111100101
1111001011100011
1101001010101111
0100101101110111
1011010101110111
0001110011111110
1000101010111111
1111000011011111
0111101111111100
1111001111110101
0011011100101101
0011010010111111
1101111010101110
1101011111001110
1110111100101111
0101010100110111
1011100111101011
0110101111110011
0111111110001011
1001001000111111
1010110101110011
0101100010111111
1111010101101001
1110001101100111
1101101101111011
0111100111001110
0001011011111110
0100110011111011
1111111111110110
1110111011111110
1011110100100111
0111101101111011
1100100111111011
1010111111101001
1111110110111110
0111110011010011
1011001111111010
1010111111011000
0111000111111110
1111110000111011
1111110110001101
1010011110111110
1001011101111101
1010111110011010
0111001011110011
1111100111110101
0111011101110001
1001011110101111
0110011111111110
1011011111011111
1111011101100011
1011110110010101
1011000110111101
0111111011100011
1010010100111111
1111101101111110
0100111111101111
1000111101111101
0001110110001111
1111110111011010
1110110111111110
0110111111001101
0001111101101101
1101101111101011
1110110100111101
0111011111100011
0011011001101111
1000100100110111
1111010011101001
1100111110110101
0000101111010111
1111001010111001
0011101111011101
0011001111110111
1100111011111101
0011110000111111
1011110110010011
1111111011111010
0111101110111101
1011111111110001
1100101111011100
0011111111111011
1011110010001011
0101011111011110
1111111011100101
0101101011111011
1001111110100101
0110111110111111
1110110111100011
1110100011011101
1101011111010111
0110011111111011
0010011011110111
1011101111001111
1111111111000111
1010011011101101
1101110011010001
1011101111110101
1111000101110111
1101001000110111
0111010001101011
1001110011011101
0101111101101110
1110011001110011
1100111011010011
0101110111111001
1000010111110011
1111011100111011
1101100000111111
1001010111111101
1101111011011100
1110101010001111
0110110111011011
1110100001111001
1010011110110111
1011110100101011
1110011110111011
1111001111011000
0001010111110111
1011001010111011
1101000010111101
1110001011111111
0011111011011111
1111001110001111
1111110010100111
1010111110110101
0111011010011001
1100011111101111
1111111010010111
1101101110111011
1111001001111101
1110101010111011
1110111101101011
1111111101011111
1000011110111111
0011010100111101
1101111001101111
0101100111011011
0111101010011110
1010001111111110
1111011011010111
1010100111101101
0111110101101000
1101011111011101
1101110111111100
0101110100111011
1010111100111001
0111101100111111
1010100111111011
1101011011111100
0110111111110101