1111111110100001
0111111111111011
0100111111111111
1001111101011110
1111010111101101
1111101101110001
1010111101000111
1001011111010110
0111000111101110
0011100111000111
1111111110011001
1011110111011110
1010111101100011
0111010100111111
1011101101011111
1011110111100101
1111111101010000
1111001110011101
0101011101101110
0110111111011111
1111110101110011
0011010101111111
1001111101100111
0010110110111111
0101111111011110
1001110101111111
1110101111111111
1111100111101101
1010110101011101
0101101110111111
1011100100110111
1111100101001011
1111110110111101
1010110111101101
1110111100101111
0110011100111111
1110111100110101
1111111011111111
1100111111111101
1010110101111110
1101101110000110
1110111101010101
1111011111000111
1111100110110011
0111111111111101
0001011101010111
1011100100101011
1111101111111010
1001100111111011
1001111110100010
1110111110000110
1111001101111111
0001110111111111
1110110111000010
0111000111001111
0101011111100110
1110010111011101
1111011101011110
1011111111001011
1001111100111110
1111100101011110
1101111110110100
1101110110011010
0011111101011110
0010111110101111
1001011111100111
0011000110111111
1111011111111011
0011111110001111
1111101100101110
1101111100001111
1101111100110110
1101110111111001
0111010111011110
1101110100100111
1011011110011110
0111101110100111
1101110101100101
1001101111101001
1101011110111111
1011011100111100
0111110110010111
1011110101101001
1011001111110111
0111101110010110
1101111111011101
1011010111101111
1110111110111001
1101101110111011
1111010111110111
0010011110111110
1111011110001111
1111101111010011
1100111111101110
1111110111101100
0110011101101111
0101111101110110
1000111101010111
1011011111001111
1111110101001110
0111001111001110
1101101100111111
0101001111110111
1111111111001101
1110011110101101
1001101111100011
1110110101111010