0100111111111111
1010101110101110
1011111110010110
1101010011011101
1111110111101010
1011011111111111
1111010001100111
0111011110111011
0101011110111111
0111011001110111
1111100110011101
0101011111001110
1111011101010101
1100110011011010
0111000111101110
1110101111110011
1011100111011101
1111110001101100
1111110111010111
1101111100010011
1011100011111100
1001111100011011
1111011111001100
0010110011111001
0010111111010111
0111111110101101
1011111001111111
0110110101111101
1110011101101010
1100111110111110
1100101011111011
1111101110111001
0101101111111101
1111011011111001
1111100011110111
1101011010010111
1100100111111001
0110111001111010
1011101010011111
0111111101011101
1011101010110111
0111111001111001
0111110110011110
1111011001011101
1110100011001101
1110011011111111
1110110101110111
1001101111110010
1101101011111101
0111011111000010
1110011101101101
1001111100001110
1011100110011011
1111100111011100
0111010010111101
1111001101111110
1101010010011011
1101011011001011
1101110111101111
1101111011100011
0101011101010111
0111011011101100
1111110110001110
1110011111110111
0111111100011110
1101111010000111
1111100111100110
0101011011111100
1110111001011111
1000110011111011
0111110111001100
0111100111011011
1011111101011100
1111001010010011
1100110011111100
0011101110111011
1100101100101111
1111101010101111
1000101111110110
1111001111100101
1010101110111011
1111101010011010
1001110110111110
0111011111011000
1101111100010101
1111011001111100
1101111111101101
1011110110101011
0111101011110110
1011110011110111
0011111100010111
1100111110110011
1110101010010111
0110011111101111
1101010101011111
1111110010111110
0111101111111010
0111001100111111
1111001001011111
0010101101001111
0011110110100111
0111001101111101
1101001101111111
1111111101011001
1011110111100110
1001101111011101
1101110110110010
1101111000101010
1101110110111101
0110111110110110
1110101001101111
1111001100001011
1111001010110110
0111010011101101
1001110111111100
1010101110110111
0111111110000011
1100011100001111
1111011100111101
0111111110110101
1111111100100111
1101101110101011
0101101110011011
1011100111100111
1111111011110101
0111001110011101
0110001110011110
1110001111101001
1001111101111001
0111000110111110
1011110101011101
0101111100111001
0110100011101101
0011101110001111
1011100100011111
0110100111111011
1101011110101110
1001110111110110
0111100111001111
1011101110001011
1100101101001010
1011111101101001
1101101011001110
1010100111111101
1110101100111110
0111111011001111
1110111010111101
1110110110111111
0011111111001100
1011110100110011
0111001101001011
1011111111110000
1111101101110011
1000111101110011
0111111111110001
0010111010111011
0011111111100110
1100111100110101
0111101100111110
1010111101001011
1110101100010101
1111111110111100
0110111001101111
1110010111111101
1101011010111101
1010111111011100
1110010111011111
1111000101101001
0111101111010111
1001111111010111
1111101111000001
1110111101001101
1111000111110010
0101111010101010
0111101101001110
1000100101111010
0111011011100110
1110011111001011
1001101101100111
0111110111101011
1111011101011010
0101101010111011
1111110111110100
1111100011101001
1101110101110001
0110110001111110
0010111011011001
0111011011011011
1101101111010111
0110100111011111
1110101010111010
1101001011110111
0011111110110011
1111110110110101
0111010001111101
1111110101001111
0010111111101010
1101011101010110
1111110101111000
0011100011111110
0101101111101011
1110111101110001
1001101100111011
1010101011001110
0110110111110010
1110010101111011
1111110100101101
1101010111111110
0101101011110011
0010101011011101