0011111100111110
0011101110111101
1001101110011011
1111011110111110
0101101110111011
1100111100111111
1110111110011011
1110010011111011
0111100101111100
0001001111111101
1011010111001001
0111111111111001
0011000111111101
1111000111101100
1011001111011101
1100000111111101
1011101011111101
0110001111111110
1101010111111010
0111111011111111
1011111001011011
1001010011011111
1001111111001011
1101110010011011
1111011001101111
1100111111111110
1101010111101101
1110111101111011
0101110110111101
1011101001111010
1100000111111011
1111111111110111
1011111111101000
0111010111011101
1101101010111111
1111101100111110
1101011011001001
1001101101011111
0001110101011111
1110101011011101
0011011100111111
1111011101101101
1011011110011011
0101100101111011
1110101111111010
1111001101111111
1010111111011110
1110110100111100
1111100011111100
1111011101011111
0111110111101110
0001011111101111
1010111111111101
0111111111101010
1101111011111110
1110010111111100
1101010110111111
1111101111011001
0011111111111011
0011100110011111
1110111111101111
1111100001111110
1111110010111010
1001111001101101
1100110111111001
1101101111111100
0110100110111110
1011110000111110
1111100001111101
1111111110101111
1011011010111101
1111101111011110
1001110100111111
0011100101101111
1111110011101011
1001011111011100
1111001111101010
1011101100111101
1111111101101011
1111111011101110
0111001111101100
1111100001111011
0110111110011101
0000111111111111
1110001111111100
1111110000011100
1101011110011111
1101101111001111
1110110011011111
1010101110111111
1101110101011110
1011001111111100
1100111111011101