1011101110101111
1010001110111010
0011110011111011
0111001011101111
1111001110111100
1001111111100101
0001111110101011
1101101111001100
1111011101010100
1010011110101100
1110001101101111
1101110111100011
1100111011100001
1111111110100110
0101011101101110
1011011001111101
1100111110100111
1000011111111100
0111111000101101
0010110110111111
1100101100010111
0000011111111101
1111011101101001
1100011010101101
0111010111101011
1101011111001110
0010111100111011
1101101001110101
0110110101111011
1010111101110101
1100111011111010
0111111010110100
0011101100110101
0101011011100101
1110111000110011
1111101111100111
1001100100111111
1011010001100111
0000111111101011
1110111001110100
1101111111000011
0110110010110011
1110000111101011
1001011110110111
0111010011111110
0001001111101101
0111011101101100
0000011111101111
1001111100111110
0110011001111010
0101111011000101
1111111000110110
1010101101101011
1000101101101110
1011001110111101
1111110111100010
0111011001000111
0001111101101010
1111111010100011
1101010111101010
0001011101110110
1101111010111010
1011111011101011
0101011101011100
1110111000001100
0100011010110101
0100001110110111
1000110100111111
0111101111011011
0101101111011111
0101101101101111
0111111001101010
1000000111110111
1010111111100111
1000111100101011
1101011111110100
0110111110011101
0010101101111001
0101111111110010
1001001101111110
0110111101001010
1001111011111111
0111001101110011
0111011111110100
0101011011111010
1111001000111111
1000111110111101
1101101111111011
0111110110111110
0011101001101101
0110111000110111
1011101100110001
1111010101111011
1111101011111110
1101011001110111
1110010110101011
0011101111110100
1010011101111111
0011110001100111
1110111110011011
1101011101011010
0011011011111111
1110101011110111
1111101011001111
1110101111011100
0111111100101001
0110101110001111
1011111011111010
1101111100111001
1110111101111000
0111111101100101
1100011110101001
1101010011111111
1111001110101011
1110111100111010
0110010110110011
1011110111100011
1101011111111000
1011111111011111
1101110110110111
1101101100110110
0110011101110111
0100111101100110
1011110111111110
0001110110111011
1111001101001110
1110101100111110
1101111001010100
1001111101110001
1111001111111001
0111111011111001
1101011100111100
1111110000111011
0110111001011011
1111100101111011
1111111011011010
0101011010111100
1111011110011111
0100111100101101
0110101101101101
1111110111111101
1110001100111011
0110101110110011
1111001111101100
0111100111111111
1010111000111100
1110000110110011
0101101100111110
1011111100101001
0110111100011110
1101100011110111
1111011011001011
0101001101111111
1011101011110101
0011110100111011
1101101101011100
1011001100110111
1111111001100101
1011001011111111
0111001001111101
1010001110110011
0010111110101001
0100101110110100
1111111100010101
0111111000111100
1111110111011111
0110101101101010
1110011001111100
1011011000110111
1111011110110100
0111111001010110
1010011010110011
1110110111101110
1111110101111110
0111001111001101
1001101110110110
0110011111011111
1111001100110101
1100111011011111
0111111110110000
1110011111001001
0111011111101010
1111101100101011
1110010000110111
1101110101110111
1111011011101110
1101101110010110
1101101100001110
0000111111111000
1011111110100011