1010001111110011
0110101101011111
0111001111101010
1110011110111110
1101111101101001
1110110011101111
1111100001011011
0101110111101011
0110010111010110
1111010110001001
0111100011110111
1110111100011001
0111110101111110
1111101110111011
1100101100111110
0101111010111111
1101110011100111
1001111111111111
1111101101010111
1110011111001101
1101100011111011
1110110111001010
1011101101011111
1011101111011110
0010111011111011
1011011010111110
1111010111010101
1111001001111000
1111110101111101
0110101110001111
1011011100101111
1011101011111100
1110111011110110
1010111110001110
1111100111101101
0111111000101110
1110111010111011
1111101010111101
1111110011000010
1111111101010010
1111011101001111
1101110010111100
1110101011101011
1111000101101110
1011101000101111
1111101100101100
0011111111100011
1110011011001110
0111011001110011
1111101101001101
0111100111111010
1010111011111100
1011111011110010
0111001110111110
1011101011101011
0110111111110011
0111011101011111
1111101111100110
0101101111111110
1110110110111111
0011111001111111
0111110001100011
0111111111111101
1110010111100101
1111101001101101
1111100111110100
1110001111010101
1111111110110111
1011110111111111
1101111001111111
1110011111101011
1101111100111100
1011111110111100
0011101011100111
1111011101100011
1111000011111110
1100111110111010
1111111000011111
1111000111110110
1110100011011011
1101011111100111
1111011011011010
1110101001111011
1111111111101000
0110101011011011
1101001101110100
0011101101111111
1101100101110010
0110101111001110
1110011101011110
0111001101111010
1101000110111100
1011111001110100
1111010011110110
1101011111101011
0110111011101110
0010011110011111
0111110111000011
1111111100001011
1111111001011110
0011111010011010
1011101101101010
0010111101111010
1011001111110101
0101111111110111
1100111110101001
1101111111011111
1111100110001110
1111011011011100
1111110100101011
1110110001011111
1101110111111001
1101101101111001
1111001001110101
1110010101111111
1111010010011110
0111101101001110
1111010100011110
1010111011010101
1111000001101111
1110100011110111
1111011100011001
1010111111111001
0110010011010111
1110111101110111
1110111001111110
1101010110111010
1110101101011100
1101001110101100
1111011010101111
1011011111001010
0010011011100111
1110101011100111
0110101101111110
1111001111011110
1110101111011001
0010111101101111
1111000100111110
1111011001100111
1111111010011100
1110001000111111
0101011111111111
1111010011110001