0111110100101101
1111110011110101
0011111101110111
0010011011011110
1000011111101011
1011110111000101
0111011111110011
1100100111011011
1011101101111010
0110000111101111
1100111111001000
0111100101110011
0010110111101111
1111110111010110
1100111010111101
0010011011011101
1010111111101100
1111011111001100
1101110111101101
1011101111011110
1111001110011101
1101100110111101
0011111101001101
0111001011001111
1010110011101011
1111001111001110
1100101110101011
0001111111111011
0111111101011011
1000111101111011
1010111111001101
0011101011101101
0010011101111000
0111011100011111
1111011110100110
1110110110011011
1110010111111011
1111111110000011
0111101110101001
1011100111111111
1111101010110011
1001111011011110
1101101110100110
1010110111101101
1101011111111000
1101110100001111
1111100010111111
0111000110010111
1011111111110110
1011011001011100
1111010111100111
0111111001100110
1111111111000100
1101010010111111
1011111110111111
1110111111110111
0111111110101100
0101101110101110
1110101111001111
0111111010110101
0101110111111111
0011110101001111
0001111011111110
1111110011001011
1001110101010101
1011001111111011
0011111001111011
0111101111011101
0100111011011111
0110110111101101
0110111011001011
1001111001111011
1101101101001011
1111101101111101
1111110010101111
0111111011100011
0111101101101110
1111100011011010
1111111110000110
0110001101101111
0111111001001100
0110101111011110
0101101111001110
0111000111001111
0111110110011100
0100111101111011
1111100011110011
1110110011111010
0111111101000111
1110111110101010
0011111001111101
0111111111110001
1101101110101101
1111100111111001
1111110001111111
1110001010011110
1001011101111010
1111111100110001
0111101100111110
1111110110101001
1111101110010110
0110101110111111
1110110011011100
0101111001100111
0110111101101010
1111000110111011
1001111111101000
1111011111100100
0100111101101101
0101111111101100
1110010111111100
0111011110010110
1111110101100111
1111100101111010
1000010111111111
1111101101100111
1111111011100101
1101010011011010
0111000101111111
1111101100101110
1010001011111111
0111111100100111
1100000110111111
1000011101011110
1111111011111001
0111101101101011
0110110111001111
1111010010111010
0101001101011111
1101111000011011
1001101111110101
1101110110100011
1111010010011111
0111010100110111
1111111101101000
1111101000110110
1101011101001111
1101101011101111
1101011111110111
1101010101011100
1111110111101110
0111011100110100
1111110101001101
1101110100110111
0011001011110111
1011011011101111
0110011110011100
1101110101011001
0011010111011011
1011110011011111
1110111001111111
1111011010101111
0111101001111111
1011111001101100
1101100011111110
1000011011111100
1101111010100110
1111011001111010
0010011101101101
0110111011111100
1101100111101011
1011010011111110
0111111010111110
1001110111000011
1101111001110101
1001110101110001
1101101010011111
1110110100101111
1111101000011011
0111001111111010
1101111000011110
1001111101101110
0110001111111011
1111111011010111
1111101011001101
1111001111000111
1111001100101011
1010111011101110
1111011001001110
1100001101111110
1111010110011110
0011110111111110
0110110101011111