0100111111111110
1010111101011010
1101110010110111
1100110100111101
1110100100111110
1101101000110111
0010101111101110
1111001110001011
0100111101011101
1111100110011110
1111110111010111
1101011110110111
0111111111111000
0101001110111110
1101111000111100
0101011110111100
1000101111111001
1101011111011000
1001110101111111
1101011100101011
1110111111111100
1111011101101001
1000101110111010
1010110101100111
1111011111000000
1011100111101010
1111101110101100
1101010111100011
0110111010110111
1111111010011011
0111001101011101
0110110101111011
1101100110101101
0111110101111010
0011111111100001
0110101110101011
1111001101111000
1001110111101010
1101101101100010
0011111100111001
0111011000111001
1101111111100101
0101100111101110
0011011100111110
0111011101000111
1110111111110110
0110101100110101
1111010100110011
0001011111110110
1101101100011100
1010110111001111
1001101100011111
1111010111111110
1101111011100010
0111110101101111
1111101011011110
0111110110001011
1101001011101111
1001111111101001
1010111000111111
1101110111011100
1011110010111101
1101001101110110
1101011111110001
0010111101111111
1011111111010111
1111011000100101
1001111011111010
1111111110010010
1111100111011010
1100111101111110
1011110100011110
0011011101001111
0101100101111110
1111101011111011
1111111100001000
1010110100111011
1111011011110110
1101111011011101
1101011101111001
1101101001101110
1111010100101111
1111011110111010
1101111111101100
1001110111111000
1101010011001111
1011101100111100
1111001110100111
1011111011100010
0101101110111101
1010110110110011
0101111001111101
1111100001111111
0110111110011101
1111110110101010
1111001111011110
0011101111101100
0111101111100111
1011111100111000
0111100101111011
1010111001111010
0111110111110011
1011111101110011
1100111110011111
1111001100101011
1111101101010001
1110110101111010
0111110111111101
1111110001110100
1001101111011101
0111111011111110
1111010011100111
0110101011111101
1110101001101110
1001101101111110
1111101110011001
0000111111011011
1000101101111101
1011101011111111
1001011001101101
0111011100100110
1111101111010110
1110111110000001
1111110101101001
0011101111110110
1011100111100111
0111001101001111
1101011000101111
1110101110011111
1001011110011101
1110110010101011
1101111011110101
0110111111000111
1110110000111101
0101101011110111
1011010111111101
1111010111011001
1111111010100001
1011100100011111
1101010101101101
1011001101100100
1011111010111011
1001101101110111
0011011111001101
1010100111110011
0110111010101001
0001011110011110
0100111101001111
0110110110101011
1010111111011101
1001011111100010
1001100111001111
0010100111111011
1101100011101111
1111000111110111
1110110101011111
1111111000011111
1011110100011011
1011110110111010
1101001101110101
1110101100111001
1011111001011111
1111110000111001
1110110001111110
0101111110110111
1111100110110001
0010111111001110
0101011111010010
0000111110111011
1111111000101110
0001111101111101
1111101100101001
1101111100001101
1101111110110101
0011101111011100
1101011010111101
1101110011101001
1101101111010011
0101101111111011
1110011111111111
1111011101011100
1011110111110001
1101011001100011
0001110111101011
1101010001111011
1111101110110110
1111101001100101
0101111101001101
1111011110110100
0111110011011011
0111011111101001
1100111111101101
1110100110111011
1101110100110111
0111101101011011
1111011101011011
0111001010011111
1000111011111001
1101110101011001
1011110110011001
1101010110111011
0111011010100111
0111111001110111
0111101101110001
0111111110110001
1011111110101111
1001111110011011
1110100111001001
1011110001110101
0010101111101101
1000111011111110
0011000111011111
1000111111101011