1111011010010111
0101111111111111
1011011101111110
1011110100101110
1101111101101001
1111011110011100
1011100101111111
1111111001110111
1110110001101111
1011101111000111
0011010101011111
1101001111100111
1100000111111111
1011000111101011
0111110000011111
0110110111111111
1011000111110111
1110011100111100
1011110100101101
1110011111001101
1011001010011111
1111000100101111
1111111110100111
1110110100111010
1001100111101000
1000101111011110
1110111011101010
0111111001011110
1101110111001110
1100011110001110
1110000001111101
1111100111010110
1101111110111101
1011111100111100
1011101011111101
1110101100011010
1010111100111101
1111000101111000
1011111100001011
1001111001111100
1100110101101111
0011011111101110
0110111000101110
1001011111101111
1011110110001100
1101101111011011
1011101111011101
1100111111010111
1011001111111000
1011001101111001
1110110110001010
0010101011111111
1011110001001111
1110100001011111
1001011111111110
1011111111110110
1101011101011110
1111010100111110
1110010111001111
1100111110001010
1101101110011111
1111111000111100
1001101101101011
1011010111111110
1100011101111111
0110011000001111
1101001111110010
1100101000111111
1111011111000110
1000010110011111
1111011011111110
1011101100101101
0111111111111101
1101110101001111
1011101110101000
1100110111101000
1110011111011100
1111110111110011
1001111001111010
0111011011111011
1111111111110101
1011101101001111
1101010011000111
1010101111001011
1100011011101111
1010110011010111
1100101001011111
1110001111101101
1111101111001001
1110101001111011
0011110101111011
1010111101101111
1010100110111101
0011011011101111
1100011111110011
1110110111000111
1011111110011001
1111100110001100
0111111110011110
1111000000111101
1101111111100110
1111001111010010
0111110111101110
0111110010001111
1111101011011110
1100111010011011
1000111110111110
0111000111011111
1010111011001111
1100111101111000
1101101011110010
1010111010111111
1110111011000110
1100010111101010
1110111001111010
1011010011111111
1011111001101000
1110110011111000
1111100011111110
1011110101101011
0110101110011111
0111111111110111
1100110011111100
0011111101111110
1101100101111110
0011101101011111
1110111110010010
1001100110101011
1110110110010111
0111000110101111
1110100101011100
1111100110101001
1111000101001110
0111101111101110
1010110111001011
1000101111101001
1111010010011111
1111111011011101
1111111111011000
1111110100001111
1100100011110111
1111110010111001
1011001111001111
1110111011101101
1101111111011101
1111011110111011
1111110001111011
1101110100110110
1111111010101011
1001010111011011
1111110011101011
1010111111111000
1011000111101101
1110001110001111
1011100011011111
1110110011011011
1011011111010111
1001101101111001
1110010111110110
1110100010011111
0011001111101111
1100010111011011
0111101111111011
1000110011101110
0011111111101011
1010110111011110
1001111101100011
1001110001111111
1111111100110011
1011101111110011
1010111101111110
1001111011000011
1011101010010111
1011010111101001
1111110100010110
1011011101011011
1001111010001110
1101101001111011
0110101011101111
1110101010111001
1101001101111111