1101111110100101
1111011110011101
0010001110101111
1111001011111011
0011000101111111
1111011111101000
1011000110111001
0011011011111111
0011001111111011
1110111111111101
1101101110111110
1001101110101101
0011111011000110
1001011101110110
1001011011010101
1001101011111101
1111000101111001
1011001011101111
0111111110101110
1101010011111111
1111110101010001
0010110111000111
0110101011101011
1100001111111111
1001111011011110
1010011011111110
1011100111101011
1111110111111110
0010110011111111
1111110110100011
1110111110011111
0110100101110111
0010101111101011
1110010101110111
1111010001111101
1001110111110111
1111110011010111
1011100111011001
0111110001110101
1101111101111100
0110000001111111
0101110111111111
0111011101011111
0001101101111101
1111010111011011
1001110111101111
0110111001011011
0110111110111010
0111111101011110
0111110111101101
1111111011110001
1011111110111100
1101110011011111
1010101111001011
1111010011111011
1101001011001101
1010110110111011
1100111011010110
0101111011000110
0010001110111110
0011110111110101
1111100011111101
1101100001110111
1011110011101101
0111001001111110
0110011110101011
1001111101010101
1010111111110010
1001010101011111
1011011010101001
0111110001111011
0101101011111111
1111111101011010
1010011101110111
1111101110101010
1111111110101000
1111111101101111
0001111101111110
1011011001011011
1011101010010011
1001101111001101
1010101110111010
0101011101111111
1101111111111011
0010111011011111
1011111011101010
0111110011011011
1111100110110101
1111011111110011
1001101111010111
1001011110111101
1010110001110111
1101101011011110
0111101001111000
1001001111101100
1111111100111111
0111111111010010
1001111010111111
1110101111110110
1111111110001111
1111100111100001
1101010101111101
1111001111110111
0101011011101111
1111100001111011
0111101011010110
1111001001011111
0111100111101111
1010001001111111
0111111010111111
0110100110110111
1111010111101111
1100011101010111
1000011111011110
1110011011101110
1111011111100111
0011111111011101
0011000111011111