1110100101110110
0111111111111011
1001011110111001
1111110000110010
1110010111100011
1101111101101001
1110110111110001
1011110001110011
1111010111101101
1011101100110101
1111111010011111
1100101111110101
1111101111110001
1101111111001110
1011111010110100
1110110101010110
0101011111010100
0110010100111111
0111110111111110
1110101100111011
1010110001111110
1110110111001011
1011111011011101
1010011111111101
0010111010111100
0011011110001101
0010110101101111
0101111011101111
1011111100001011
1110111011110111
1011111101111001
1111100111001010
1110011101110111
1111001111111010
1101101111011010
1011100111000111
0101011101101101
1110110101110100
1111110111001100
0110011111001111
1111011010111111
1110111000101011
1100001110110011
0011111110010110
1110111110011110
1011110100011010
1111110101011100
1011111110001100
0111110011110101
1010101101111111
1101111101110010
1001101110111000
1010111101110100
1110111101001000
1011010001111011
1011010100111101
1100111110010111
1010100111110011
1111101100111110
0111000110001111
1111011110110110
1010110011111011
1010110100111100
0011110111110111
1111101111100110
1110011011111110
0101111100010110
1111000110000111
1000111111001001
1111011100101111
1110101110101110
1101111100111100
1011111010111001
1111010101110001
1101111000111011
1110011111000101
0110110011011111
1001011110110111
1011101110100101
0111101110011100
0001111011110111
0001111010111111
1011011111001100
0110111101010111
1101111101100111
1111011101011111
1110100101011110
0011111110101110
0010111101011111
1101111110001101
1101110111111111
1001001111011110
1011111000111110
1111010011110110
0011101111011110
1101011111101011
1001111111000011
1100111110001111
1111110111011001
1110111001111010
0111110101001101
1101111011010001
1011010111000111
1111100101111010
1011110010110011
1011111111010010
1111001111111101
1010011111001111
1110010111011110
1100111011101011
1111111110101000
0011111101111110
1111110111100010
1111111011011110
1011110110100110
1010111110011111
1011001101101110
0010110000111101
1001111111101110
0110101111101110
0011110110101111
1110111100110000
1001111101110111
1111010110011011
1110110100001111
1010111001101111
0101111110111100
1011100110111001
0111110001011111
1111111011100111
1110011110010111
1111011101111100
0001111111001111
1111100101111101
1100011110011101
1011110110110001
0011111001011111
1111111101000100
1010101111111110
1011100110010100
0110111101101101
1111000101111111
1011111001001011
0011101101100111
0010011110111110
0101111111100111
1011011101100111
0100111100111111
1010111111100111
1011100101100111
1111011001111110
0101101111110100
1110111111100001
1111111110100011
1111111100100110
0010111111110100
1110001111011111
1011010111010011
1101011011011001
1101101100111111
0110011110011111
1111011011101111
1111110000101011
1100111101111011
0110011111011101
1111101011111111
1101101110001011
0010011111011111
1101011011110010
1111111011101101