1011111110010110
1111010111100011
1111101111110011
0111001110111011
1011111011011101
0110110111010010
1100111110100111
1111101100000111
0010111111101110
1111110101110010
0011001001111111
1101111111001010
1101011100101011
0101111110101110
1111101011101011
1011111000100111
1101101110100111
1100111010101110
1100111111111100
1111011000111101
1101000111111010
1101110111010110
1000111111101101
1111001111001111
1110111000111101
1100111111100101
0111111111111101
0011011000101111
1000111111111011
1000111100001111
0111010111101111
0101111000101111
0111110101101111
1111010000110011
1001111011111011
1101011111010110
1110101101111011
0110101101110111
1111011111001011
1101101110111011
0001111111111010
1100111001011111
0100111101110111
1101110111100110
0001111010110111
1110110101001110
1010111011010011
1110111001001101
1011011111100010
1001011111110111
0011001101111110
0111110110111111
1111110011011111
1011011011010010
0110111110011110
1111110010111101
1111100111110111
1100111000101011
1100111110011110
0101111110011010
1101011011011111
1110110100011110
1001111011111100
0011011110110110
1111001111101110
1101100111011010
1111111101111100
0011001011111110
1111101011001111
1101111011011011
0111011001101110
0101111101110010
1000101111011111
1110111100100011
1110111100101101
0111111010111011
1010101001011111
1110111011110101
0111100111001010
1101010010111010
0111111100101011
1111010110100101
1001111100100111
1111000101101111
0110111110001011
1111111110110100
1000101101110111
1101011110101110
1110111101111010
0001111111011111
1010111111110101
1111110011100111
0001011101111011
1101101010111111
1001101111101010
1101111001010101
1101011001111011
1011111110011010
1111011110011111
0011111100011011
1011110111111111
0111110011101011
1111011101011111
1101101101111110
1111111010110110
1111111110001010
1110111101011011
1111110101100110
0101101111111011
1110011111111111
1101110011110010
1100111010101101
1110111010100011
1011101001110101
1101110101111101
0011011011110111
0011011101110111
1111000111111100
1110100111011011
0110101111101111
0011111101100111
0111011011100111
0111111101000011
0101010101111011
1111101111110110
1111111111111001
1111010100110101
1111101110111110
1110111111010101
1111110101101101
1110110111101101
1110100111111110
1111100011111010
1111000110101111
1011011100111010
0001111100110011
1011111000101110
1111010001101110
0001111011101111
1010111101111110
1111110110010011
0111101011101111
1111101110111101
1100110101101011
1010101101011101