1101111010101010
1101100001111001
1010001111111101
1011111110010110
1110011110111110
1011110011111101
0111111011011101
0111011111111100
1000101111111110
1010111011000101
1111011101101111
1111110001101100
1101011110001111
1001101110101101
1111111110100110
1011101110100011
0101011110111101
0010111010110011
0011011010011011
1110101100011011
0110011100011111
0111100010111011
1111001010101111
1010111110101001
1010001111110110
0011111100111010
0100110111011110
1001100111101111
1000111011011111
1110110010110110
0111110010111101
0110111010110110
1010101000101111
1111110110011011
1011101010011111
1111010100111110
1000101110111001
1011110011111011
1110011110110111
0011100101111111
1000110011111110
0111100111010101
1110010101011110
0110101110101010
1101111111011011
0110101101010110
0110011110111001
0100111011011110
1001101111111100
1111100111010011
1001111001001111
1001011010101011
0111110110110100
0111111001111110
0011110011010111
1101111111100111
1110111111000001
0011111101011111
0100110011111111
1101101011010111
0110011011111011
1111111010001111
1111000011101001
1101011101111111
0011101111111101
1110101000111011
0111001011111001
0110111100111011
1011011110101010
0110111000111111
1010010111101111
1010110010010111
1011111101110110
0110110101011011
1010111110100111
1101100101001111
0001111110111111
1101000111101011
1011111101111000
1001111011111001
1110101111110101
0011111110101011
1001010011101111
0111111111101100
1111110001101001
1100001011110111
1111100010011111
1011011011110110
1110110110110100
0111011000110111
0111101011010110
0111111001101111
0111111101010100
1110111111111000
1111010111110101
1011110101010111
0011100111110111
1001100111011111
1111110101010101
0011110111000011
1110001011100110
1011101101011101
0011110111111110
1000011011111111
1111110001110101
0011101011111011
0101111101111111
1010011101111111
1111110110111001
1010001011110111
1100111100111111
0110111101100110
0111100111111100
0011011111000111
1100010011110010
1101111010111100
1111001001111001
1011111011100110
1111101011001111
0111111011111100
1011111111011001
1011011010100101
1111010111000110
0011111101101001
1110110101101111
0101101011110110
0110101111011010
1111110000111100
1101100110111111
1111110111001101
0000111111110111
0111110011101111
1101110110110111
0101111111010111
1011001111010101
1011110111111100
1110110101010011
1110101000010111
1011010110101110
1111111110011101
1011000111111101
1111001000010111
1110111010111101
0111110110101011
0110111101110011
1101001111110011
1110110001111101
1110100011111111
1011011110000011
1111111011011010
0110110111001011
1110110010101111
1000111101111101
1001100111111011
0101111111101111
0111111010101110
1111001100111001
1011101100111011
0110110111101110
1110010011100010
1100100111001110
1110111101100010
0100111111110100
1111111100101011
1100011011010101
0111100111101101
1111110101111010
1001011110101001
1011000011111110
0101001111111111
1010111100111011
1101110101011101
0110100110010110
1010101111101010
1101001111001110
1101100011110101
1010111111010011
1111001011110011
0110111011001110
1011100010101110
1101101110110101
0101011111111011
1010111101110111
0011111101100111
1011110110100101
1001011011111010
1111101110001111
1111011110110100
1001010111111101
1110101011111010
1110100111001011
1100111111101101
0111010111111111
1011011101110001
0110101011110110
1111101001011011
1111110001010110
1101111001110111
1101101101110000
1001111000111110
1011101111000010
1011000111101110
1101101100111011
1001111101111011
0111101101000111
0111011101010101
1101101011101000
1001011011111100
1111001101010001
0100111110111011
1110001111011111
1010111010101011
0011111101101110
1101011111101010
1001001011011101
1110001110111111
1100100111011100
1011011101011010
0111110101110111
1111110100101100
1111110111010000
1111101110111100
1111100100111111
1010011111111011
1011110101101101