1111011111110110
1101100011111001
1111101110000101
1111110111101010
1111110011110101
0111001011101110
0100111001010111
0111011110111011
0101011100111111
1100001001111110
1101011111011010
1101011101011011
1101010010111011
1110100011101101
1111101111111100
1101111101110110
1110111000011110
0111011010011101
1111111011001001
0111101011110001
0101101110111001
1110111111010001
1111111100100111
1100011101000111
1111110110000111
0110111110010110
1110011110111001
0101011011110101
1110101101110111
0100110100111111
1110011010110011
1111100111010111
0111011111001001
0110100111110010
0111011101011100
1111111101010011
1101100110111111
1101011111111001
0101011111101100
1110010011101101
1111000111101111
1101101010101101
0111111110001011
1101111000111111
0101111011011101
0111011101110111
1100010010111111
1110010110001101
1110101110010011
1100111111110011
1111111101111001
1100111111111101
1110001110110101
1110011110101010
0101110111111110
0111110110011110
0110111111111100
1111101010000111
1110010111100101
0100100111101111
1100011110001011
1100110110101011
0101010111111101
1101101111110111
0111101101101110
1110110010101111
1110111011110010
1111010111001100
1101111110010101
1111000111011111
1101011100111110
1100101010001111
1110111011100110
1101011101111100
1111001011010111
1111110001111110
1111111101101101
1110111100101011
1110110110010100
0100010011010111
0111111001101110
0110011101011011
0111111010110001
1101101101011101
0110100111011011
1110110110110001
1111100101111110
1110111110101001
1011111111111111
1110111100110111
1101011001010111
1101011011101011
0110001011011111
0100011111111011
1100011001101110
1110010111001001
0101111010101011
1111010101111111
1110011111011010
1110101111001101
1111111110010000
1111001100101110
1110101011111010
0110110011101110
1101111100101010
1111111010101010
1111001000011010
1101111010100100
1111011110010111
1101110001111111
0110100100101111
1100101011101110
0110111111010011
0101011011001111
0110100101001111
0101111110100100
0110111101101110
1111011101101011
0110100011111111
0101011101111101
1111011010101110
0111110101000111
0110110100011111
1111111111100000
1111010011011011
1110111101011010
0111010111110011
1100111011011010
0111001110101111
1101011001011101
0101111101011110
0110011111110101
1101010111100101
1110111101110010
1110111001001111
0110111001110101
0100111010101110
1101111110011110
0111001001111010
1110011101111100
1111101111101011
1101001111111011