0111110111011111
1001001111110111
0110111011011101
0110101111011111
0110011101111101
0111011011110111
1001111011111100
1100011111011010
1111001111101111
1101101111001110
0001111111011011
1101010110110101
1101111101101010
1011101111100000
1101011011111111
1101110111101101
1110101111101001
1011101110101101
1101100111101110
1111011100011111
1011011111100110
1110111011110101
1111101000011101
1001101011110011
1110111111110010
1111011111101101
0100110111110110
0110101001111101
1101011101100111
1101010111111011
1100001111111111
1111111100100001
1001001110111011
0011111111110011
1101101100110111
1101100110101111
0110111010110111
0101001111111010
1111111101001111
1011011110100111
0111101101100010
1110010011101110
0011110111110110
0110110110101011
1111011101111011
0011101011111000
1111110110001101
1011111110011011
1011111101010111
1100100111111111
1011111101101101
1100111001111111
1011101111001010
0100111111101111
1110011100110101
0110101111101011
1010111100011101
0111110011101010
1101101111101011
1100011111001110
0101011101010111
0101110111111101
1111111111011100
0010111111001111
0001111001110111
0100111111110101
0001111111111101
1110101101011010
1011110111001111
1101111001111101
1000111100111111
1011101011110100
1101111111000101
1110010010011101
0010110011110111
1110111001011111
1101111111111000
1110111011111011
0011111101111010
1100111100101101
1010011111001110
0110010110110101
1111010110011001
1000110111101111
0111011101101111
0000111101111110
1111111011011110
0111101111010110
1110110111100011
0111111011011011
1110111111000111
0100011101111110
1111111111000110
1111100111011001
0010011111111100
1101101111111101
1011110111110010
0011100011110111
1111111110111110
0101111010101011
1110110111111010
1011000111111111
0111111101110101
1100110011111110
1111111101101000
1011110111010111
1000111110100111
1101111100010101
0110010011111111
0111010011111011
1111011111110011
1011111101011110
0000111101110111
0001101011111010
1011100010110011
0110011011111100
1111110101111111
1010101111111111
1001111010111111
1111111001111110
0101111111100110
1110101111110111
0101011101111101
0101101110110011
1111001111110110
1011101101101111
1101100011111110
1010010111011101
1011011111111001
1111001111011111
0011111111101011
0100111111011011
1001100111110110
0011011011111101
1111111111000011
0111100111110101
1100101101111110
0111111110000101
1111100111100111
1011111011101111
1101010111111110
0010011111011110
1010011101111110
1011010111110111
1111111011101101