1110111011101001
1111100110111110
1111110110000101
1111100110011101
1110110110100111
0111100011110111
0100111011101011
1110101111111101
0111101110101111
1110111010111000
1110101011001111
1010111011100111
0001111110001111
1111111011110110
1111111101111111
1101101010111101
0101110111110110
0111101011011110
0101110111011111
0011101011111111
1111100011011111
1101111010110101
1011111011111101
1000110111110111
1111111110110110
1111101011010111
1000110011111110
0111100111010101
1100101110000111
0011111011111010
0101111011111101
0101101111111111
1001111111111011
1110110111111100
1001110110110111
0111100111111110
0101110111111100
0111101111110110
1100110010111101
1101100010111111
0010110111011101
1101110011101011
1011111111111100
1111110110101001
1011111110111011
0111110011111011
0010111111100101
1100110111011101
1001101111101111
1111100111111011
0000111111111110
1111111111101110
1111111111011011
0100111111110110
0110101111010111
1011100110011111
1111110111111010
1110110110110011
1100110111000111
0111101110111011
0111110111000111
1001101110011101
0011111110110111
1100100011111111
1111011111111111
1011101110100111
1000111111011101
1011100110101111
0111110011001111
0100111110001111