1101110110111101
1100011110010111
1111011111010101
0101111101011100
0101101110100111
1111101111110010
1011101111000110
1000011111010111
1000110111111110
1101100101011011
1111110110100101
0110101111100111
0111110101111110
1011101100110110
0101100111110111
1011111101100011
1100110111101100
1011110110001110
0001011110101110
1111111101010001
1111001100010111
1011110111011010
0110111111011111
0011111100011111
0010111111101111
1011110101111110
1110111101111111
0111111111100000
0000011111111100
1101111101001101
1100111111110000
1101110101011010
1000111111100100
1011010101110111
0111101111011010
0110101111111101
1000101111100110
1111101111100100
1111111100101111
0101111111111010
1101100111001111
1100110111101011
1111000111101111
0001111111110110
0001111101001111
0101111110011111
1111010111100111
0110100111111010
1011110101111101
1111111011111111
1111110101010010
1101110111010111
0001101111101101
1111011100110110
1000110111011111
1000001111111110
1110110110111111
1110111111011110
1001011111001111
0111101111011101
1001111111111011
1100001111011111
0111111110001111
1011101111101100
0011101100110111
1101001101110101
1111001101001101
1101100100111110
0101100110101111
1001110111101100
0101111111001101
0011111101111000
1111110100010101
1011111101110010
0001100111101111
1000111110111111
1001011111100111
1001111101110101
0111111101110110
1111101101101100
1011111101010011
1111011111111011
1011011100111110
0111000101111111
0111100101101111
0111011110111100
1111110111111001
0111110101100011
0100110111100111
1111100101011101
1111101100010110
1110100111011011
1111000101110110
1010110111001011
0111110111001111
1110111110111110
1111011110110100
0110111111110001
1101001111001100
1011111110100111
0111110110010111
0101111111000111
1111011110010110
1111001110001110
0111011111110110
0000001111110111
1011111100111101
1011111111001101
0011011101110101
1101101100010101
0111011111011111
0101101111110100
1101010101111101
1111011101000111
1011101101101110
0101000111111110
1011010110011110
1011010111011101
1101100111101011
0011011101101101
0011111111101010
0111011110110111
0101101101010111
0101111111011011
1010101111111101
1101110101110111
1011110111110100
1111100110101101
1111111110111011
0001100100111111
1011100111111010
0111001110101101
1101011101101100
1110101111000111
0111110111111101
0111101111111001