1111011010010111
0111010011110101
1011110110110101
1100011100010111
1100100111100011
1110111001110111
1110110110011111
0110011111111100
1111110100100101
1101101111110101
0111111010000111
1011011101011101
1011101100110110
1010110101111011
1011100111011101
1010111010110101
1110111001001001
1011110111011110
1111011110111101
1010111111101100
0011101100111110
0010110110111110
0011001111111111
0101111110101100
1110110111010100
1111010100110111
1101110101011011
1110111001111100
1111111000111111
1100111001011001
1011101111100111
0110111010011111
1000111011011111
0111110001101111
1100101110100111
1111101110101100
1100011001011011
1100101111110010
0111101110101010
1111011001110101
1101111111011010
1011000111011111
1110011011111110
1100001111011111
1101100111111110
0111001111110111
0100101111100111
1011111100110101
0110011100011011
1110010111111111
1001111010011101
1000101101011101
0111110110010011
1101101101101110
1110111010000011
1111100011111100
1100111100101111
0001111111001011
1110111100101011
1010101110011111
0101001010011111
1110110111011010
1101110011010111
1111111011111010
1001111100111101
0011101110101101
1010101110111001
1111100111100100
0101101100101011
0110111100100110
1011101111101011
1011011111001110
0011111011111111
1101011101111110
0101111100101001
0010100101110110
1101111010111011
0110101101001111
1101111111100010
1011111100011001
1100110011111110
0111111011110100
1001011110001111
1111011111110011
1101011111110110
0110101101011011
0101010111111010
0111110110111001
1101101011110110
1111101101011100
1011110111101111
1110110101001110
1101110110111111
1111100110001011
1000111101101101
0100011001111111
0011101111101100
1111010110110110
1101000011111101
1101111010111110
1011000101111110
0101111111100100
1101111111101000
1011011111111011
1010001101110111
1111100010010111
0100111110011011
1111001001111011
0011011110001111
0011101101101110
0110100111110011
1111111101110011
1011000111110111
1101011101000111
0111111011110011
0110110110101110
0011111111110001
1101101100001001
0111110111100110
0111101110110110
1111101110011110
1000111110110110
1110011111101111
1011001111011110
0110101101111001
0111011010111011
0111000110111111
1110111110000010
1011111101010101
1110100110110001
1111001111010111
0111100101101001
1110001111111011
1111110111000011
0101111111010111
1001100111111111
1011111011110011
0111110100001110
1111111101111010
1111101001010111
1110111110011101
1101101011001111
0100101101111111
0101101101111110
1100001111111101
0110001011111101
1111011110011110
0101001100111111
1011110100111100
1110100101010111
1110011111011101
0111100101000111
1011111110110011
0110110111001011
1111111001011100
1111011110000111
1111110011111011
0101110111110010
1101111100100101
1110110001001101
0111011111101100
1010101111010111
0110111101010110
1101010001101101
0111010101111011
1101010101101001
0110101110111111
1111111111000001
1000101111101110
1011010011111111
1111101001111101
1110101010101111
0101101111101101
1101001111101111
1111000111111100
1011101001110110
0101010011101111
1100111011010011
0000111111001111
1010111101100101
1011110001110111
1110100011010101
0111111111011101
0111100011111101
1001111110000100
0010100111110101
1011010101110100
1110011011110101
0110111011110111
1000111110101010
1000011110111111
1110111011101110
0101111101011111
1011111111001000
1100110111111101
1111100110010101
1101110101110111
1111101111110000
1101010111001100
1010110011111101
0000111111111000