1101001111111010
1111101110100110
1110100100111111
0011111111110110
1011011111111111
0111001011101111
0110111111011000
1111000001111111
1111110100011110
1100111101001110
1111001010110110
1011100111011100
1110101111001011
1101000101111111
1111101111010111
1100111010110011
1101111111101010
1111011110111101
0111011110100111
0110010110111111
1001111100011011
0111010111001110
1011101110100011
0011111101101011
1111110111110111
1011111111000011
1111101110011111
1001111110001111
1101111110111110
1110011111101101
0111110110111011
1011101011110011
0101110111001110
1100001101111011
1110111000111111
0110101111011011
1111110101101111
0111011010111010
1110111101100111
1111010111011001
0110010101111111
1100101111101011
1101111010101111
0100011010111111
0011111101110011
0011111101111100
1111110110101100
0110010111011101
1011100111011010
0110111110001011
1110011101010001
0110111010110111
1111111101111010
1111111110110101
1011101101001100
1111010100111110
1101100101011111
0100111001101110
1110011011100111
0111101100110111
1110101111111001
1101111111111101
1110001011101111
0110111111110011
0110001110111111
1101011001111011
0011111011111011
1101100001111110
0100101111111011
1101111101101011
1101001111011111
1111011101010110
0110101011111111
1011101111001010
1100011011101110
1011110100011011
1011111000111101
1111011010100110
1101011111100111
1110011011111101
1111000111101011
0011111111001110
0001111111001011
1101000111101110
1100110111111111
0111011010101111
1110101101011011
0100001101111111
1100111001110011
0111100011111001
0111111111010110
1111010100111011
0001110011101110
1011101100111001
0111101100111100
1111111110010111
1100111110001111
0011110101111101
1111111011011111
0111101010101011
0011111110001111
1111001101011111
1100011110011011
1011100111101001
0111111100011100
0111011110110011
1111110111111000
1010111111111111
1011111110111000
1111111011111000
0111101111101110
0111111010101010
0111111000110011
0101100111111010
1110111110111110
0110111101001101
0111111101110101
1111100110111011
1001101100101111
0101001110110111
0101011000111111
1011110110101010
1110110111101111
1110101111011110
0110011101001110
1111011111011010
1111111001111100
1110000101111111
1001110111111010
1111100010101111
0111111111100011
0101011101110011
1001111111000110
1011111011101101
0100111101110110
0011110101011110
1111110111001011
0100111101011110
0111110000111110
1011111010110110
0111111000110110
1111001100101011
0111101101110011
1101101101011011
0001111110111011
1101001101111110