0011111111110110
1101101100111100
0110101101100101
0011110111101110
1111001111101111
1011101110110111
1101111111001110
1110101111111100
1111101011110111
1110111001010101
1111011011000111
1001010110111100
0110111011111101
1100011110110110
0111111111000100
1111101000111110
1100110100111111
1011100111111101
0111001111111100
1111110010011101
0101010111110110
0101110001110111
0011111001101101
1111110111010100
1010011111111111
1111111110100101
1111110000111100
1010100001111111
1101111010101111
1011001011111100
1011111111011111
1001011101111110
1111011100010111
1010111011111100
1111010110001100
1011011110100111
1011110101111101
1101110011011101
0011011111111110
0011100111111111
1110111010111101
1101111110010111
1111100111110101
0111111101011110
0110101011111111
1101101011111101
1110011100110101
1111101101100100
1010100111101110
1101011101111101
0101111101110101
1110111011000101
1111110001011100
1011111000111111
1111111010110111
1111000010111111
1111110111100111
0111111110111111
0110100111101110
1100101111100110
0100111111110111
1110110011111101
1100110001110110
1111101100101110
1100101100101111
1111111100001111
1110111011011110
1111101010101111
1111111001000110
1001101111110110
1111011101011101
0100100101111110
0010101111100111
1010101100111110
1100110111011110
1110010101111110
0111111011001101
1101111110101110
1101101011101111
0110010111111110
1110111001101101
1101010011010111
1101111111101101
1111010001101101
0100110111101111
1111111111111011
1001111100110111
1110110111101101
1110101011111101
1111001111110111
1011101101101111
0011111001110101
0111011111101111
0100111111111100
0110010101110111
1111111010011100
1110001110111111
0101011001111110
1111010110110110
1110010010111110
1011011101100101
1111101111011111
1101111101010111