1100111011101100
1110100110011101
0011110011111011
1011110111000101
0110011111110011
1001011100011111
1101010001111101
1010111100110001
1011110110001110
1010111111100011
1110011111110101
0101111110111011
1011010110011010
1111011111000010
1001111101010011
1011110100101100
0001111101001101
0000111111101111
1011010010111100
1111011101101010
0111011100011111
1100111110111111
1011101001111001
1100110111010101
1111111000111110
1110100110010011
1011000110011111
1010001111110110
1101101101100001
1111100101001011
1110111110100101
0110111101010011
0011001111111110
0111010111011100
1011110100100111
0011110101111001
1111000101011101
1111010111111001
0101101111111111
1011001111111011
1001110111101111
1010101011011111
0111001111110110
0011011001111001
0111010110011101
0011100110001011
1101100101011001
1011001011011110
0110111100111101
1101001110111101
1111111010001101
1111100011000001
1100110101111111
0011011101101011
1110111100101010
0111001101111010
0011010111010101
1110010011110110
1001110001011111
1011011001011010
1010101001110101
1101111010011001
1101101011010111
1010100111110110
1101011000111101
0111011101011011
1011010101111011
0110100111101111
1000111111010111
1011111101011100
1101111010101100
0100111111010100
1101101001110011
1101100110011011
1110111111000111
1101000011111010
1011101101110011
1111100111011010
0110011011011101
1010100110011110
1100101101011111
1001110011010011
1110111111100010
1011111100100010
1111101111101110
1110100101110011
1001011110110011
1111011010010011
1100110011101111
1011011001101111
0110110011111111
1001111100110111
1101101011011101
0011101011011111
1001100110111111
1101111011011110
1111100001111111
1111001110011001
1000111111011101
0011111010111001
1110010111101111
1101001111010100
1011110011011010
0011111101010111
1001011001011111
0011110101101011
1001111011111101
0111000010111111
1101010100111101
1000111001011111
0011111011110010
1111101010111000
1011010011010100
1101110110001011
1111011101110111
1110100101010101
1111110011101110
1111001111101111
0011011111000111
1010101101111011
0010110111101111
1111001001111001
1010011010111110
0010110111010101
1001111101100111
1010111011111011
1111100110100111
1101111100111001
0111010101101111
1111111110000011
1110111110001101
0111101101111001
0101111011110100
1101011111111001
1110111111011000
0011101111011001
0011110111101001
1010110011010110
0111001110011011
0101111101100110
1010011111011011
0011011101111110
1111011110101011
1010110010011111
1111101100111111
1110111010111101
1011010010011111
0011101111111100
0000111011111111
1101111100100110
0111100011100001
1100011111111111
1110111100101001
1010011011001111
0111111011001011
0110110111101100
0111101111011100
1101111100111100
1011110110010100
0010101011100111
1110111110110000
1111001011110100
0101110111110011
1101111110010100
1111101010110111
0101111011111010
0101110001100101
1110011111011110
1001010111011111
1100111111111011
1010110100011101
0111111011101110
0011111111011110
1101111111000101
0111110011000111
0111001111011001
0110101111001101
0011111101100100
1110111000110111
0111111110111110
1101011100011110
0001110100011101
1110001111111001
1101100010011111
1101101110110100
1101111100001111
1101001010111111
1111011011101010
0110011111011001
1000111101110110
1111011110110100
1010100110111000
0111111000011111
1011101011010111
0110101111001011
1111101001110001
1011110101001011
0011110011101101
0111111111010010
1111111001111100
0110100111110111
0110110110111001
0111100011111100
1011101111001101
0110100101111010
1110110011011010
1101011111101111
1011110111010001
1010110111101011
1100100111110101
1101111111010001
1101000111010011
1110001111011111
0111000111110101
1110011001111010
1011011110010110
0011010111111110
1110111110010110
1111011011101101
0010101001101101
1111111110001001
1110010001011101
0000110111110100
0111111110110111
1110101011111110
1010111111010100