1011110111100110
1111100100111110
1110011110011100
1111110011110101
0111100000111111
0101101110111011
1000111111100101
0110111110001111
1100100111100011
1100110111110100
1011011011010110
0011011110110111
0011101111101111
1000110111111100
0111101010111010
0110100111111110
0111100011110111
1110011101101111
1100110011011010
1110110111010111
1100111100010011
1111011010101010
1101111010111100
1100111111101010
0111101100101110
1111111011010101
1010101110101100
1011101111011111
1110111001101111
1111110001110110
1111011101110101
1011111010101110
1110111110100111
0111001101110111
0010111111101111
1101101110011110
0111111110101101
1011111011000110
1110010110110011
1010111010011010
1000111110110111
0111011100011111
1111001100111101
1110111011110111
1011011111100100
0111111000101111
1101101101101011
0011011111011010
0000111110111110
0011110011011100
1111111101100111
1100111010101110
1111101100101100
1101110110110111
1111111110110100
1111001111100111
0111101000111110
1100101111111100
0111110101111011
1010011010101101
0110110110011110
0111101100101011
1001101111101011
1111101000111010
0110011111100100
1101011111111111
0011011111100111
0010101110111111
0001110111011010
0110101011111110
0011100111111011
1110111001011110
1110011101010110
0111011011111011
1110011111101010
0101101111100110
0101111110101011
0101110110111111
1111001111101100
1110000011111110
1110110101011111
1011111111101010
1111011011011010
1111001010101011
0110110011011111
0111001110110010
1011111011100101
0101101010011101
1110110100111100
1101100011001111
0111101110011100
0110001001111111
1111110110110110
1111111000101110
1110001111011101
1111010111011101
1011110010101011
1000111111110110
1111100111100110
1111011000111010
1110101111011010
0010111111011111
0111111111010111
1010111011001111
1111000110111011
1101110111011101
0011110011110111
1100111110001111
1111111010110111
0111011011011110
1011010011111111
1100101111010011
1101101101011101
1110001111011110
1111100010011011
0101111111001110
1110101101101101
1101101100101110
1101110011111100
1111011011011100
0110111011001110
1110111001011011
1101100011101011
0100101110110110
1101101011110111
0111100110110011
1011101111110111
1111011101011101
1110110110101110
1111000111111101
0110111000111101
1000111111101110
1111110000011010
1101101110001111
1011110011001111
1111011011001111
1011111110011101
1111010110011011
1101111101011100
0111111011110101
0111110110100111
1111011010011101
1110011110111010
0111010111111111
0100110111101111
0101101111011110
1111101111110101
1111010011111101
0001110111100011
1111100010101111
1111111111111001
0110011111011111
1011111101111111
0110111011101011
1111101001110011
0111110100011111
1101111001011111
1111110111101101
1110111101101010
1110110011111100
1110100101111110
1010001111111111
0101111111111100
1001111011111111
1111010111101111
1001110111000011
0111110000111110
0101111101011110
1110000111111010
1101101101110011
1110000010011111
1111111111001101
1110001010111011
0100101111101011
0010011011111111
1111111110010101
1001110110111011
0111001101011011
1100111111011101