0010111101110111
0011111110111110
0111101111111000
0100101111110010
1111101001101111
1010111110010111
1011011111111111
1110111110011010
1101100110010111
1001111111100101
1101011110010111
0111011111111100
1001110111001011
1111000110110111
1101111010010110
1000111101111111
1111101011110111
0100111001110111
0010100111101101
0111110111111110
0111101101111111
0111010100111111
0111001010111111
0100111111111001
1100111110100111
1011101101011011
1101110100111110
1011101001011110
0011111101110100
1110001111110110
1101111101101111
1011100100101111
1111011111101110
1101111111001010
0111111111011111
1110100110100110
1011111111000001
1111111011001111
1001110110011011
1001101010111111
0000110110101111
1011110101100110
1101001111111110
1010100001111111
1101101110100110
1001100111101110
1111001111111011
1001100111001101
0111011100111110
1110100010111110
1011101000011111
1110011000111111
0110011111111001
1111111011111101
1110111101111011
0111110101111011
1101101100011111
1101111101111101
1001110011011011
1010100111110010
1101110111101001
0010100110101111
0010111101111110
1110100111110101
0101010110111111
1111011011111110
0111000111111111
1001111010011110
1111111011011010
0110001111110111
1110111011011011
1110111010100110
0101010111110011
0101010111111101
1101100110100011
1101010010110011
0011111110100011
1111110101011111
1111111101001010
1110101111001001
0011100111111001
1010110110111011
1000111011101111
0001111011110010
1011101111010111
1101011100111111
0100010101111111
1111110100110111
1100011111110011
0111111111110000
1111111100101011
1111111101100011
1101100111001011
1010110011100011
1111101100110111
1111100010111011
0111111010110011
1001111100111110
1110110111011010
0111111011101111
1100010101110111
1110111100010111
1111011101100101
0100101111100011
1101111110001110
0110111110100111
1101010111110110
0011111101111010
1000110010110110
0010111111111011
0001101111110010
1100111111011111
1111101101100111
1010111111010010
1000110111101110
1011110111110001
1111111110111101
1111111111000110
1011110010010110
1101111101010010
1011111011101010
1101100111000101
0110001111101111
1111100101111101
1110100110111011
1101110010100011
1111101101110101
0110101110111011
0110111101101101
1101000011111111
0111110011111111
1101011111101111
1111111001011011
1001111111110001
1110111101011110
1101111001011110
1001100110111111
1010111111100110
1111110101101100
1101110111100110
0101111100111111
1110110011110010
0101100110100111
1001110011101111
1111011011010111
1000100111110111
1101110111110010
0101011011111011
0110111010111111
1110111111111000
1010101101110111
1100111011110011
1110100011101110
1011101010111011
1111111100011011
1010110111011101
1110100111111001