0011101011111011
1111110001110100
1111101101101010
0001111011111001
1011001100111011
1101101000110111
1101111000101011
1110111110100001
1001111101011111
1011100101111111
1101111000110001
1011011001010111
1111101011110101
0101111101010011
0101101111010001
1110111110011011
1100110111110101
1110110110100110
1111101101110000
0101111011101011
1111010001111001
1101111110111000
1111101100011111
1101100101011011
0110110111111111
1001101000111001
0111101101111111
1111111011010101
1110011110011110
0111011001101111
1001111011010011
1101010111011111
0100111111111001
1001011101110111
1110001111110110
1111011010110010
1111010101101111
1001100111110011
1101110000101110
1100111111110010
1001110101111111
1111000110110101
1110111101111111
1001110010011111
1111001111101001
1111010101110100
1001110111110001
1111110100100110
1011111111101110
0101111101100101
1011000110011111
1110001110011111
0111000111111101
1011111001011011
0010111111111101
1101100000111011
1101100101110111
0011011111100101
0101111011011101
1010000111111111
1111000110111100
1011110110010110
0110011111111010
1110111011111111
1011100111111100
1111111100010011
1001101111101011
0001111011111110
1111101111100111
1111100110110011
1111011001010011
1100100111111111
1011011000111111
0111001011111101
1000111111111010
1100001110111110
0111111111011010
0011011100111110
1010001111101111
1101010111101110
1111101010101011
0011010110011110
1011010111100111
1000101110111111
1111011101100010
0000011111110111
1011010100111111
1000111110010111
0111110011011111
1101011100111111
1001100010110111
1111111111011100
1101011101110010
0101010101111111
1001011001111111
1100111110101110
0011110111011101
0111110111101111
1111110001011101
1010110110011111
0101011001111100
1101000111110101
1001011111011001
1001111100111100
1111011110101111
1101110101011101
1111010101110011
0010101111011110
1101101011010110
1100101111011101
0000111111111110
1111001101111100
0101010010111110
1001111110011110
0111111111110110
1110010111011111
1010001111111011
0011101011111101
1010110111101111
1000110110111101
0101111011011011
1011101101110011
1111001000111011
1111101010011011
1010101111110110
1101110100100111
1101110111011110
0101110011111101
1111110111111010
0101110100110101
0011001010111111
1011101101010110
1100111111011001
1001010111111100
1101111101010010
1001111110011101
1011011100111101
1111111011100111
0011111011111000
1110011111111101
1001101111010111
1100110110111001
1101100011111101
0001011011101111
1111010101010110
1011011010110011
1011100011101111
1010011111010111
0111110000111101
0110101110111010
0110111111101111
0011011110111101
1111111111001111
1011011111010110
1111100000101111
0001011111111010
1000111111110001
1111001111011010
0101110101111110
1111110111101101
1111110101100011
1001100110111110
1101011011110001
1010111110101111
0111111011110111
1111010110011101
1110110110110100
0111111000011101
1111011101110000
1111011100011011
0101011111100101
1011110011011011
0101101010111001
1110010110110110
0001101111011111
1001101100111010
0111100111110101
1111111110010101
1111001100110110
1101101101011010
1001101110101111
1011111110101101
1101001111111011