0110011000111111
1011111001100101
1011110011111101
0110011111111100
0100111000111111
1001111110101110
1110110011110110
0101011101101111
1011011111110011
1001111010011010
0111110111011101
1000111111111111
0010111111101111
0010111111010111
1111111111110000
1110111111001011
0110111110101111
1111111100011110
1101100111101101
1011011111111110
1011101111100111
0001101010011011
1011100110001111
1011110101100111
1011110010111010
1001110111101001
0111101111110010
1110101011101010
1101100111111001
0101110111011110
1101100101110110
0111111001100111
1101000111111010
1001001010101111
0101000111101111
1101101111011001
0001111111101111
1100111011010101
0011101101110111
0101111111001010
0110001111110111
1101001010111010
0111111000111011
1100110110011100
1110010001111110
1101111110111001
1110001101111111
1110011011111101
1111111101010111
1101011101111100
1110110111000110
1111100111000101
1101001110011110
1110111110101011
1110111011011000
1111101010101100
1111101011011110
1111010100111010
1110000110111011
0111110111110100
1101001100111111
0101111111101101
1101101001001011
0011011110011111
0111011111011011
0110101101110101
0011110111110010
1110101101101100
1011110001101110
0111110101101101
0111000110101111
1111100111011000
1110100101100111
0111101101101011
1110111001011001
0001101110011110
1110011101111000
1110101110001111
1111110110001011
0111110111011011
0011111011001111
1001111011001111
0111011111000100
0111110110111001
0011101001101111
1010111000111011
0101101100101110
0111101111001001
1101011001110001
1011111101011001
1110111111100101
1101101001111001
1111001101101111
1111000100111111
0111001111010101
1111110010011011
1010110111110110
1001101111101101
1101111111101000
1110101110111101
1101111011011000
1100010111011001
0111111011111110
0110111111011001
1011010110111011
1101101101110101
0111011101111100
0100110110111010
1110100011101100
1111000101111010
1011011111011101
1111111010111001
1111101011110111
1001111101111111
1110110111110010
1110100011111010
0111010111110111
1110000010101111
1110000011111011
0111111100101011
1110111100111010
1100010101111111
0111101100101100
1100010110011011
1111100111001011
0111101010101101
0101101101110111
1011101001101001
0111101001011111
0101011010111111
0111011100111110
1111011011011111
1110010110001101
1110010111001110
1010100111110011
1111001111111001
0111111101110011
1110111001101010
1110010111011010
0101010110111110
0100011111101111
1110101001101101
0110101011111111
1111111110110111
1100110100101110
1111011111101011
1011111110111101
0101111001101111
1111111101001000
0011011111001111
0010110010111111
1111110101011111
1110101111010101
1110000111011111
1101010110011110
1100111001100111
1111111111010011
0101100100101111
0111010001111111
0100111111110101
0111101111010100
0111001111000110
0100011011110011
1101011001101111
1001111111001100
0110110111110101
1011100100111110
0011111111000110
1010111110011110
1011011101110111
0110011110111101
1011101111110110
0101001111110011
1100101111111111
1111101111001100
0111010111011111
1111110101100100
1010110011001110
0011111101001011
1110100001111001
1101111101101101
1101110011111111
1111111110111000
1110010111110111
0111100111101010
0101111011001011
0001101011111001
1010101101011111
0111010111111100
1101010111100100
1111011101011001
1111110101111000
1111111001001100
0101011110001111
1011110111110101
0010110110111011
1010101101110101
0100111101101011
1101010110001111
1110111101011000