1101111010101011
1111101101101010
0011110011111011
1111010001111001
1111101010011101
1101111111110111
1011111111100011
0111111100110101
0111001110111011
0101110110011111
1111010110010110
1011111110101011
1101011011111110
1101101011101101
0111110100101110
0110110111011100
0100001110111111
1110011110111000
1110000001111101
1110010001111011
1111111001110010
1000111111111101
1111000011011111
0111101011011110
1011101101011001
1101100001111101
0011111101110011
0111111011010110
0101111110101111
1011101001111011
0011011111111111
1110000101010011
1011101111101110
0111110001100011
1111100000011111
0101010001111101
1000111111111010
0111111100110011
1110011001110111
0011110101111011
1101000101011011
0110000101111101
1111110110001111
1111001010011110
1010011101110101
1111100011010001
0011111110101110
0111111101010111
1100011010111101
0010101111011111
0100110111111010
1011010101111011
1011111100011111
1011101111010101
1111101111100011
0010111101111111
1100111011101010
0110111100111011
0111011110110010
1100000110111111
1010101111001111
0111101111101110
1111111101110100
1101101001111110
1101110111011110
0111111010110111
1010011110011111
0110110011101111
1111111011100110
1011011001111111
0111100101100111
0111001100111101
1100001010011111
1011100001101111
1010011101011001
1110110100100011
0011110111100111
1010011101011010
1111100111111110
0111100111011111
1111101010111011
1101101110101111
0001111111111110
1010001101011101
0111011101111011
1100010001111111
0111111110101011
0101111000111001
1111111100011011
1110011101111100
0110011010111111
1001111111011111
1010111001011111
1010111011111001
0101111111011100
1111011111010100
0011110111101101
1011101111000111
0011101101101101
1111011111101111
1100110101101100
0111000110111101
0101011011011011
1111011100111100
0101101110011010
0111111111000101
1110110110111010
1110110111110110
0111111001011110
1001100111111101
1110111101111000
1111010011111110
0110111011100111
1011010111110010
0111010110110011
1011100101101011
0111101111010001
0101100101101101
1001011101111111
0011111111111100
1010111111110110
1101111011001111
1110100011100111
0101110110111100
1010110111111110
1110111011001101
1010010111111111
1011110001100101
1010111110011010
1110011111011100
1110101111010110
1110111001011110
0100111010111110
1011111110111101
1110111101001011
1011110011010110
1011110110111010
0011100111111001
1110101111010101
0001111101101101
1111111001011101
1111111111101001
1101100110111011
1111111111010010
0110001100110111
1101111111011001
1100111110101110
1111110101111010
1011100111110101
1111100100101101
1011111010111111
1100111111111001
0101101011111111
1010111111010111
1101110010111111
0111111101111100
1010001111111011
1111001011110010
1011100011101101
1011000011110011
1110101100010111
0100111101101111
1011101001110111
0110101111101111
1010110111001011
0110110111110111
1111011110110101
1111010010011111
0111101101001111
1110011011011110
1111011100111011
1110101100111101
1110101011111011
1110011010010011
0111010111111110
1111111110001101
0110101011110110
0111001111111110
1110111101110110
1111100100100111
1010111100111111
0110111001101011
0011110100111110
0110011111011111
1011010011110001
0011111110110010
1011010011011001
1011101111011010
1010101101011110
0011101110010111
1010110011100101
1101101100111111
0100111111011011
1111100110010101
1111111111001110
1111111111000011
1111111001111000
1111101110111100
1100110101101011
0111101101110011
1001110011101101