1111100110111110
1010111101011011
1000101111011100
0110111011111111
1001111111100101
1111100111010100
0111011101111100
1011101111111010
0011011011111111
1111011101101111
1111111100011000
0111110111111111
1111011110111101
1110111000111001
0011111111001000
1011111011011101
1011111110101011
1011001111111110
1100100011111011
0111011111101011
1111100111110000
0111101101011101
1111110010011100
1110100111010111
1101111110111101
1101110111010100
0101101000111111
0111111100001110
0110101111011011
1011101101101101
1101001111111111
1001101111011001
0111101011011111
1110111100101111
1100110111101011
1001110011111100
1100110110011111
1100111001111011
0110111110101101
1111011001110101
1110101110110101
0011111001111011
1110100111110101
0010101111111100
1111011011111110
1110101101100111
1111011001011101
1011101110011100
1010111011111111
1100111111001110
1101111110111011
1011011111011111
1101101111110111
1011111001110111
0000111111011101
1011101110110101
1010111100110110
0011011111111001
1110110111111110
1001110111010011
1111001111001001
0111111001111110
1101111101011000
1110111110101010
1001011110110110
1111011101111000
1111000011110101
1011000011111111
1100111111111010
1110101001011101
1011111010111110
1100101111111001
0110101100111101
1011110110011101
0110101111001101
0111011001011111
1110111011111010
1111111001011110
1111110111100111
1010111101010110
1110011111111111
1111010111011111
0111111111110111
1110100110110111
1100110011110011
0011111101111110
1110111111011010
0010101101011111
1011110110010010
1111001111100100
0110111101101111
1111111111100011
1111011010010011
1110101111100101
1010111101100101
1010111110011101
0101101111011111
1111110101111111
1101011011011011
1111101011011011
0101111111011001
1111110110010000
1110110011011011
1011010110110011
1111001001110011
1000111101101100
1000100110111111
1111111011101111
1101010111111101
1011110111101111
1001111101010110
1111100111001100
1101111111010000
0111001111001110
0111001111111001
1110111110010110
0001011100111111
1110101100011110
1000101101001111
0010101110101111
1110101001110001
1101111110011110