1110110111101010
1011101011011101
0101111101011101
0111011101111100
1101101101001100
0011101111101110
1110010011111010
1100101111001110
1010110111111011
1111101101001011
0110111011011110
0101100011101110
0111011001101111
0110011101101011
1100111001101110
1100011011011101
0100110111011101
1011101001011111
1111110111001111
1111111111001010
1011111001111101
1001010111101101
1111011101101001
1100111011001111
0111110111111000
1101000111111100
1100110101101111
1011101101101100
1011101111011100
1000011111101111
1111100001011111
1100110011011101
1101111011111011
1111111111110111
1010000111111101
1011000111111100
0111111011111001
1011001101111010
0100011111101110
1101111111011011
0001101101111100
0011111111001100
1010110011101111
1111011011011001
1110101101111101
0100001111111001
0111111111011011
0111111011101100
0110110101111001
0111101111101010
1110111011111100
0000110111111111
1101101111101011
0111010011111110
0010101111111111
0101111111001100
1011001101011011
1110101001011111
1101111011111100
1110110101011001
1111110111011000
0011111111111010
1011111101011101
1111010111101011
1110111001011011
1011011011011111
1111111110111111
0101100111111010
0101100101111111
1111101011111011
0101110111111001
1011111001101111
0011000101111011
1111100101111101
1111001011111111
0101101111011111
1011111111111001
1111110101111110
0111011011111100
1111011101011010
1110100101011011
1000101111111010
1111010011111101
1110101111011101
1101110011101101
0100111001111101
0001010111101111
1100100101111011
1110011001111010
1010111101111111
0101011001111111
1101100111011101
0111011001011101
1000111111101010
1001111011111101
1100010111111111
1101111111101000
1100111001011101
0011110111111110
1011110101101101
1011111101011010