1011110110110100
0101111011010110
0101111111010011
1110000101111011
0001111011011111
0010111101010101
1011011111011100
0011100001111111
1101111010110010
1111111011010100
0111110111111110
0110111001111101
0111110001010111
1011001101111110
1110110001110111
0111101001010111
1111010111010100
1110110101111101
0111011011110101
1111110010011101
1001111110110110
1111101000011101
1111110100011101
1110010110111101
1101111100111001
1111111111110001
1011000111110101
1101010111111011
1110111000111111
1110101010110010
1001101101010111
1010011111111110
1101011110110100
1100111111010111
1101011000010111
1111001011010011
1111100010111111
1101110011110101
1001010100010111
0011001001110111
1110111110110101
1111001010111100
1100100101011111
1100101100011111
0101110011111011
0001100011111111
0000110111111101
0110111101110011
0101100011011111
0101111011110010
1111100110110011
1010011110111111
1110011110011111
1110100110111101
1101110100111010
1110011011111111
0100111011011111
1111100110011111
1000111101111110
1110010100110011
1100111110111011
1011100111011111
1011101100010101
1111011001110110
1110110011111011
0100111101111010
0101111111110100
0100111111110101
1111011011110010
1101011101111101
1111011101011110
1101111010011011
1111110001011100
0101011011111101
1101101111111000
1100111101111001
1011010001111111
0111001111011000
1111111111101111
1111001101110011
0111111110111111
1111100111111010
1100111111011110
0111111101111100
1011110011110101
0100101011111011
0011111011011101
1101010010110111
1110100111011011
0101011101111111
0110011111011000
0111100001011001
1101101101011110
1110110110111100
0110111001010111
1100011111110111
1011001100011101
1111011110111010
1000110100111111
1101001001111010
0101111111011000
1101111001110110
1110110111010011
1110010111110110
1110101101110110
0101100111110011
0101011111011010
1110100011110100
0001101111110111
1111001001011111
0101101011011001
1111011110010100
1001111111011101
1001110100111100
1011111111111011
1101011111011101
1111101001011000
1011101111111100
0111100001110101
1101101101111100
1111000101111100
1111110010011010
1111001100110111
1011110011111100
1100101001111010
1001111001110111
0111011001010011
1101101111010101
1110101110111100
1001100011111110
1110001101110101
0100111001111110
1111100100111111
0011011111011110
0111100111010011