1111110111101011
0101111101011101
0111011111001011
0001111110010111
0010111111010101
0110110101111111
1110101101010111
1001011011101101
1110010111101110
1111101101010110
1011110110001110
1111011111001100
0110110111011101
1111110100111111
1111111000111101
1110001111001111
1110101011010111
1111011011100111
0110110011111110
0111111110101111
0110111100110110
0110100111010111
0010011011011111
1100111000111110
1110001011101101
1001111011101011
0010011111101111
0100110111011110
0010111011110110
1111111110100100
1111110010110110
1111011011111000
1110101011101011
0001111100110101
0111111011010110
1111011001011110
1110010111100111
1001011011010111
1011111001111100
1001110101001111
1011110101111101
1101110011011100
0111110110110110
1110110001100111
1101110110011111
1101111010011101
0100100011011111
1000110111011110
1101100111111010
1111010111111000
1011101011101010
1111011110110111
1101011011111011
1111110010110101
0101110111011001
1111001111001010
0100111011011110
1101001111011111
1001111010110101
1110100111011110
1101101001011111
1101110001101110
0001101111111011
1110110111000111
0111010011111111
1010101110100101
1111111010101111
1000111111110110
1000011011011101
1011111011001110
0101011011111100
0010011010111111
1101001111110111
0001111010111101
1110100101111111
1001100111100110
1011101100100111
1100110011111101
0011110111011110
0011101011010101
1111011011010010
0111101111101101
1111010101111111
1100101110110111
0100011111011001
1001011111100101
1101111110101111
1011010111011111
0100111110010101
1000111111110011
1000101110011110
1101011110011101
0111011111110110
0111111111100011
1101101111001011
0101111111100111
0011110111001111
1011111011100011
0100111101110111
0001101001110111
1111011011110101
0101011011101110
1110110110110101
1111101011100111
0011110111011011
0101101111011101
1101110111110011
0101101111010011
1101111011000111
0111101010110111
1001011111011110
1110100011101111
1001111100110100
0111011110011111
0011101011011100
1011011111111011
0111011111011100
0100111100111101
1000101111010111
1011001111111100
1101110110111101
0100111111010011
0110001001101111
0110111101100110
1101011111100000
1101111010111100
0001100111111110
1101111011011011
1111111111010001
1111101010111110
1101100111000111
0010111111110001
1011100111111101
0111101110110110
0011111100011110
1100100111011001
1111010110111100
0111110001110111
1100111011001111
1001001100111111
0110001101110101
1111011010111110
1011100110100111
1011110111110011
0000011011111111
0011011101111110
0100111111101001
0101101100111101
1100111110010110
1000101111101011
1001101111101010
1110111010111101
1100101010111111
0000111011111110
1010110010110111
1110001011011111
1110110001111101
0001101101111101
1110100111110100
0011101011111001
1011110011101110
0110011100111101
0100111001101111
0011011101111101
0111101111101011
1011110111111000
1011101110110100
0110001111011111
1111111101111011
0110111011101101
1110111011110010
1011101001010111
1001111000010111
1111110011111011
0101111011110001
0011011011101111
0010101111111111
1111100011111101
1111111101101101
0000111111111100
1001111111001110
1000100111011011
1100111100110100
0111001011011101
0011100010111111
1100001011101111
0000110111110111
1001010111111111
1111001011110011
1011100101110111
1111100101011101
1011010111101101
1010111011101011
1011110110100101
1110111011100011
1111101101101110
1011001100011101
1011110001110111
0110011101001110
1110101101011110
1011101010010101
0101110111101111
1110101101110110
0000111111111010
1101100011111110
0111011111101010
1001101011101111
1000011110111111
0101111101110110
1100100111110101
1110001111110010
1100101011011100
1010111101111111
1100111011110001
1111111111000011
0111010111100101
1111111110111011
1001111111000101
0110110111111100
1011110111011100
1011000110101110