1110100111001111
1111110010111100
1101111111010110
1001001100111110
1011110100101110
0110111111011001
1111110011101110
0011111110011101
1011111101000111
1111001001111001
0011001111011110
1111101101010111
1011111100101011
1111110001001111
1010011111111101
0111001111111101
1001101111111000
1111000110110100
1011111011111011
1110111111111100
1110111101111111
0111110011111101
1100111110111111
1110111011110111
0101001011011111
1001010110111110
1011101111100111
1100011011111001
0010110111010111
1111010111100111
1111101110011100
0110011111111001
0111101010111110
1011110111111101
1111101110010001
1111001001101111
1000110011111111
0111110111111010
0111111010110101
1100100111111011
1010001110011110
0101101111111110
1111111001101011
1011011001110111
0111101001011100
0111000011010111
0111111110111011
1011011000111111
0100111011011111
1010001110110110
1010001111101111
1001111110001011
1110111010111111
0011101100110111
1101010110011111
1111011011110011
1111011011111100
1010100011111110
1011110111100111
1110001110011011
1111111111101101
1111101111011010
1010111110011001
1111111010101111
0001101110011111
1111011101011110
1101111110110101
1111010010111111
0011001111110110
0111100011111011
0101011101111001
0101010111011101
0111100110010111
1011111111110001
0111011111011011
1011111100011111
0010111111111011
0100111011111001
1101111101011111
0101111001111001
1011100110111111
0110111111110110
1101011100111001
1111011111111010
0101111111110111
1101110010111111
1101100101111111
0111111011011011
1111111001000111
1110001110000111
1011101101001011
1111010101111111
1111110111011110
0011011111111100
1001010011001111
1110110111111010
1111111011010011
0101101011111001
0010111110110101
0110111111110001
1111101111101110
1111011111001011
1001011110001111
1011111111010101
1101011111110110
0111111000011111
0011111011110111
1011111110010010
1001011110111101
1111011110010110
1001110101110110
1011011001101111
1101110101110001
1110000111111111
1011111100111101
0111110001111111
0101011111111100
1101001011101011
1011011111010111
0111110111110001
1111111100111000
1111111110001110
1011110001011111
1101101100111011
0111111001110110
1101000110101011
1011111011010111
0011111110111100
0111011000110111
0001111001111110
1111011101110001
1011011111111001
1111011101011001
0011100011111111
0001011100111111
1100100111011101
1011010111101011
0111111111101111
1010101111110010
1101111101111010
1100010111111111
0111110010010111
0010011111011111
1011111100100111
0011111011111100