0111111101111010
1111101110100110
1010111001011111
0111101111011111
1011101011011100
0110011101111101
1111110011101110
0011011110110110
1111011101010101
1110001111101111
0011010111011111
1111011110111101
1011011011111100
1010001110011011
0011011100101111
0011101111110110
1011011111110011
0011111100011111
1011111101111011
1111110101111101
1110111011110101
0011010101111110
1011111101000101
0010011011111011
0111111110101110
1111111110001100
0111101001111100
0111101011110111
0011110011111111
1011110111111100
1111000111110101
1110101100111110
1111111111101011
0111110011011100
1010111111011101
1110100011111110
0011111001111111
1011011111000101
1110101111101101
1111110110111111
0111111101011110
1010111011111110
1011101011110110
1111111111110100
1101111111111111
1011011110011010
1110111011110010
1111111010111111
1111011001110111
0010011110100111
0010010101110111
1111101111011010
1110101101000111
1111110111111011
0011001101110111
1110110101100111
0011010101101111
1111000111010110
1110011111111110
1011111111010110
1111100101111111
1110111011011110
1111011011011101
0010100111111111
1011011011011111
1111110001011110
1010000011111101
1011010101100111
1110110111011111
0010001100111111
1110101110001110
1110001101010111
1111011110010111
0111001101111110
0011111011100111
1011011001101110
1111111001110011
1111111111111001
0111111111101100
0011100111110101
1111101111010011
1011111001101100
0011011111011100
1010011101001111
1111111100100110
1010110101101111
1011100111101101
1110111101011010
0110111011111100
0010011110011011
1010101101110101
0010111101010111
1111111011010111
1110101110111100