1000011110111001
1111101011101111
1001111111111000
0101101110111010
1001110011001111
1111111010011111
1110011101101000
1111101111110011
1101101111001110
1001111111100110
0111110101111110
0111101110101110
0111011110100110
1110111111100100
1011001101010110
1010101110010111
0011110101101111
1101111001000110
1111111111110001
0100111110101111
1111111100011110
1101011101100111
1111111000111111
1100011101111001
1101111011101001
0001101111111111
1101100001111101
0111001111110101
1011110101111100
1100111111111110
1101110111010111
0110111110100011
1111001101111001
1010110011111011
1111011111000111
1111011011111111
1110110011001011
1100111111100101
1011110111001101
1101111001001101
0011010110011110
1011100001011111
1101101111000101
1110100111011110
0001011111110111
1110101111111010
1111101110001011
0011011110010111
1111100011111100
1101011101110011
1110110110001110
1111110001111110
1011011111101111
1011111101001011
1111010100111010
1001111100111100
0111110111110101
1110110101100111
1110111001111010
0110101101110101
1110111010110111
1011111111010010
0010111101111111
0101111111110110
1001101011011011
1111111010101101
0110111100111011
1010111111111110
0110111111010100
1011111011001000
1101111011111000
1111001111100101
1001111010110011
0011110110101111
0110101101110110
0110111101001101
0111101110100111
1110101001111111
1110010110101111
0111110111011010
0110010111111110
1001110110101110
1110100110010111
1111010111110111
1101110111011000
1010110110111101
0110111101001011
1001110110101101
0100100111011011
0110011111101111
1000111101101101
1101011111011101
1100110101011111
1100010111111111
1011110011110011
1110111110001001
1100101100111001
0101111110001110
1011110010111111
1101110111100101
0011100101011011
1110111001101001
0010111111110111
1111011110011101
1101110011111011
0100111111011101
1111101101001001
1001100100011111
1010011111011101
1010101101111011
0111001111010111
1110110101101001
0110111111000101
1001110110100111
1010110111100101
0110010110111111
1000111001010111
0110111101111000
1010001110011011
1111101010111111
1110100111001101
1000110101101011
1101010111011111
1111111100100011
1110110111110110
1011100111111101
1001111101100111
1101101101001111
1010111111001101
0111110110111011
1100011111100011
1010000110111011
1101111101001100
0101111101100101
0011100111101110
0011001111011101
1010010111111101
0111111011111111
0101111101111011
0111000111111101
1000101111011001
0011111111111100
1111110100011011
0111100111111001
1111110101011101
0101000101101111
1111001101001111
1101111101011010
1101011111111110
0010111110001011
0111110111101100
1110110011100011
1101111011001010
1111010110111001
1110101011110100
1111111001010010
1110111110000111
1111110011111010
0101110111111101
0111111111001100
1000101110101011
1001111111010101
1101111001110010
1111111100010111
1110101101011001
1100001101110111
0011110101110011
0011011100011111
1101101110110100
0111011111111011
0100011101111111
1110111101110100
0001111111010111
1111101101111010
1110110011100101
1111010111001000
0110111111001001
1111001100011111
0111001111101110
0111010110111100
0111110111101011
1000110111111001
0100011110010111
0111111101101100
0111110100110111
0110101111101101
1100011100001011
1111101111011100
1001111100101010
1011001101110101
1011011110110101
1011111011010011
1100100111110101
1110111101011010
0011101100111011
1111110101001111
1111110100101110
1011011101011011
1010111001010101
1000101111101101
1110100111111001
1010111011101111
1101001111111011