1001100111101011
1111011111110111
1111101001101111
1000110111111100
0111011101111100
1110111101111100
1111101010011101
0111100111110010
1111010011111001
0111110010111011
1011011111011101
1011111010001101
1111111011001001
1101101110111111
0101111010111111
1110011101001101
0110111011111101
1101111001011011
1111111011101010
0111011111101011
0111110111010011
0001111101110101
1100110111110111
1001000111101111
0100111110101101
1111110011011011
1011111111101110
1110111011110111
0000111101100111
1110101111111111
1111011110111111
0111101111111101
1010111111011011
1011111011011011
1110111110100100
0001111111110110
0101010011111111
0111110010111101
1011101101111110
1001101011111111
1111110010101001
1101101111110010
1010111101110101
0101110111001101
1110110101011101
0110110110011111
1111111111011110
1011000111011111
1100111011101110
1110011011011001
0110110111101101
1110110101110111
1010011001011111
0111011001111111
1100010111101111
1101100011101111
1111111011000111
1010111011111110
1111101010101011
1100111110111011
1101110110010011
0011011111111000
1001111110101101
0000111110000111
0110110011101011
1110110110111000
1101100011110110
1111001111111110
1001110111101101
0111101110111110
1110011001001011
1101110101111111
1011110111001111
1011111110111011
1011110111110111
1101111011111101
0100110111111011
0101011111011111
0011111011111111
0011110111111101
1101111110101001
1101011101111111
0110111111110010
1101110011110011
0101110111100111
0010111101011101
0111111101010001
1101101101111000
1011100110011111
0111110111101010
1111101011111010
1101101111010001
1010111111100101
0111101101110110
1111111111100011
1111101110001111
0101110111010101
1111101010100111
0110011101111001
1111111100111111
1111111001110011
0100111101101010
0101101101101110
1111110010100111
0101011111111100
1111101001011001
1111010111101010
0001111111010101
1101101011010011
0111100111011111
1010111011101101
1110110110110100
1111110010111110
0111111110010011
0111111110011101
1111001011111001
0111111011011111
1000111111110000
1111001011001111
1111001101101111
0111100110110111
0011111111010011
1101100111011101
1011101011111001
1111111010010001
1001111101001011
0101110110110101
0110111111110100