1111100101001110
1010110100101111
1101011011100101
0111110010111011
1011111010110101
1001011101010111
1111100110011110
1111110111010111
0111001110111011
1101001101111000
1010111001100111
0111010101111101
0110100001101110
1101010110100011
1110001111001111
1110111000100110
0100011110111101
1110111111110010
0011111001101101
1111011110100110
1110001111110101
1111101000111001
1010011111111111
1101011011111001
1101101101101010
1101110010111101
1100101101101011
1001100111101111
1110001101111010
0111011001111100
0111011001110010
1100101111000111
0111011111111001
1011011101010110
0111101000111110
1001110011111110
0010111000101111
1111100010100101
0101101110101111
1100101101010111
1001101000111101
0111001110111110
1111011111000111
1111101111100110
1011011000111110
1100100111111111
0111101101010110
1100110110101010
0111101000110011
1111111001110101
0111011100011011
1101001100101011
0011100011101110
1111001010101010
1101011101110011
1001100110110111
1011011111101111
0011010101110110
1110100101011110
0011101110101100
0111101111101000
0111110111110100
0001110111110111
1000101101101110
1110100110110111
0111111100010010
0111101110100101
1111110111111000
0011010100011111
0010111110110101
1101011110111110
1100111100101010
0010111110000111
0110111110110011
1111101101110100
1101101001101101
1000110011101111
1100111110110111
0101101101100011
1110111111111001
1111111101000110
0011001101111111
0110110011111011
1111111101110000
0111110110111110
0100001111011110
1101111010111110
1010101110111111
0010101111010110
0011001111010111
1111101100110110
1101011001110110
0010111110111110
1011001011110111
1001111100101101
0111011010111111
0011101101101111
1110010011111011
0101110110111001
1101111101001111
1110011001100011
1111011100001011
1110101100111011
1111011000101011
0101110111110001
0111101101111010
1001110110100110
1101111010110111
0110111011100101
0101101111010110
0110111010111011
0011101011101100
1010111110110110
0110111011100110
0110111100101010
1110011101110110
1100101010111101
1111101010111100
0110111110001010
0110000111011011
0101001111111010
0111100111001110
0111100111111001
1100111101111101
1111011110011010
1011111110100101
1110010011101111
1111110000111111
1111001110010111
1110110111111101
0101010111011010
1001101111000111
1111000111110110
0100111111101111
0111110111001011
1111111111011101
1110101010110110
1101001111110000
1111100001110110
0111111111000011
0100010111111110
1100101110101101
1101110101111111
1111110101111011
1110011000111011
1011000011111110
0011111100101110
1101111001111100
0111011100010110
1111010011110111
0010110001110110
0101111100110001
1101101101010011
1111111011011111
1001010111111111
0111110100100101
1111110110110001
1111001101011111
1110100110001111
1101111101100100
1011110110111101
1101001110100111
1110111010100011
1111000111110011
1110010101111111
1101010111110001
0101111011111111
1101111111010010
1001011101110101
1100011111110111
1101111101100010
1111011100111010
1001101101100111
1110011111001010
0100101110111111
0110101011110111
0001001111110110
1100001011101010
1101110011100011
0111100111101011
1110101011111100
1000111011100111
0110111010100111
0111101010101111
0111011111101111
1101101011101000
1111010001101111
0011000111110111
1110111100111101
1011111111111011
1001111110111100
0110101110001011
1100001101111111
1101111110011111
1011001101110110