1011111101011011
1111110011000011
1111110001001101
0111000111110110
1011011101111111
1110100110111110
0110001111101011
0111001100011111
1010100111011111
1101111110111000
0101110110111001
1111111010011101
1110101101110010
1000001110011111
1011110101011111
1101110111100011
1111110100111010
1001001110111101
0110101011010111
1101101110101011
1111011011111011
0110001101001111
0111101101111010
1111110101001011
0001111111111011
0011010111111011
1110101110011110
1101111111001010
0110111111101100
1110010011111111
0101111011101111
1101011011100111
1011111111101111
1011100101111011
1110111110001101
1111001111000011
1111101011101011
1110111101100111
1011001011111101
0111000111111101
1111001111111010
0111001110111101
0100111111010111
1001011011010111
1000110111110111
1101111110001001
1111001010111101
1001110010011011
1111111011111110
1010011111011011
1011110111111110
0010001111111111
0111100111111000
0111010111010011
0111000010101111
1100100111111010
0101011111101110
1101011111001101
1011111100011110
1011011111110110
0111110011101001
0110011001001101
1111010101101011
1011011110011001
1111110101110111
1111111110110111
1111111111110101
0101011110011110
1011110011010111
0101110011111001
1111101101011011
1111110110111000
1111111111011100
1110110001111111
0001111011110111
1110010111011101
1100100111110011
1110101111011010
0111111001100011
0111101001000111
1110011110101111
0111101011101101
1110111011111011
1111010111110010
0101100111111001
1111101001111001
1011000111111001
1100001111110111
1101001111001110
0011101111111001
1100101111100111
0100001010111111
1111011101111110
0101111111001111
1101011110011011
0010011110011110
0111100101001101
1111010000111101
1111111101000011
1011101101110010
0111011111111010
0111101111101110
0100100111111011
1111110111011110
0111111010101011
1101110110101101
1101111101111111
1011110100111011
1111111001011001
1110111111100011
0111110000101101
1001101110011110
0011111010111111
1111011110111010
0110111111010011
1001101111111010
0011111110011001
0011100011110011
0110110011111111
0111001011010111
0111010101011101
1101101011010011
1101100010011011
1010111001010111
1111110111101100
0111001001001111
1100101110101111
0101101011011001
1111000111100111
1101110110111110
1001111111011101
1011100101111101
1101111010111101
0111110110001101
1011101111111100
1110111100111110
0111101101111100
1101001111111011
1111010110011111