0101011111101001
0110111011011101
1110011110111110
0111011011110111
0111011110111011
1111111001001111
1000111011111101
0101110111101011
0111011101111100
0111111101100110
1011010000111101
0110110101111110
1011101011111111
0011011111111011
1111101111001011
0100101011110101
1110011110111101
1101111001011010
0010111100111101
0111011001101110
0100011111101010
1101011111000110
0100101111010111
1001111101011101
1011011111100110
1110011111010111
0010111111010111
1101011111011001
0111111111011110
1011110101111110
1010111111001101
0100101010111101
1110111111111100
1111010101001101
0100110111110110
1110111100011111
1011100111111111
1111010111111011
0011111111110010
1111101101010100
1101101111101111
1001101111011001
0010111110111011
1101011111111000
1001110111101001
1101111010101111
0001101111111111
0001111010111011
1000011111111111
1001110011110011
0101011111001011
1110111010011011
0010011111111111
1110000111110101
1101111101110010
1100111110001010
1011111101110100
1111011001110100
1101101101010111
0011110011111101
1011001111111010
0001111011111110
0011111100111001
0010111011110101
1010110110001011
1111110000111010
1111011101111010
0111000111111111
0110001011111101
1111011001010011
1110101011101001
1111001101011011
0111111101011111
1111111110110111
1111110001011011
1111110010101111
1110011101101110
1011011111011111
0111111011100011
1011111001110111
1100000101111101
1001111011101111
0001110011111011
1111110101101011
1111111001011101
1001110100101111
0101111001110100
1111110000111001
1111100001110110
1110111011100110
1111100011111101
1111010111011100
0100101011011111
0000111010111111
1111111101101100
0011111000111011
0101101011111000
0111110111101110
1111001010111000
1111100111011110
1110111111000010
1000111101000011
1001111110111101
0111010111100111
0111101100111100
0111110111001101
1101101011010111
0100101101111011
0011110111111100
1010011111110110
1110100111111010
1011111110011110
1000101101011011
1111110011111100
0110111111010101
1110101011011001
0101100011111111
0111001011011111
1100101111111110
1101110111011111
1011101110111010
0110001111100101
1101001110111001
1101001001110101
1110110011111111
1001110111100010
0011101101111010
0110011111100011
1111101101101111
1111001100011111
1100011111110111
1111100101110010
1100111111101101
1101110001111111
0111001101111111
0000111110101111
0011011111110101
1101011101101111
0111101001111111
1001111100101011
1011110111010001
1111001111000101
1111001111110110
1101011110111100
1111011010011110
0100111101110110
1011011011110110
1111111110101101
1101111001101111
0111011010111101
1010101111011010
0100011001111110
0101101111011101
1101110101110110
1111100011101111
0000110111101111
1110101110011011
0111110110111111
1110011011101111
0100100111111111
1111111101110001
1110101111110001
0111110111110011
1101101001111010
1111111011001010
0110111110101010
1110111000111011
1101001001111011
0101010111101111
0110011111101001