1100110101110101
1101111111010111
1111100111110110
1101010100101111
1110101111101010
0111101111011110
1100111110011110
1110110011101111
1111100001011011
1110000001111111
1100110111110100
1111111001110111
1110110111010111
1011111111100011
1110010001011111
0111101000011111
1111111001101111
1111100101110101
1111110110000111
1001011100111011
1100110001111001
0101101110011011
1010001011110101
1101010110101100
0111001111110011
0111011101111111
1111011111010111
0111111110101110
0111111100101011
1100111011001110
1110001111001101
1110101011110001
1100110101101110
1101101010110011
1110111010000111
0111111111000111
1110000111101111
1110001001011101
1011101111011101
0010111011110110
1000001111111101
1101100110111111
1111100011001111
1101101110100111
0101111101111010
1001111111011011
1101100111111001
0101011010111110
1100110111001001
1111011011011110
0110100111111010
1101001010001111
1011001110101111
1101010100111011
1101110110011111
1101001000111111
1111111110110110
1001111011110101
1001111001111111
0100110111111111
1110111110011101
1011111101110100
1111001011101110
1111011010111101
1000111011101000
1110111010110011
1110111000111101
1101110111101000
0111111111111101
1111001100111011
1100111100110011
1100111100111100
1111010111100100
1011110111111111
1101110011011111
0110111111100110
1111010100111101
1110110111100100
1111011101001011
1110110100111101
1110110110111000
1111111111011100
1100011111111100
1110010111011101
1101110011110001
1111111101101101
1101000111101111
0111101110111110
1101111000011010
1110100111100111
1110100101011111
1111110101011001
1011111010111111
1100010110111110
1101000001111011
1000111100111110
1011101110111001
1111100100101110
1110111101000010
1110110101100110
0110100011011111
1111101011111000
1011111101110001
1111101111011001
0110111101001110
1100100111111110
0111111101110111
0101111111110111
1111011101111110
0101111111001111
1011111111010111
1111111010101101
1110101101100011
0111111100111010
0101110110101011
1100001111001110
0011101110111011
1111011110011011
0110111110111111
0100011011111110
1111110100101010
1101010111101010
1111011111011001
0111011111111010
0111101111101111
1110101111110100
1111001101110001
1111101100001010
1111110011111110
1101111101011101
1001011110001111
1101011111110111
0010101101111011
1111100111110011
0111010111111110
0101101011011011
1001101110011111
1110011110111011
1110011011110110
0010111001011111
1111011100100111
1011001111100111
1011101111111110
1110101101010011
0001111111111010
1110101110111111
0111110100011111
0000001111011111
1111110111100011
1001111100011111
1111100100111000
1101001111001010
1110110101001111
1010111011011101
1011001100011111
1111101110100101
1111000111111010
1101101101111101
1010101111110011
1101010110111001
1110101111000111
1011011111111010
1100111011011001
0101111001111111
1001101110101111
1101111110101010
1011011001111011