1111011010010111
0110110111011111
0100111011010111
1101010011011101
1111011100010011
0101001011111011
0101111101010011
1100011111011010
1101100011011110
1111110110011110
0110101111100111
1101011100010100
1010101101011010
1101111101101111
1011111100110011
1101011011100110
0110011101011101
1100101011111011
1011011100011010
0001110011111110
1010011111111111
0111101111111100
0011111001111001
0111010001111010
1011101011011000
0101010100110111
1101011001011011
0010101111101011
1011110101110011
1001111110111011
1011101010011110
0101111110101111
1000101001111111
1101000011010011
1101101111011001
0011010111101011
0010111101111110
0000101111111001
1000111101011001
1001111011010110
0110101101010110
0010111001111011
1001111111111010
1100010111101111
0111111000111010
1100101110111101
1011100011111111
0101101111001111
1101001100011111
1011100111101111
0001111111110011
0010101111011101
0100001101111111
0101010011010111
1011111011001111
1110101001011110
1111111100110010
0110111100111111
0011110111001011
1111110111100111
1111100111111010
1110111000001110
1101011110111001
1111001111111101
1110011101111110
1001010101111110
0110111111110010
1111100110001111
1110111001011011
1110110001011110
1101111011111000
1011000110110111
1000101100111111
1011010101111001
1100011011110111
1011101011100011
0111111011110101
1110111001100010
1111111010101010
1010110000111110
0001011011101111
0110111111010011
0010111001011111
0100111101011001
1011110011011000
0000111111010101
1001010011101111
1010100101011011
0111000111101011
0111011111011110
1111101010111011
1001111011011001
1011010111011101
1001011111110111
0001011100111110
1100101101111110
0111010101011111
1101110111011010
1001100111011111
0111110111111101
1101111110101011
0101010011111011
0110001111101011
1111001001111010
1101110001011001
0011011101111011
1110110101010111
1110111011110001
0110111111011010
1101111110010010
1110101011001111
1111110110111011
1101100110111101
0011101111001110
0001101101111001
1100111100111001
1101001101011110
0111110001001111
0111101101100110
0000111111011001
1100010011111111
0011111111111100
1111011011011110
1011011111011000
1111000110111110
1110111110110111
0010111011010110
1111111010111101
1110101101001111
1111001101001111
1011011101001010
0011001101101111
1011111001011000
0000101011110111
0001011111011101
1111110001111100
1011110011101110
1101011100011010
0111011100111101
0001110101011111
0010111011101111
1011111110111101
0100110110111111
0100111111101111
1010101100111011
1000100111111011
1111101011110100
1100100111001110
1111110110110110
1101100111001011
0100101101011011
1111111111101101
1011011111110101
0111111110011111
1110001111111110
1011111111110010
1110010101001011
1101101101010010
0011101001110111
0001101100111111
1111001010100111
0011010010110111
1011110101101010
0010100111111110
1110101110101011
1101111001110001
1111111111000111
1101001111101111
1100111011111001
0111001111011011
0110101001101111
1111101100001010
0111101101001111
1001101001011101
1001000111111111
1110100001111101
0101011000111111
1111110111110101
1111101001011011
0111001111111110
1110110001101011
0111111011101011
1111110111010010
1011011101100110
0111000110110111
1101000110011111
1110011001111111
1011111110101111
0001001111011111
1001101011101111
1111111110100011
1110110011110111
1001011011111101
0111010111110010
0110001101110011
0111011010100110
1100001100111011
1101000001110111
1111110110011101
0011101111010101
0001110111101110
1110101101010000
0110010010101111
0101100111111111
1010111011101110