1101110010110110
1110110010111101
1001011111101010
0111011101111101
1000101111111111
1111001111101111
0101111000111111
0101100111110110
1011011111111000
1100001111111001
0111010100111111
1011110111100100
1100101111101001
1011011010111110
1110110101111101
0011100111101101
1111110101111100
1010011111100111
1101111110111101
1110011111101101
1110111111110011
1001110111110000
0111110101111101
1010111110110110
1101011111101100
0111010101101110
0011110110111101
1010100111111111
1110001111110101
1001011101101011
1111010111111011
0111011011101001
0101111011110101
0111111111111010
1011111010100111
1110110010110110
1111001110110110
0101111100101111
1101110110101111
1011000111111100
1111010011101110
0101101101111110
1101001111111100
1111110000111111
1111111111011111
1111010110100111
1100111011101110
1001101111111100
1111100101101110
1110100101101111
0111110011110111
1111001101111111
0111010110110111
0110111111111111
0011011011101110
0011111001111100
1010011111110101
1011110011101100
1100110111111111
0011111111100110
1110110011100100
1100111111111010
1011011111101101
1100011011110100
1111110011111000
0101101101111011
0011010111101111
0011110111110011
0111101111110100
1101110011110010
0111110111101001
1011101111110111
1100111101111111
1110101110110110
0011110101111110
1111011111110011
1111111110101110
1101100101111001
0111011110110101
1010010110111111
1110110001101010
1111111101110111
1110011000101111
0111111011110110
1011010111110100
0101011110100111
0011111110111100
1011011001111001
1111110110110101
1111011001111010
1111101110100101
0111011110110110
0001111111111111
1001111011111111
1010111001111010
1111011111100110
1111111110111011
1111101011111111
1110111001111001
1111001110111101
1110010111110100
1110100111111001