1111110010111100
1011001111111101
1111110010110011
1111110011001101
0110111011011101
0110011001110111
0011111111101001
1011110111000100
1110111100011011
1111100111010100
1011011011010111
1101110000101111
1101111111001111
1011111010110101
1101011010101110
0001011010011111
0111111101000101
1001110100100111
0111011110100110
1111110110000111
0001011110101111
1111101011100011
1101010111100001
0110101001111110
0010111111010110
0100010110010111
1101111110110011
1111010100001111
1011111100111100
0111101100000111
0111011100011111
0010100110110111
1101101011111011
1101110011011010
1111010101110101
0011110110111101
0011101110011110
0011110011111111
0110010010110111
1010011111111111
0111011011101001
1111010000101111
1111111101010011
1111111101011100
1011101000101111
1011100111000111
0110011110101111
0110100100111111
0111100110001101
0010111111101101
0011101111101011
1111011011100100
1010100111011011
0110101000111111
1111011001110101
1110010111010101
1100100111111011
1111110011001010
1111011111000110
1101100001111111
0110111111111000
0111101011011001
1011011111110110
1011011000111111
1111101111111010
0111111100110011
1011110100100101
1011100110111101
1010111111101010
1100110101111111
1101011110011001
0101010010011111
1111111100110001
1001100101111011
0011111110101110
0011001111110111
1101111011111100
0101010101011101
1100101110110100
0101101110110111
1110111110001011
0101110001011101
0011110111111100
1000101101011011
0110111110111110
1011110111001001
1101010111101010
1000101111110110
1101100111010111
1011011111011011
1111111101110100
1110111001011001
1111010101111110
0111011001011001
1001111101110110
1111011111001011
0011011011101011
1100100011110111
1101110110111000
1101001001010111
1100011010111011
0111101011110110
1011011001101111
1001011111011100
0111111001101011
1100111001011110
0001111111100100
1111111010001010
0011111100110110
1111101010111011
0111111010011001
1101011000011111
0001111110111001
0001111001111111
1110110101001111
0101010011110111
0111110101101001
0011101111101100
0001101111011110
0111100001110101
0111000101010111
1110010011110010
1101101111111001
1111000111010101
0011111011110011
1011111001010101
0101111001111110
1011111001011110
1111111010100100
1011100110100011
0001110101011001
1111111101001011
1011010110111001
1011111101100011
1110011101001101
1100111111101011
1101011100110110
0001000110111111
1110110000111111
1111100111110001
0110110111100111
1111100100011110
1111011010110011
1110111011110101
1101000110110100
1101110010101011
1011111110001111
1010111110110110
1111001100111101
1011101011001011
1100001111111111
1001001100111111
0010111111110011
0101101101110111
1111000001101011
1110101111101111
0100010011111111
1111110110101100
1101110101111010
1110111111000101
1111001111100111
0101110110111101
0000111111011110
0110110111111011
1101111101111100
1110011100110111
0110111101111101
1111010111011010
0011101011111001
1111110001110010
1110100110111101
1110001011110111
1010111011111110
1110011010001110
1101010000110111
0101000101101101
1111101011110100
0011001110111110
1110111111010011
1110111111011100
1111101010110111
1111001000101111
0010111111001111
0011101101111111
1100011111110010
1110111011100111
1000111011011011
0111001111111011
0111000111011110
0110110110111101
0111101100111101
1011111111110001
1110111100111100
1001111110100100
1111111000001111
0101110111111010
1111111101101110
0111110011011001
0110000010011111
1000111010101111
1100011110011011
1110110111111001
1110001111111001
1001111111010111
1101110011110011
1011100101110110
0111011011111110
1011000011110011
1011111110111000
0000111110100111
1111110100101001
0111111010101010
0101010011101111
1110010101111111
1010101101010111
0111111110111100
1010101010111111
0111010111001100
1101100011111101
1101111110011010
0111101100111011
1101011010100111
1011110000011101
0101111011101110
1101111100111011
0111100011111100
1111010011111101
0100110111110101
1100011110111100
1001101110011101
1011001100011110
1101010111110010
0101111100111111
1001010111111010
0111110010101111
1101111100101101
0111011011000111
0111001110101111
1011111001111011
1111100101011001
1101101101110011
1110001000111111
0001110111101111
0111110100011001
1101001111111011