0111111111111011
1101111011101101
1111011111110111
1110011110111111
1000111111100101
1111111011110111
1110111010011111
1110010011111010
0001111010101111
1010101101111011
1001101101111101
1011101100110110
1111100101101111
1010110111111010
0101111000111111
1010111111100011
1010100011111101
1111111111010001
1100111111010101
1110110011001110
1110111001101111
1011100010111111
1001011010111111
1000111111111110
1111101101001111
1010111001111110
0111111000101111
1000110111010111
1011101000111010
0110111101111110
1111110100110011
0011010010111111
1101101101100001
1011110111100011
1100100111001111
1011101111010011
1101110111101010
0001101111111111
1111110111001101
0111010101111110
1000011111101111
1010111111110110
1110111111000100
1111111000011011
1001110011111101
1100111001111011
1011010110101110
1011111101110100
1101101010111111
0001111101101111
1001010011111110
1100011111111110
0001111110110111
1100111011101111
0011111111001101
1011110011101110
0100101111100111
1001010111011101
1111110101011111
1001100111111011
1110101111111010
0110111010101111
1110111101010110
1011110000111011
0110101101010101
1011010011011111
1110011111011111
0010111111011111
1110101011011110
1111010101111100
1011111001101001
0110111101001111
0111011010001110
1111100111000111
1101011101111111
1101111111011110
1110011101111010
1011111110011111
1110111111011011
1110110111100011
1101110101110011
1001110001111011
1101111100110110
1111111110111101
1100101111111101
1101110111111001
1111111101000011
0101100011111111
1101111010011111
0011110101111111
1001100110110110
0111110011101110
1011110001101101
0101110110010111
1111111011011101
1111001111111111
1011111101011111
0111110110100110
0101101110111110
1101110100110111
1111110111110101
1101011011011011
1101110111000111
1001101111001001
1111111001111100
1010111100111110
1111100111011011
1101101110111011
0101111111100110
1110010111101011
1111101101010011
1001111100101010
1011101111100100
1111111111100000
0101101111110100
0110010111111101
1001101111010101
1011011111001111
1011011101111100
1111110101111001
0011101111101101
1110110100101110
0010101101100111
0111110101110111
1010111101111101
0111111100101110
1101111010111110
1100111110011111
1110011001111001
0110100111011100
1101011011111101
0011011111011110