1011111011011110
1101100001111001
0101111111111111
1110101011101111
1111011100011101
1100111110011110
1011010110111011
0111010110011110
1001101101111110
1010110011010011
1001100100011111
1011100001010111
1110111101111100
1110111000011101
1111000011111111
1111110101010110
1111011101101110
1110110110100101
0110010111101001
1110111010111001
0111101111111111
1110110111001011
1110111001101110
0111111000011001
0010010011111111
1011101001101011
1110110000111111
1101110100111110
1111111000100110
1110011011111010
1011100100101110
1110100111101111
1111001111101001
0111111110101111
1111011111101100
1001111100011001
1011010111110011
1110101010111101
1111110010110110
1011100000111101
0111111011111010
1101101000111101
1101110011110101
0110011100111111
1111010111100110
1011110010101111
0110111011001001
0111011101110111
1111110101110101
0110011111111000
1100111010011101
1010100001011111
1111101111001111
1011100111111100
1111111000110011
0110110011011101
1101101111011001
0110110011010011
1010110010110111
1111011101111011
1101011111111111
0111111011010101
1111000110110001
1110010111001101
0011010111011101
1110101111111011
1110100001011110
1011111001101010
1100111011010111
1110011010100111
0111011011101101
1010111111101010
1101110000110111
1111111111011100
1110110011111010
1111110110001110
1111010111010010
1111001111111110
1111111101101101
1101111110110101
1110111010101110
1111010010111111
1001101011111011
1011000110110101
1010111100111010
1111101110010101
0111110001111011
1111011110101110
0010111011010011
1011111101110001
0011111111111010
0011011111010110
1011111110100001
1011011110110000
0110110011101101
1000111110011111
1010011110110001
1010111110011110
1110111111011010
0110111110111110
1011110110100111
1011010011111011
1101110101110010
1001110011111111
0011111111011001
1101101101111010
1100101111111111
0011011111110011
1111110011010001
1010101100111110
1100110111011111
1010011010101111
0011010011100111
1101111010111010
1010111001101111
1110111111100010
1011011011111010
1011011100111100
0111111101111110
1011100111100001
0011111000111111
1101110011111110
1111110000011111
1111110011101011
1011111111001111
1000110111111001
0110111111101110
1111000101111111
1111101111110110
0110011111011111
1110111110001111
1011101011010101
1010010111110101
1111010011011010
1011010001011101
1011001001111111
1110111110100011
1101111111101111
1001110110111001
1000111011111111
0111111111101000
1111101110011011
1010101111111100
1011110101111011
1011100110010111
1111111000010101
0010011011111110
1100111011110010
1011111111100000
1001111111110111
0111111110110111
0011011011011011
0110111101111011
1011111101011010