1111101011101110
1101110001111010
1011001110111011
1001110011110111
0111111011011101
0011101111101111
1101000111111110
0001011111111111
0110010100111111
0110111001111101
1010111111101100
1100011011111111
1011111011011101
1000001111110101
1110110101111100
1101000111111101
1111001110110111
1001010101110111
0011111100111010
1111101110101100
1100101111011011
1001101110111000
1010110101111110
1111011100000101
1101100111111010
1111111000110010
1111011111110100
1101000111100111
1101110011011110
1110010111111110
1011011101101111
1101001111000111
1100011111001111
1000001111110011
0111101110111111
0111110101101110
0100001111111110
1101000011111011
1111100111011111
0111110110110010
1101101011110011
1101011110111001
1111111101011011
0010111101111111
1111011010011111
0011101011110011
1100110011111101
1111110011111100
0111111011011011
1001111011111011
1110111111000111
1011010001111101
1110100110110101
1110101110001110
1111110011000110
0001111111001110
1111110011110001
1101101011011110
0111011111110111
0111011101111001
1010101111001101
1111111100111000
1111011000101111
0010110011101111
1011110011100101
1110101001110011
0010111110111101
1011001001111111
1010111011010011
1111100010110111
0011110110111011
1101011110011111
0111110110001101
1001011111011111
1111011111100110
1011110101010110
1111010101111011
1011101011001111
1111110001101111
1011110011110010
0011110111001100
0111011111011100
0111110010010111
1111011111001110
0101101111110110
0010111111110111
0001101101111011
1100111110011110
1101101011000111
1101111100111111
1101110010010101
1001110111111101
0011001011111111
1011111111000111
1111110110100100
1011100111111000
1010110000111001
1110111100101100
0110000011111011
1100101101110110
1011111110110111
1111100110100111
0111111101100100
1100010101111111
1000100111111110
1010010111110011
1010110001110011
1100111111010111
1010011011111111
0101011111101100
1111001111111010
0100110101101111
0111101011100101
1000111011110110
1011000110111100
1101011110101101
0101111101100111
1011101011110001
1110101110110100
1111111111101011
1001101111011111
0101111101111000
1100110101111001
0111101011111110
1110101111010110
0100001111111001
1111101101111101
0011110010111111
1110000111110111
1111111000011111
1101111101000111
0111001111011111
0100110111111101
1110111011110010
1111001011110101
0110111101110000
0010111011111100
0010111010111010
0001111101111100
0111111110011110
1010011111101111
1011000011111111
1100111111111010
1110100111100111
1101111110001101
1111000111110001
1010111100111010
1101010111001111
1111110101100111
1101101111011100
1100101111100110
0001101101110111
0111101111010111
1111101001100111
1111100101111111
1110111100110111
0111111100100111
1111101101111010
0101011111111010
1100110111011111
1001111101001110
1111101001111110
1100111011011101
1101110011101111
0110111011110100
0101111011111111
1111111111011001
1111001100011111
0100111111110001
1100111111101101
1101111101101101
1111011100111010
0011110011101101
0000111110101111
0110111111101110
1011010111101111
1010101011111011
1100101011110111
1111110101101101
0011011101011101
1111001010101101
1110101010111010
1110111101011111
1011011100111111
0111110011100110
1001001111101111
1110110011011111
1011111001111010
0110011110011111
1101001110101110
1111111010110100
1011001101110111
1010100011110101
1011111110101100