0110011000111111
1110110011110101
1001111011010001
1111001011111011
0111001100011111
0010101111101110
1100101111110101
0101110111101011
1000011011101110
0110101111100111
1001101111111101
1111111100011000
1001111110101110
1110101100000111
0111010101111100
0001111101110100
1111011001011000
0111111000101101
0101011110111101
1101111000111100
0111001111111101
0111111101011011
1100011011100111
1000111001111101
1111010101110100
0110111110101110
0011010101100111
1101100111101100
1111001101111011
0101101111111101
1111111101010010
0110101011011111
1101101111011010
1101100110101110
1101110110011110
0010001111111111
0111110101111011
0011011111111110
1011110100100111
0111000101000111
1011011100110101
0010011111100111
1111100000011111
0100010101110111
1011010001100111
0110011111111110
1101001101101111
1101110111010001
0001011001110111
1011001011011111
1010011100110111
1111100011110011
0111110100010111
1111010111010010
1101011111110011
0001111001110110
1101100101111100
1111101011100101
1110100101011110
1010111000111110
0110101111110101
1110111010110110
1001111001101100
0101101101111011
1101010101110110
1011011111001110
1011100110111111
1000001011111110
1111100110001110
1010100101110111
0111111011011011
1101011111010111
1111010000111100
0110111101101111
0011010111010111
0011111101011101
1110101111110100
1100101101011111
1010111111100100
1101011110111110
0110110011101111
1111111011100110
1011110111101101
1011101010101111
1100101011101111
0111101111001011
1100111110000111
1000001010111111
1101011110011101
0101101111011110
1110111111111011
1110000111111111
1100001111101111
0111101001111111
0110111001110110
1111110111100011
1011011111001011
1011111101011000
0111101010011111
0010010001111111
1110110000011101
1111001110111110
0011111111101011
0111011110110111
1011111100001101
0110111000110111
0100100111111110
1100010001111111
1000111111110111
1110111001001111
0001111111100111
0110111001110101
0110111110011110
1101110111100100
0011111110111111
1100110111001101
0101110110100111
0101111110011010
1110110100011110
0111101010111010
0111111111011001
1111000011111111
1011110111111011
0111100111110011
1101111010110011
1110111001010101
1011011011111100
1111011101001100
1111111101100101
1010110011011111
1011011111010000
1100111101110101
1111101000011110
0111010101101110
1101011111101101
1100110101101111
1001111000011101
1111111001010110
1101111110010001
1110011101110110
0111011001101100
1111101010111100
1011111010100111
0111010010011111
1111101101000011
1110111111000100
1111111000011010
0101001111111010
1011110111111110
0111010011101001
1110110000100111
0011000111100111
1111111111101010
1111011110000100
0110110101010111
1010010110101111
0100111110110101
0111111101110011
1111100110110111
0110010001110111
1110001011011110
1001011100111111
1110110001111100
1011111101010111
1111100111110101
1101101100110101
0101010111111100
0111101101101100
1101010010111101
1011011110011010
0101111111101110
1111101011110100
1010010011101111
0111001011111110
0000110111111111
1010101101100111
1101111100101111
1010111100100111
1101100111001011
1111011010111011
1111111010110101
0110110110111100
1111100100101101
1101101100011011
0001001111011011
0110111100011101
0111111100111010
1001101001011110
0111011110001011
1110110010000111
1111110000011001
1010111000011111
1110111010101100
1111010011110101
1011101111110101
1011101110000110
0100111010110111
1111011100111011
1111011011001111
0111110110010110
1110011111111101
1011101100101011
0001101011111010
0010111011001111
1101110011111110
1001111110110000
0111111111011100
1101011001101011
1011101110110011
1111011010101111
1111101111011101
1000111100011111
1111101101101001
1110011010011110
0111010110111110
0111110010101110
1100110110111111
0111111101111001
1111110101001110
1001011011111101
0110111011111100
1111111010010010
1011101111110010
1011111001001001
1110001000111111
1011011101011011
1101110101011111
1101111000011110
1001111111000101
1110001111000111