1011111011011110
1110101101101011
0111110111100101
1100111101110110
0111110101111111
1001011011101101
1001101101111101
1010101011111111
0101100111110110
0101111110000111
1100101100111111
1010111100010101
1100001111111001
1110111111100100
1111011101001101
1111011101000011
1000111101011101
1110011011111011
0011010111111010
1111111001001001
0111011101111111
1100111101110101
1011111111101110
1110011110100111
1111111110000011
1111111100011110
0101011111010110
1110111010000111
0111111011111111
1001011010111101
1101011110110100
1011101110101011
0101110111011110
1001011010011111
1111011011011110
1101110101111011
1010000111111111
1111111101111010
1101111001001111
1010111110111110
1010100111111101
0111101110011010
1001101101011110
0011011110101111
1100011111111110
1101111010101000
0111011111100101
1111110110111111
1101111111100101
1101010001101110
1101001111011111
1111110111110011
1000101111111100
1011101111001011
1101001101101111
1100111111001100
1110011101101100
1101000101111101
1001111010110111
1111001111100011
1100101011111110
1011000111000111
1111111001011100
1101111011010111
1000011111111011
0110111111111111
0011110111110101
1110011111111000
1101011111110011
1111011101111001
1010011111110100
1000111111010101
1011110011101101
1011100101101111
0001111111110011
1010011010110111
1011000111111011
1110011101011110
1011100101110101
1110101111011010
1101111001111100
1100111010011010
1101011100100111
1111010011110111
1111110011011101
0001011111110101
0101110111000111
1111011100101110
1110111111000011
1110010111111100
1100010111110111
1110111101011011
1101101010111011
1010011101110111
1110100101111111
1001111110011110
1011110101101011
0111111101111100
1101111010011000
0001011111101101
1110111010101100
1111111101001100
1011101001110110
1110110111011111
0111111101101111
1110101111110100
1111101110110111
1110110111111011
1010111011101011
1111010011101000
0011101111111111
1001011110001111
1011111011010101
0111111111001001
1101111100101011
1011101110011010
0001111111001111
1101111101100011
1111011110111010
1010001111001111
1011111111111001
1010101110011011
1000111111110011
0101011110111011
1101100111011111
1111011111100001
1100011111101111
1011111111001101
1111101011111101
0111011110011100
1001111011100111
1110011101000111
1111101111011101
1110101011110010
1111001101110110
1100101110111010
1111111111010100
0111100111011111
1001011110111110
1110111111100001
0111110111011000
1111001110111111
1111011100100101
1000111011111111
1110001011001111
0101001111110110
1110111000010101
1001110111111111
1111101111110000
0011111111010011
1011111000001011
1111011010101001
1101011100110101
0101010111101111
1010011101111110