0111111111111011
1111110110000101
0111101111011111
1111011110011100
1101110001111011
0111111100101111
0111011111111101
0111100011110111
1101111101001111
1101010011111100
1111110001100011
1111000011011101
1101110111101100
1101011110110111
1111101011100010
1111000011111001
1100111110111110
1110111011110110
1111011000110101
1111101101010100
1111111101010011
1111001111110101
1111100101001011
0101110101011111
0111111111111110
0111011111100111
1110100011111001
1111101101001101
0111111001100111
1100110001011101
1100011111010101
1111011000110011
1110111110011101
1101110100101111
1111101100111111
1110001011101110
1111110011001011
1110010101011110
1100111011101111
1111111101100000
1111011010111000
1111110101110110
1111010110111010
1111110010101111
1111101001010101
1100111110111011
0111011011010111
1110111110110000
1111011110000111
1101111011010111
0111001101101111
0111010111101111
1111110110111000
0110111111111111
1111011101111000
1100011010111111
1111001111011100
1101111111111010
1101111110001101
1111100101011110
1110011010111010
1101101111111111
1111010011110111
1110000110011111
1111100101111010
1101111100101001
1111110010111011
1111010001101011
1101011010011111
1011111111111111
0111110101101101
1101111100110110
1110001010111110
1100110110101101
1101111010111011
0101111010110111
1101011100111011
1111011111110010
1110111001100011
0101011000111111
1111111100001100
1110011100100111
1101111000110101
1111110111110100
1111000001111011
1111101010010111
1110110011011011
1100010111111101
1110001111101011
1101010111110011
1100011110111101
1110110011110011
1110001111110011
1110100010110111
1100110111110011
1111101110011011
0111101010110111
1111101111110000
1110111111001111
1110110101010101
1101110101011110
0101110110110101
1111011100111110
1100111111101001
1100011011110011
1111111011101101