0111111101111010
1101111110100101
1011111010100011
1101110110110011
1011001011001111
1111100100010011
1110110101101010
1110000110110111
1001111111100101
1111111010011111
0001111111011011
1111111101111100
1011101001111111
0010011111101100
1001011110111011
1110011010101010
1011010101011101
0111101001010111
1011101110101101
1110001111110110
1010011110000111
0111001011110111
1101011101110101
1101001100101101
1111110111110110
1101001101011111
0010111111010111
0011011011111011
1101111100111010
1111111001001010
1111001100110011
0111101011101011
1101010101111110
1110001110011111
0011110111010111
0111011101110111
1101110101111010
1001100111111111
1111101110010010
0101111111010110
1010110110010111
1011110111111110
1111011100101011
1101011111100100
1110001100100111
1101111110100011
1011001111111011
1011111111011100
0110011011101110
0111101111011101
1101001110111110
1011101110011101
1010011001011111
0110111011001011
0010111011101111
0101111001101110
1010111111000110
1011101101001101
1111011101010111
0110011011010111
1100111111111111
1101101011111111
0110111011101100
0111111001000011
1110000111011111
1111001101111110
0111101111110110
1111011011111101
0111111111000010
1011011011111110
0101111011111010
1101101110101100
1110111011100111
1010011111110101
1111110011111111
0101000101111101
0010001111110111
1101000100111101
1010101010101011
1101111001110011
1111100100101101
0110110111000011
1010111011110110
0101111111101100
1111001001001111
1011101010111101
0111111110111111
1010100111001111
1111110100000011
1010111111010011
1011011100111110
1101111010101100
0011111111000111
1011100101100011
1111011110011011
1001111111010111
0101111111010101
1011011010101111
1110110101011011
1010101111001110
1111110111011110
1111011000111111
0010111011011111
1111101011000110
1011110100111011
0111111011001101
0011111011110111
1001101110011111
0010110111111011
1111010111010111
1111100111101100
0110111111011100
0110011101001111
1111110111110101
1111011111011010
0011101111010111
1111111101000101
0101110111101111
1101100100101110
1111101111110101
1101001111100011
0111111101101101
1111111101110110
1011111100000011
1111111111111001
1101101111010111
1111100100001111
1001111100011111
0010110101011111
1110011110010101
1111100101000111
1111100111001101
1110001111111100
1010101110100111
1101001100100111
0011010111111111
1110000100111111
1011111111111010
1111010111101111
1111000111111010
1101101111001111
0001101111011111
0110110101110111
0011011111110110
1010111010110111
0011111101100011
1110101111000110
1111111110010100
1101101101011011
1111011111001110
0101011011100011
0110111111110101