0110011000111111
1110100101110111
0111111011111110
1111110111110000
0110111111011001
1111010111101100
0111011101110010
1010101011111110
0101101010111101
1110100110011111
1110010111101110
0111110111111111
1011100011111101
1111110100111010
1101100001111011
1111111000111101
1001100111111101
0101111011101111
1101000111110010
1111001011101101
1001101010111111
1100110111010101
0011011111011011
1111101111100100
1101011111111000
1000011111101110
1011110111000001
1111010000111011
0110111010110111
1011010111100101
1001101011111110
1110111111000101
1001111110111011
1111101111111001
0111101001110101
1111000110011011
1111011110110110
1010110011111011
0101101101111110
1001010110011111
1111101101100110
1111011011111110
1101001011011011
1010110011101111
1111010101101010
0000111111101011
0011011111111010
1111111011110001
1101001101101111
1111010100111101
0101011110011110
1110111011111101
1011111111000100
0011011111111001
1011111011100101
1101010111110100
0101111110110110
1101001101110100
0100111111110101
1111100111000101
1101111111100111
0011011010111101
1010111111111101
1010000011111111
0101001111111111
1100111011111110
0011011110111011
1011011011011011
1111111011111010
1111010101110010
1111111110010111
1101011010111101
1101011011110101
1110111101101110
0111111111001111
1111110011110011
0111011010110111
1101110101110010
1101011110011011
1101101011110111
1011101111110111
1101110111111001
1110111101110100
1111000011110111
0001111111010111
0110001111011011
1101111010111011
1111010111110001
1001110011011101
1110100011011111
0110101101110110
1111101110110111
1101110001101011
1111110101100101
0100111110111101
1110111101101001
1110011111111101
1111111110101111
1100100111110110
1110110101111110
1111101111011110
1111100101111101
1101111111101101
0111101110111010
0011111011100111
1101111001110111
1001111011001111
1110111111111010
1010111111001111
1001111010111110
0110101111101101
1011111101111111
1010011011011111
1111110101100010
1111110101101100
1111011111001000
0100011101101011
1111111101011111
1111110010111110
1011100111101100
1100111011011011
1101100101111010
0111111011011111
1101000010111111
1101101101110011
1100000111110111
1001110111111110
0011111111011100
0011011111110110
1101110111011011
1110111110111011
1101000111101010