0111010110111001
0110111011011101
0110101111111001
0111101111011111
1110111101111101
1101011100101001
1111001111101110
1101110000101111
1011010010111101
0001011111111111
0110110010111011
1111111010111001
1101011001111111
0111010101111101
1111000111101101
1110100110111001
1110110010011101
0111101001111110
0001110111011111
0111110000111011
1111000101111001
1101111110111110
1011110011011101
1011100111111111
0111101011101010
1111110100111101
1101110111101010
1110100011001111
1111101110101101
1011110001001111
1001111111011011
0111111101011100
1100110110011111
0111100111111010
0011110111101011
1111111111110111
0110110110011111
0101101101111110
1101001111111101
1100111111011011
0110111111111100
0100110010101111
1101100111111111
1001011110101111
0001111110011111
1101010111101111
0111011111111110
0101110011001111
1011101111101100
0101101001111001
1111110110111000
0110010101111011
0111010011111111
1011111110111011
1111011111011111
1100111101111010
1011111011101001
1011101000111101
1111010011101011
1011101011101111
1110110110001101
1111111111011010
1010111111111111
0111011001111011
1111100011011100
1100001010111111
0111111101101111
1111010101111110
1101101110001111
1001011011111011
1110101011111011
1111111111011001
1001111011011111
1101111001101001
1100110001111110
0101010101111011
1101101001101110
1111111100001100
1011111111111000
1101111111001011
0111111111101101
1111000111111110
0111100111101011
1111111101101010
1101111011101010
0111011111101111
0011111101111011
1011110001101011
0111011010111101
0110101111111010
0100111110111011
1110001111111100
0111111011011110
0110110000111111
1101110111111101
0110110111111101
1110111000111011
1110101011111110
0011111011111100
1101011011111100
0011101101111110