0111110100101101
1101101101101111
0110110111011110
1110001011111011
1001110100111011
1100100011011111
1101101110111111
0111010100111111
1011101101011010
0111111000101101
1110011110111001
1000111111111111
0110111101011011
1110100111101111
1011000100111110
1001011101101011
1110111000111111
0010011111101111
0010101001111111
1101111110001001
1111100110101010
0111101000111110
0011111101011011
1111111111110111
1110101111111001
1101110110101111
1111010111111001
0110101100011111
1110101001001011
0101111111001011
1011011000111110
1001101001011011
1001101111111100
0110010001101111
1011100111011111
1101111100011011
0110011110111011
0111011011101101
1110111010001101
1101110111101110
0001111010111110
1110110110001110
1100110101111111
0011111010111010
1110111011011001
1110011100101101
1111110110101001
1110101111011010
0111111001101100
0010111111011111
1111011111011111
1100010110111110
1101110110011011
1101010100111110
1111010011101011
1001010101111111
1111011111111010
1110100101111011
1100111111011010
1101111010101100
1111100110001111
1010001011111111
1111001100101101
0110111100111011
0011111110101000
1011111011101011
0110110011101110
1011101011101101
0111010011111011
1100111110011011
1111101011011010
1111110001101011
0101101111011110
1010101111111110
1010011011101111
1100010110111011
1111001101101011
0111111001101010
1001011101101101
1101111001101011
1011111101011001
0100111101011110
1111001000111111
0111110110111110
0010011011111111
0100100111111111
0110111100101110
1100101101011011
1110111110001001
1111011001111001
0010111110111110
1010011101111111
1110010010101111
1111110101101010
0101011100111111
0011001011111101
0101111111011100
1101010010111011
0110100010011111
1101111101001110
1111111010111000
1011110001111110
1111110111001010
1111101100111011
1001111100101110
0110111011111001
1111101110011110
1001111110001111
1100011111101100
0111010101101110
1010111111011010
0101001111101111
0001111011111101
0110011100111111
0011101000111101
1011110111111101
1100011110101111
1111011010111101
1111010011101110
1111100000111100
1101111100111100
1111110101011111
0111100111111110
0100110111111100
1011010011101111
0001111101101101
0110001101111011
1111100010111010
0100010111111110
0111001110101001
0101001111111110
0001100111101111
1101001111101011
1011011101101100
0110100111011011
0111110010101011
0101101011111010
0011111000111001
0001011111101101
1011101111001111
0001111101011101
0101110011111100
1110101011111010
1011011100111100
0111101101011010
1111110011101010
1010111101001111
1100100111011110
0011111110011011
0110101111101100
0101110001111011
1111101111011101
0100111001111100
0101110001101101
1011111010011111
0011111101101110
1111100011101111
1101101101111100
1101010001111111