1100111011101101
1110110010111101
0111011000111110
1111111010100101
1010110100101110
1011110111000101
0111111011011101
1100111111110110
1111111010011101
1010111001011101
0111011001101111
0110110110101111
1010011001110110
0110110111100111
1011011111111101
1101111011001101
1111101111111111
0111110101111101
1110111011001110
1101010101111110
1011110101011101
1101110100001111
1110010111100111
1111111110011110
1001010011011111
1110111110011111
1110010100111110
1111110101011100
1101110011011101
1100111101111101
1101110111010110
1000111111101101
0101011011011110
0110110111010111
0111011101011111
1100111111100101
0110011100111100
0011111111111111
1111111010100110
1110011101101101
1010011011100111
1010111110111100
1111111111110100
1001110110011111
1001010010111111
0111110011011111
1110110110110111
1110111011100110
0100010101111111
0111010001111110
1011110001101100
1111111001000101
1111010000111110
1110010011001111
0110111000111100
1111010011001110
0110110110111110
1011010100110111
0111110111001100
0101010010111111
0100111111110111
1100010111010101
1101110111000101
1011111100000111
1001111101001110
1101110110101101
0101111010110111
1011110000111110
1010111001101110
0111010110111101
1100110011111111
0101111100011111
1111111111111011
1011010101101110
0110011111110111
1111010011111101
1110010101001111
1111111010010111
1101011111101111
1001110101011111
1100111111101110
0110011111101111
0101111111111101
0101110101100110
1111110110011101
1101110010101110
1011111010110111
1111011010110101
0100111010101111
0111111110110110
1111111100100101