0111111111111011
1011110110101111
1111111111111110
1101111100111111
0111100001110111
1101110101110101
0111100101111101
1110100011101101
1111001011100001
1101111111101011
1010110111100101
0000111110110111
1101011011111111
1111101010111111
1110101111101001
1011011111111101
0111000111101101
1111101110111001
1111001101111011
1100111111010111
1011111111011111
0001101101111111
1111011011011111
0101111110011111
1111000110110011
1111000011110001
0111110011110101
0011110011111101
1111011111000111
1101111101011011
1110011101111011
1110100111110101
1101111111001101
1110111000011001
1000101001111101
1101100011101101
1111110110100111
1010101110110101
1101001110111101
1011011011111111
1111111101010111
1111100101111001
0111010001111111
1101101111100101
0101111101110101
1111101111000111
1110110011011101
1110110010101101
1010111001110111
0110000110101111
1111101011011101
1111111110010111
0110111111001111
0011101011111101
1111111101101111
1001100110110101
0100001111111101
0110111000111111
0010100111111101
1110101101011111
1111010100011111
1101101111010001
1110011011110111
0111111110111101
1001101011101101
1101111011011101
0001111001111101
1101110110111001
0111100011111101
1101111011110111
0001110010111111
1001001110110111
1111010110011101
1010111011101101
0100101011111111
1100110111110011
1011111111111011
1100100111011101
0110110001111101
1111111111000011
0001110111101111
0111101011101111
0010101110101111
1110001111110001
1100001101111111
1100110011111011
1110011101111101