1101110010110111
1000111111011111
1011001011110111
1011110110101111
0111011110000111
1101110011111011
0100111111010011
1111111111111110
1101011111011011
1111011011100011
1111111111111101
0001110111100111
1101111110010011
1010111011100111
1001111011010011
0110101101111011
1101110111001111
1001010111010111
1110011111101111
1001110010011111
0010111001101111
0111010101101111
1101011010000111
1110010111111011
1111111001010111
1011110111100011
0110111100011011
1110110111000011
0011101110001111
0101111110011111
1011011110011111
1111111000011011
0000111101101111
1011101010110111
0110101110101011
0110111101110011
0111001010111011
1101011011111011
0111111010010111
0111010111001011
0111110111010111
1010110101000111
1010110011010111
0101110110111111
0010110110110111
0111101110000111
1101111100011011
1110111010111111
1111110100110111
1100111100101111
0010101101111111
1111110001111111
1100110111111111
0111111010110011
0011010111110111
0011001111001111
0010111101011111
0111000111011111
1101101111111111
1111010100111011
0111011011011111
1110111011111011
0111011100010111
0101011111011111
1111100111111011
1011111100011111
1111101101100011
1111101001100111
0110111100100111
1001110110110011
1001010101100111
0100011101111111
1011101001110111
1110101111000011
1111001100101111
1111101101011111
0101111001111011
0001111100111111
1011111110010011
0011010110111011
1111011100100111
1011001111100111
0010101011011111
0001010111101111
1011111001100011
1001111101010111
1010100101100111
0101110101100111
1011010111101011
0111110111110011
0110000111110111
1111010110101011
1010011111111011
0001111001001111
1110110011000111
0011101111111011