0110101101011111
1111110010001011
1111011110111110
0110111011011101
1101101000110111
0011111101110111
1010111011011110
0011101010110111
1111100111101000
0010111111101001
0001111011011110
1111010001111001
1111101111110010
1011110100101101
1111101101010111
0111111001111100
0100111001110110
0101110110011111
0011110001011111
0101111111111000
0011111101001101
0011101100111111
0010111001101111
1100111111110001
1010111100001011
0011101110101010
1000101110111010
0011010010111111
0010111100111011
1101110100111001
1101101001110101
0101111011011100
1110101110100011
1010011110100111
0110101100110111
0111111110101100
1001110110011100
0001110011111001
1111110011001010
1111011111110100
1011101011011110
1110011101100011
1011100001011111
1101101001011111
1111011110110001
1100011101111100
1001011101111010
0001101110011111
0100001101111111
1101111100110101
1110110111011001
1111100111011110
0111110110110011
0010101011101011
1001110111011011
1111110111100111
1010111001101001
1110001101011111
1011111111010111
1111001111111000
1101100101111111
0100111100011101
1111001110111011
0111011110111101
1001001111011101
1010101111001111
1110011011101011
1110110111011110
1110111111000000
0101001101011111
0011011001011011
0111111011001100
1111010011101000
1111010110011011
0101111110111100
1111011011110111
1101110000111101
1011111010101000
1010011100001111
1110110111110100
1101101011011110
1110011101011010
1111111100001101
1111101011011011
1111011111100010
0100011111110011
0011101110101001
1111010110110101
1111101011111100
1100111110110010
1101110111011000
1111110001101001
1101010101111101
1011001111110001
0111111010011001
1101111111101111
1010100011101001
1011110011110001
1110101110100100
1010011101011011
1111011110100011
1110101111000110
0010111111110110
1100011011111101
1011111010100011
1010110001111101
0111101111011110
1111111110000111
1111110100011110
0110001110011111
1010010110111011
1010100101011101
0001001101111101
1111111011001000
1110011001101100
0110110111111111
0110111111000101
0111110111111110
0011101111001111
0100111110011001
1011011000011101
0100101111010111
1000010011111011
1101110111110111
1111101110011110
1011001111101011
1011111110110110
1011101110110001
1011110011011100
1110101111010001
1100101100111100
1001110000111110
0111101010101101
1010111111011010
1011101111011100
1100011111111001
1110011010111111
1011110010011110
1000101011111110
0000111111011111
1111111011000011
1010110111111110
0010111010101111
1110110111111000
1001111101110001
1110000111010011
1111011100110111
1101111101011011
0111011111010101
0010101111111100
1011111110011010
0001111010111001
1011110110101100
0010101110111110
0111101111011101
1010111100011110
0100101001111011
1111101101110011
1111011111011100
1010111110111101
0001111111011100
0111100111111111
0111111000001111
1110111011110011
0001111100111011
0100111111110100
1001001111111001
1111010101011101
1110100110001101
1011111011110110
1100101111111001
1111101001011101
1100101011111101
1111011011001001
1001001111111010
0101011111011110
1111111001100101
0010111111111010
0011111101111110
1011110101001101
0111011101110101
0111110010001101
1110111101110101
1011101010011101
1111101101111001
1100111011111000
1111010010111011
1110010101111111
1100111010111011
0000101111111111
1111101101101111
1110100111001011
1100110110111001
1111001011111111
0110011101111001
1011110110011011
1011010111101111
0011101011101110
1101111000011100
1101101100111011
1110101101110110
0110011111011110
0111011111101111
1001111110011011
1011010011011001
1111111110100010
1101111111010001
0111110101011101
1101000111011101
0010101011110111
1111111001001100
1001111110110011
1110110011011111
1110111110010100
0110111001101001
1111111000111011
1110010110011111
1101011011111100
1100111101010111