0111111101111010
0101111111111110
1111011101110110
1010111011011111
1111000100110111
1110011101101111
1101110110010001
1110101111110011
1101111100011101
1111011110111100
0111111110110100
0101111111111001
1111111110100111
0101110011101101
1001100111111101
1111101110011111
1111100111010111
1111011011100111
0111111110101110
1011110101011101
0111101111110011
1010111111011010
1111111101010011
0011111100110001
1101010111010011
1110001111111010
1001011010011111
1011111011111101
1110110110101101
1101011101011110
1110111101111010
0111100111111001
1101100101011110
1010111101110100
1010111110111111
1001101111110111
1110001101111001
1111111111101011
0011101101110111
1011111111011100
1011011111110111
0101001101111101
0011110010111111
1100111111111111
0011100111001111
1011010111001111
1110111010111111
1111010111111110
1001111110101101
1111011011111101
1101011100111111
0010111111001110
1110110011111010
1011110111100111
0001110110011111
1111100101111001
0111111100011110
1101010101010111
1111111000110100
1001111101101111
1101011110011001
0110101110111111
0110110110111101
0111111111010111
0111111011101110
1011111000111110
0110011001011110
0111001111011001
1110111001111011
1101111111111000
0111001100101111
1011111101110000
0011011110011111
1101001101001111
1111111101101110
1111010111111101
0011110111110010
1101101111100110
0111100111011010
0010111111111010
1010011111001111
1001101101011010
1110111001000111
1001000110111011
0110110111110111
1011101100111110
1101101111010001
1111111011010011
1111111111101100
0001101100111101
0110111110011010
1111011111110010
0011111011001111
1110101101101111
1111011100111010
1111110011110001
0111010111111111
1010010111011111
1011111111100101
0110111111011101
0001111001011011
1110000101111111
0101101111101111
0110011011011011
0111110111110001
0011110100111110
0111011011011010
1001111011100111
1110111110001111
1001010001111111
0011110111111001
1011011100111111
0110111011111100
1011011101111101
1011110111110101
1111110100010110
1111111111001101
1111110011011111
0111110101110111
0011110110001111
0111100101111011
1111101011111111
1001111001110110
1110111110010101
1111101100110110
1110001101110101
0011011001011111
0111111011110000
1001111001011110