1010001110111010
1101011100010111
0010101001111010
1011101110010100
1111010111101101
0101001111110101
1111111001110111
1111101111110001
0101011100011101
1010111001111001
1100111111110111
1101101110111111
1111101111001010
1011110111011111
0010111110011111
1110100110011110
1011100011111101
0111001110111010
1010110110110111
0101110110011110
1101101011100011
0111101010011011
1000011111111101
0011101100111111
1110100111101111
1111110111010101
1011111011000101
1111111100011110
1010111111101110
1111011011111001
1101101101010101
1101101101101010
0001101111111111
0011111101110010
0110011101011111
1100101011111001
1110111100110110
1011101011101010
1000111011011101
1011101011011110
0111111011010100
1011011111110110
1101001001011111
1011101111001011
0111110101111000
0011110110110110
1101110111101111
1111011011111100
0101101111111000
1111100011111100
1010011110111101
1101101111100101
1010111010010010
0010101101011101
1111101101000111
0111111111101011
0111101101101111
1101111011111110
0101011110110101
0011011111110001
1101110111011101
1101010101110110
0111111111001111
1111011011010011
1100011100011111
0011011000111111
1000111110111001
1010011011101101
1110000111110011
1010111011110001
0101111101101110
1110011110110101
0111111101110101
1010111001101111
1100011111001011
1111011111110010
1100101011101111
0010111111010001
1011111100111110
1010011101100111
1111000011001011
1110101111110110
1000010111111011
1111001111110110
1101010101111100
1111001110011000
0010111111110100
0110101101011001
0010101101111001
1001001101111111
0101101111010011
1010010011111110
0111011000011111
1000101101111001
1110000111111010
0011001101111111
1100010111111110
0111011111011100
1100111111011100
0110101110010111
1111100111110110
0011010111111000
1010111011111000
1110111101111100
0100011110011101
1111110101010110
1011101111000110
1110001111101111
0001011101111111
0110000110111101
1110010100010111
1111011001111011
1111101010111110
0101111101110011
0001111110111100
1110110111001111
1101011111111010
0100111110011001
1010011010111111
1000111101111010
1101101101001110
1111011111010110
0110111010111011
0101110110111011
1110111100111011
0011100111101110
1011001011111101
1111110011100000
1101101011001101
1110011111010001
0111100111111010
0100110111111111
1111111010111101
1111011100110110
1110011101001001
0101011001101111
1101111101011011
0011101111111100
1110001011011111
1011110111100000
0110101110011011
1110010101101011
1110110111100110
1011111101101101
1101011110010101
1011011111011111
1110110111011011
1011111101101110
1001010011111101
1111001101001101
1101010110011110
1010101101100111
1110011111111000
0011111101111000
0100011011111101
0101001011010111
1111000110111010
1001111111001101
1111110101100110
1110010111011110
1111110110110000
1111100101111111
1100101111111110
1110011001111101
1001000111111110
1111111110101111
0101010101111011
1100111111101101
0010111010111111
1001111111010001
1011101001011001
1100100111011111
0110111111101111
0010100110111111
1011101110110011
1000111011001111
0111110011111111
1111110111010010
0110110111110000
1011110110111100
0011011010111011
1011110110110011
1000111100011111
1110101011111100
1110111101011110
1110110010111110
0100101001011101
0111101100111000
1111000111001110
0110110110111000
1110010101111010
1110111011001011
1110100111111000
1011111011010001
1001001011110111
0101111011111011