1111010010101111
1111101101101011
1010101111011001
0011111110011101
0110011111111100
1010100111011111
1111111101001011
1101100011011111
1111111101111101
1011101011111110
1100111111110111
1101010110110101
0101100111110110
0100111100111011
1001111111111111
1110011111001101
1101111110100110
1011111011011000
1101010110101100
1011111101100111
0011111111101111
0101011011001101
1101001101011111
1110111011110101
1111001111101001
1111111101111110
1101011111100010
1111111011001110
1111111010111011
1111100111101101
1010011111111111
1111111111010111
0111101111111101
0101101101110111
0101011111101100
1110110111001100
1101101111011010
1110001111111010
1101101010101100
0101011010111111
0101011011110111
1011001110101111
0011111111011011
1100111010011101
1111101111001111
0111011101011111
0101101100011011
0110011110111001
1111110101110111
1101010010111101
1111011101100011
0100101011101110
0110101101101111
0110101111110111
0111010111101111
0101111110110111
1011011011111111
1010111111011110
1110110110110111
0101011111100110
1100110101111111
0011110111011100
1101011010011100
1111110111111011
1010111111111100
0011011110111001
1101001111101011
1111100110101111
1011101101110111
0100110011111110
1111111110110011
0011100010111111
0110011011111010
0010110111111101
0110010011111101
1111111011100001
1111111110101001
1110101111100110
1011111010100100
1101100100011111
0010100111111111
0010101010111111
1110011011101010
0100111101101111
1110001010111110
1101110111011110
0011110011110101
1111001011110001
1010110011001111
1111000110011101
1010101011100111
1011010111011111
0111101100100111
1111001111011000
1011001101011111
0110111111011101
1110101010100111
0110111111101101
1111001110100110
0110111011011011
0111100111011111
1111110010111110
0111111011110010
1011110110110111
1100111011011010
1011010100101111
0101011110111001
1111111001111111
1111111110111010
1110011111100111
0111001010011110
0101111111100101
1100010111111110
1111101111101010
1101111010100101
0100110011011111