0101111101111110
1000111101011111
1101110110001011
0010000111111111
0100101111001011
1111001110111100
1111100111101000
1110110011101110
0111011111111100
1110111111111101
1001100110011111
0011001111111010
0111000111101111
1101111111001110
1111101110111011
1111110110111010
1001111011011100
1111110000111110
1111000111101101
1101110100111111
1101100111101110
1111111000111101
0110011011101010
0011010111111011
1011001111011101
1010111101111010
1011111011111010
0111100101111111
1011111110001111
1110010110111110
1110011101001111
1111111011101001
0011011110101101
1111000101101110
1101100111001111
0101011100111011
1010100111011011
1101011110101110
1011110111111110
0111100111001111
1111111111110111
1011110101011011
1111010011101110
1100011111111010
0101010110111110
1110010111011011
1001011111001111
1010010111111011
1011101110011101
1010111100011111
1111011110011111
1111011010111001
0111011100111101
1111011100101111
1011101101111001
0010011111111011
1000111001111011
1101111100111100
1111111101001010
1111100111011100
0000101110101111
1100111100111110
1011111101101110
1111000111101011
1001101111011000
1011010001011111
1001011001111111
1111111100101011
1011100111101111
0111111110011111
0111010111111010
0111101110111110
0111011001111001
0101111001011001
1111110110101001
1111011111011110
0110101100111111
1101111001111100
1111110010101101
1101101101111110
1011111000111111
0111010110101110
1011011011011011
0111101110111101
0100011111011111
1111110100001101
0011111011111111
1011110101101111
1011011100111110
0111111111001010
0100011011101011
1010011100111111
0001111101111111
1110100110001111
1011011111101000
1101010011101111
1100010111101011
0111011001111010
0101011011111110
1001110111111011
0011101100101111
1100110111111010
0111111101001101
0110010111111110
1011011111001001
1110110101111111
0111101101011010
1101011010111011
1110101111011110
0111111010111000
1011111111001110
1111010111101001
1001011111011101
1011110110011001
1111010101111001
1101111010111001
1001111110101011
0101110110101111
1010110011011011
1001111110111100
1010011101011011
1101101101111101
1101110111111101
0111110001111100
1110111111001110
1111101011111111
1110111110111011
0101010111101110
1011111011101111
0101011011101101