1011111110010110
1011101011011101
0101110011101111
0011111101110111
0110111011111110
1111101110011001
1011101001111111
1111101100111011
1110101001110110
1110101111101001
1010111011011001
1100110111001111
1110101100100101
1111111111001011
1110111111110010
1111101000011111
1100111100111011
1111111010111010
0011100111101111
1010101011110011
1001101011010111
0111111111111010
1011110111101100
1100110110110111
1001111100100111
1100101111011011
1010110001100111
0111101011100101
1110111111000101
1101110110011110
1010110010011111
1111111100011100
1101111111111101
1111101100111110
0110100101011110
1101101010111110
1011111110100101
0101111101001110
1110110100000111
0110111101110011
0111101001011101
1111100110110011
0110101101010111
1111111010100111
0110111111001110
0010111011010111
1101111100110011
1110110001011011
1111110100011001
0100111111101111
1001101111000111
0100110111110011
0110111011100011
1011110011010111
1110111011111100
1011101111100011
1110100001110111
0000101111111011
1110101100001111
0001111011001111
1011111111010001
1111101001011110
1111110001010011
1011101111110000
1110110111011000
1101110110011011
0101100011110011
0101110011111110
1010111110111010
1001110110110010
0111101011100011
1001110101011011
0110101011101101
0111111110111111
0001110111110110
0111101111110100
1011110000111100
0001101101001111
1110111101101110
0111100101011011
1110110011111101
1011111100011011
1111100011010011
0011101111100111
1110111010010111
0111110111001110
1011101100111111
1100101101011111
0000100011011111
0011111011111001
1101110001111111
0010111001011111
1010101110011011
0011110011101101
1111110111110101
1001101101111010
1000111010111110
1010101111001101
1010111100111111
0010110111001111
1110100011010110
1111110101101101
1111111101101011
1011110010001111
0101111001110011
1111100001111011
1111011111111111
1101110010101111
0101101101010111
1001111111101011
1011111010110111
1100111011110011
1110101101010001
0010100111110111
1011110101010110
1101110101011110
1111100111100111
1111101101010000
1101101010110111
0100100011010111
1111111111100110
0111100111011100
1011111110101100
0111100111010011