1110101111101010
0011010111111001
1001101101111110
1110001110111101
1101111100111111
1110111101111110
1101111101110110
1111101111110011
1011101110110111
0111111111100111
0111111100110101
0111101111111111
1010011001110111
1111010011011110
1011111011011001
0111110100101110
1000100010111111
1111011101110100
1110101011101101
1101101010101111
1100110111110111
1111101101110110
1111111010011001
1111110010101010
1011101011111101
1111101100011001
1011011111100100
1111001111110101
1111001111010110
1111101011101010
1000100101111111
1011110010101111
0101111011011101
1111111110110100
1011111110111110
1111111101001110
1111110101010011
1000111011110101
1100101111111100
0101110011111011
0111010111011100
1111110011100111
0001111111101111
1111001101111001
1001101111101010
0101111101001111
1011001101111011
1101011111111111
1011101001101110
1011101011011111
0111011001111111
1001111001111010
1010111011111110
1111111011111100
0111111010101110
1101110111101111
1111111101100010
0001110111111111
1111001000101111
0110111111111111
1011011110111101
1111110111000111
1111111101101101
1011101110011111
1111101110101001
0111110111010101
1110001111111110
1101110111111110
1110100110101111
1000101110111101
1111001001001111
1111111010110111
1110011110101110
1001111111110100
1011110010111101
0011111011111111
1111111011100001
1101111110101000
0011110110011001
0111010011111101
1100111111100001
1011010011111010
1100100010111101
1110111011011111
1110111100110111
1101110101110011
1010110001101111
1101101101111001
1000111101110111
1101111010111010
1110110111111011
1101111110011011
0111110011101110
0111011110101111
1111101110001111
1111110110110010
1111100110110101
1011111101011110
1110101111011110
1111100111101100
1011111111001111
1010010110111111
1011111100111111
1111010101111001
1111010111110111
1111101110111110
0111011110010010
1011011101100110
0111110000011010
1111011000101110
0011011101011101
1010111101100111
1110111101011111
1001100010111011
1111010100011101
1101100110110111
1101111111010001
1111110011110110
1111011110001011
1110010111101111
0001111111111110
1110111100111101
1100100110011111
1110001011111001
1100111110110111
0101111111011011
1011110111110100
1101111011110001
1110111110111011
1011011010011111
1110101011111110
1001111001011111
1110011101111101
1011011001111011