1010101110101110
1001011110111001
1001001110111111
0111001011101111
1111010111101101
0101011110111110
0010011001111111
1110110110011111
1111011101101111
1011111010001101
1001111110101110
0111111001111100
1010000111101011
0101101111110001
1001101110101101
1110110101111100
1110001111110110
0011111111101111
0011001111111111
1010111001111110
1111010101110101
1100100111101101
1111000111101110
1010100101111011
0110010001111011
0011111011110110
1111111101011100
1111011001011110
1000110110110101
0110011010101011
1111111100110101
0110011111001110
1111111101010101
1100011101111110
0111010101111001
1010011110111110
1001110111101111
0101100111101111
0110011111000011
1101101110110001
0100011111110101
1011111011000011
1111011011110011
1111110100110111
1111010111010011
0110001001111111
0110111110011111
1111100111111001
1111101100110111
1001011101111011
1010111111001011
0101010111111111
1011110101110110
1111111101011011
1111111011100101
1110011101111010
1011111101011101
1110101000111011
1111101010101110
1101111011111111
0011110011110101
1110101101111010
0111111011110100
1011101011101101
1011110111101101
1111100110111011
1101101111100001
0001101110111100
1111110011000111
1011110011100111
0011111010111110
0010111000111111
1011011110101001
1000111111000111
1111101011110010
1111110010111111
0010111111110100
0100111101011110
0010011011111101
0110110011111010
0101101101101100
0101101101100011
1110111111111001
1111001000111110
1011101101110101
1001011111011110
0100111100111100
0010111001110111
1000011100110111
0111111010011010
1101001111111010
0111010111110001
1111011101110110
0110011100111011
1111011111010101
1111001001111010
1000011111101011
1011100011101011
1001011110011111
1010011111011110
1011011010100111
1110101101111100
1101011111100001
0110111111000101
1100101100111111
0111111011110011
1100110110111110
0110000111110101
1101110101100011
1101101110101011
1110111100101100
0111101101111010
1110111100100011
1010010111111110
1101011101110101
1101110111001111
0110110001110111
1100111101110101
1111111011001110
0011110111111011
1011001011111100
0111011101110111
1110001010111101
0010100100111111
0100111101100111
0110101010111110
1110000110111111
1100111110010110
1011110001111010
1111111111101010
1110111010111100
1011111100101111
1110011110011011
1101011100111101
0000111101111011
0111011110001110
1101110110110100
0101111111010000
1101000100111110
1011111010111001
0100110110111111
1101110100101101
1000111101111100
1110110001111110
1100011111110011
1011100100111101
0000111111111100
1011111111110010
1011110101001111
1110010101110011
1101111101111001
1011010011111111
0000110111110111
1011101000111100
0101110111111010
0011101001110111
0101011111011110
1110011011011101
1011101111110110
0101001111111101
1000111100110011
0111010111011111
0110101111101110
0110101001101111
1100011100111011
1111110110110010
1101010111110001
0110110101101011
1110110111101110
1011110110110001
0110101011110110
1110010111110110
1111110111011101
0001011111111011
0101111100001101
1110111100001110
1011011110110101
0000101111110111
1011111011011100
0111011010111101
0110111011011111
1011011101111101
0011111111011100
1010001111100101
1111101111011111
1111111111100110
0111111110110111
1010111011101111