1100101111101111
0110111111111011
1101111001101100
1011111011011111
1000111111011111
1111111110011010
0101011110111111
1110111111111110
0011011011111111
1011101111000111
1101011110101011
1111011101101111
1011111010110101
1101101110111110
1111110111010111
0100010111110111
1010011110111011
1111101011100011
1111101101110110
1010111011111011
1111011111101110
1101111001000111
1111110011011011
1101111100011110
0001110101111111
0101110111011111
1110111100101111
1111111000000111
0110011100111111
1110011011111001
1110011011011111
1111011010111111
1011011100011111
1111111010011011
0011101111011011
1111101011010111
1110111110110111
1111111010111100
1100111110001011
1111101100111111
1101101101101101
1011011011111101
0111111111111101
1111110110111111
1011011111110111
1111110111111101
1110011111101011
1100111111000011
1111110101011110
1111111101111011
1101101011111111
1110101101111111
1110101111010101
1111111011011001
1111011100110101
0111101111110110
1100011111111101
1001011011111111
1010101111010111
1111110001111111
1001111110111111
1111111110110001
1100111011111101
1011111000111111
1110111110111101
1111101011111000
1111010111011111
1101111110101101
1111111010100010
1111101110101011
1011111111111110
1011011110101011
1110111101001101
0111011111111011
1111011101011101
1011011111011011
0001111111010111
1111111100010100
1111110111111010
1101111010011111
1111101110110111
1111011011001111
1111001111111111
1110110101111111
0100111100011111
1000111111110011
0111101110111010
1001110111001111
1101011111011111
1101111011110110
1011101011111011
1011111011100011
0101110101111110
0111111001110110
1101110111100110
1101011110111100
1101111011101010
0000101111110111
1110110011110111
1111111111100101
1111100111111111
1111101011100110
0010101011110111
1100110111110011
0101101101010111
1010101111111101
1101101111111011
1110011011101111
1111011111100111
0111111111101111
1001111011111101
1100110111011011
1101111111110101
1101010111111110
1111101010111001