1001001110111111
1101110001111010
1011011011010110
0000011111111111
1101000111111111
1100101110111110
1111011110111101
1111110100111110
0110111101011011
1101101011111010
1101110101011011
1111001111110101
1101110010111101
0011111101111100
0110111001111011
1000100101111111
1001100101111110
0110011111111000
1111110110011011
0010001111111111
1111011101111010
0110111110111010
1000111111111011
1100101111110111
1110101111111011
1111010111111110
1111001111111110
0111101110111111
0101011011111101
1010111011110111
1000101110111101
1010111000111111
0110011011111011
1011010101111011
1111100111111011
1011100110111111
0011101111111000
1111010111011111
1101011110011010
1010010011111011
1111011111011000
1101111011111000
1011011111011011
0100011110011011
1001110110111110
1011101100111111
1101011111110111
1111011111110011
1011111101011111
1111110010111000
0110111110111100
0001111111111000
0101101111011111
1011100011011111
1011111100111101
0011011110111110
1111111101110111
1011100011110111
0101111110111110
1111100001111111
0100111101011110
1111100011010111
1101100110011111
0010011011111111
0111011111011101
1001111111011111
0111101111011110
1110111110011010
1101011011011110
1011011111011101
1110111011110001
1100111110011101
0110111111011010
0111110111111111
1110110110111011
1111101010111110
1001111101111010
1111110111110110
1111100100011111
1001100111111101
0111011101111111
1010111101111010
1101101110011101
1110101000011111
1110111100111010
1101011111111001
0011111110111011
1111001111010111
1111011010111111
1100111101111101
1110111011111110
1011111111110101
1111110101011101
1110111110110110
1110111010111101
1011001101111011
1110110001111101
1100011111111110
0010101111111101
1101101110011011
1111101101111101
1110110011010101
1110110101011111
1111101001111010
1101101010111001
1111101111010101
1011010111111001
1010111111011111
1111110110110111
1111011101011111
1101111000011010
0111001111111011
1001101011111011
1111010011110111
1100111011111111
1011000011111101
1110010111111101
0000111111111110
1111111111101111
0101101011111111
0111111111110111
0111101011111010
1001111110111001
0001011110111111
1111110111011110
1110010101111111
0011101101111011
1111011101111101
1011111010011001
1011101011010110
1111111010010111
0010011110111111
1101101100111011
1011110110111100
0111011011011011
1101111110011000
1011011100111111
0101011111011010
0111111101111001
1110110010111111
1011011110010110
1111110101111001
1011110110011111
0011111111011101
1101111111110101
1011110111010011