1111011111110110
1111111001001111
1110111111111111
0111001101010111
1011110111111011
1101111101110110
1101110011100111
1111011001111011
0111011001101111
1011011011110011
1101010111011110
0101111101111101
1011110011011110
0101111111011110
1101111001111011
0111111101100101
0111111111100001
0001111101100111
1011111111011011
0101111011110101
1011011001111110
0111111011111010
1101011101110111
1011101001111011
1111101111111001
1111111101111000
1011100111111100
1111111101010101
0111111111110010
0111011101101011
1111110011001111
0111111011001011
1111011011011001
1011011111011111
0011011101110011
0111110011110111
1101101011111111
1111011111101001
1111110111011011
0111101001110111
1001111011101111
1111110011111011
1001101101011101
1011111111110010
0011101101011101
0111000111011111
1011101101110111
1011111001110100
1011010011111111
1001111111110101
1111001111111101
1111111101011010
1111110011111101
1111110111111001
1111011011011100
0111001011011111
1101101101111010
1111111110111111
0101011111111010
1011111011101011
0101011111011001
1111101111101111
0111111111001001
0011111011001110
0111111101111110
1101111111100011
1101111111101101
0111101101011011
1111110111110101
1111110101111111
1101110111000111
1111101001011011
0101010111111011
1111101011111101
1101011111101110
1101011101101111
0011101011011110
1101111001011111
1011111001101101
1111110111100011
0111111101001011
0111111011110110
1011001011111011
1101111001101111
0011111111101010
0011011001110111
1111000111111010
0111111111101000
0011100011111110
0011111111011100
1111111011010111
1111111111100110
0101101111110111