1111101011101111
1101101101101111
1100111111100111
1010110110110101
1011011111111111
1001111111010101
1111011010111010
1111010011111010
1101111110111111
1111111101111101
1111000101111011
1110111001011111
1011111111110001
1011110111011110
1111010111111100
1111111111101110
1101011001111111
1111110110111010
1111101111100011
1111010011011110
1100011111111011
1100111111011010
1101011111111010
1110101111100111
1101011011011100
1101101011110111
1110011010111101
1111101111111110
1110111011111001
1111110111010100
1110110010011111
1110110111111011
1100011011110111
1110111111011001
1011100110111001
1010111111011010
1110111111101101
0111111111111111
1111111110101111
1111011100111010
1101100111111001
1111111110011110
1111001011111111
1110011111011011
1000110111110111
1110010110110101
1111111111001111
1110111111110000
1101101111110001
1111010011111101
1111011111100001
1111111101110111
1010110111111110
1101010011110110
1010100111111101
1011101101101111
1110100011110101
1110111101101011
1101100001111111
1110111011101111
1101101111100111
1110011110111100
1100110111111101
1011111011111111
1101110111111100
1110010001111111
1111110101011111
1111111011110010
1111010110110110
1001111111101011
1101111101111010
1110111100111111
1101111111110100
1100111011010111
1110111010111110
1111101111011111
1010111111101011
1111111000111010
1111110111101111
1111111111010011