0100111111111111
0111101111111000
1011111110010110
1111011110111110
1111100111101001
1001111111100101
1111101111110011
0001011111111111
1101101110111111
0110010100111111
1101110111101101
1010011110111011
1110101011101101
1011111010011011
0001111111111011
0011111111101110
1010011111100111
0111110101111101
0110010111101011
1110101111111110
0101001011111010
0011101110011111
1111000111101110
1011101111100111
1111111101011100
0110101011011111
1101111010101111
1100110111101011
0110111001111011
1101001111011101
0010011111111111
1001111001111111
1101111111111100
0111111101011110
1111101011011100
1011111100110110
1111111111110100
0111000100111111
1011100011111110
1011011000111101
1100111111100110
1111011011111100
1111011011110010
1110111110101011
0110111110111001
1111110110101000
1011001111101101
1011111001110110
1010111110111010
1000111111110101
0111010010111011
1001010101111111
0011111011111111
0110000101111111
1110010110101101
1111110011111101
1111011011010011
1111011111011000
0111101111101110
0010111111011010
1111101100111100
1110111111011001
1101001111110101
1111111011100111
1011111101011111
1011001111110111
1010011110110111
1011001110111111
1001110110111111
1110001011111111
1001011111110101
1001111011001110
1111101101110101
1111011111100001
1100010111111101
0101111110111111
1110101110001101
0111111111001011
1011010110011111
1010011101110011
1101110000111111
0010111110111100
1111111010101001
0011101111101101
1101101111111001
1001100111011111
1110111000111011
1111100111111000
0011110111111111
0110111000011111
1010011101111110
1110011101111101
1011011011110001
0111001100111001
1011011111010010
1011111111000111
1010110111111011
1110001111101111
1110111010111001
1100110110111110
1111101010111111
1100010111011110
1111110000111110
1101100011111111
1001011101110110
1111110111110111
0101111111011110
1111101110011110
1011111011111010
1101111100111001
1100010011111110
1111111001010111
1111010010101011
1110110111001101
0111101001011111
1111011011001110
1110011010111111
1111111101111010
1100011111010101
1011110010011111
1110010111001111
1111111010111100
1110111011001101
0111111011001111
1110111111101010
1011111111011101
1110011110011111
1011011010111011
1110011111011100
1101111011001010
1111110111011011
1111011010001101
1110111011110011
0111111010101110
1100111011001011
1010110100111111
1111110011111010
1011010111111000
1110011111111000
0111011110101011
1111101111011011
1111011101011111
1001011111111011
1111111110110001
1101101101111111
1010111100111011
1110100111111011
1011100100111111
1101011011110101
0111111111110111
0101100111011111
1111111101101111
0011111101111111
1110011001111110
1010111110011111
1110111110010010
1101111001110001
1001011011011110
1011101110111011
1111101111001100
1110101101011111
1110100011011111
1110011011011110
1111100100111011
0111010111111110
1111100101111101
1101011010111011
1111000001111011
1110111101110110
1011010111101111
1111111110001110
1101011111101111
1100101011011101
0111011011011010
1011011110110101
1011111110101111
1001111111010010
1111011110010101
1110011011010111
0110111011111100
1111000111111010
1000111011111111
1101111110110111
0111011010011011
1110111110010101
1101111000011111
0110100111011101
1010111011101111
1100110110001111
1000011110111101