1111101101101011
0111111111111011
1011111110010110
1011110111111011
1111111111111101
1111101101110010
1011101100110111
0110110010011111
1010101001111111
1011110110110110
0111101101111111
1111011001111011
1111100100110011
0111010100111111
1100011111101110
1101111110110011
1011011010011011
0110111111111110
1000111011011111
1111011100010111
0101111111010110
1110011010111111
0111111000111111
0011100111111111
0001111111101111
0111011101011111
0101101111111110
1111111001101011
0011110011011111
1011011111110111
0101111011011111
1111101000101111
0110101011111111
0011011010011110
0111111110100111
1011111110110011
1011011101101111
0100111110110111
1111010100011011
1111011011110011
1100111111100110
1111111111010011
1100110111111111
1111101010100011
1110011101011111
1011111011110111
1011110101110111
1111011110101111
0010111100101111
1101011111101011
1001101111101110
1110111010110111
1010100110111111
1111100011111110
0111011101101110
1111110010111010
1111011001010110
1010111111111110
1101101011110111
1110110001011110
1000101111110111
1111011011101011
1101101110110110
1111101011111010
1101111101111111
1111101001111110
1011110111010111
1100011011110110
1111001111111111
1011110000111111
1101111110101111
1110011110010111
0111010111111110
1011010111011111
1100101011101111
1101110011111111
1111011110010110
0111011111110111
1011011011101111
1100011111011111
1110111111111011
1110111101110111
1111111111001111
1011111101100110
1001100110111111
0111111011110110
0110011101101111
1011011100111111
0011111100110110
1001111110011111
0010111011111111
0000111111111111
0111111100010110
1001111011111110
1110111110010110
1011111001111011
0111110110111110
1111011111100111
1110111011010111
1111101111011111
1111110111101111
1111101000110011
1000011011111111
1010111011101111