1111100110111110
0110110111011111
1101000111011111
1010111001011110
1111011001011011
0111011101111101
1110110110011111
1001111011001011
1110111010011111
0101111011101011
1111110100011111
1101111110111111
1111000011111111
1001110111111101
1110001101101111
1011111101101100
1110011110011110
1100011011111111
1101100011111010
0101010111101101
1110100011111011
0101111111111001
1111111001101110
0111111001011111
1011011111111101
0001111111111011
1111100111101110
0111111101011011
1111101111111101
1000111001111110
1011111011111010
1110111101111000
1111010011111110
1111111100011110
1110111000111110
1010010011101011
0011111111001011
1111110100111101
0111111111111110
1111100011001111
1011011110001110
1111110110111100
1101110101111011
1100110111111011
1011111011111101
1001101011111111
1111111101001110
0111100111001111
0110110101111011
1111111111110111
1110010111111001
0010111111111111
1001110111101011
1010011010111011
0100100111101111
1111001101011011
1011011001011111
1111011010001110
1010001111101110
0101111001101111
1010011111011111
1111110101011110
0111111101101011
1111011101101100
1100101011111110
1001100111111010
1111001110101110
1010110111001110
1111001101111110
1100011101111101
1111110110001110
0111010011111111
1011111110011001
0101110111011011
1010111111111101
1110101011011111
1101011011101111
1111110011011101
1101110101011101
0111110011111011
0101101011111111
0111111110111111
1001010101111111
0101011101011111
0011111011111111
1110100111111010
0001001111101111
1110111111011011
0111101011111011
1110101010101110
0110011011111111
1101011101011101
1110111110011100
1111110100101011
1011011110101011
1111001010111111
1110110110101111
1011111110111000
1001111111101101
0011111111011001
1111111011111001
1111011110101001
1111011010101101
1110010101011101
1001011011111011
0111111011001101
1101111101011100
0101111001111011
1011010011011011
1110110101111110
1110101111011110
1011011001101111
1110110001101011
1011111100111111
0111110001111111
1111100111011011
1011111111001101
1011101010001111
1101111001011111
1110111101101010
0110011101101111
0001001111011111
1110010001101111
1110111110101101
1111110101001111
0110101111111011
1010111111111010
0100011111111111
1011110101111011
0011001101111111
1111111111001100
1011010010001111
1011111110001011
0110011111011101
1101111101111010
1111010101111011
1110011001001111
1111011100111111
1011110111011101
1101001101111111
0011110111111111
1111101111101011
1011110111101000