0111110111011111
1111100101110111
1111110010110011
0110101101011110
0010111100111111
1101111101101001
1110101111111101
1111101110111010
0111110111111110
1111111100100111
1011001111111111
1110110111110111
1111011100011111
1111110101110011
0010111111010111
1101101101110111
1101111100111000
1111111011110100
1110111101111000
0111110110111011
1111101000011111
1110111100111011
1111001110110111
1101100111101101
0101110111110111
0111001111101111
1111110100111101
1011111001011011
0001101111111111
0101111111111010
1100101111011011
0011111111111101
0100111111010111
1001011111111111
1010110101111101
1111011001101111
1100111111110011
1101110111010111
1111111010111100
0011100101111111
1111001101001111
0100111101111001
0011111001111011
1111101111100111
1110110110111111
1011011011111101
0011111110001011
0111000111111111
1110101111010110
1111010111100101
1010111011111111
1111011101010111
1111111001110101
1111110101011111
1111011010100111
0111111100111101
0111111100110011
1110111010111111
1110111111010011
1111110101101011
1001110100101111
1011011100110111
0111101110011101
1101111111011001
1011101110011111
1101111111100111
0111111101010110
1111001111011101
0101101111011011
0110101100111111
0101001111111111
0111111011101111
1011111011110101
1111111110010111
1111111001011110
1110111111101111
0110111111110110
1110011111111111
1111101101101100
0101111111110110
1111011111111011
0111111101111100
0001111101111111
1011110110111101
1011111111111110
1110111110011100
1101111100001110
1001111111101101
1011101110111011
1101111011111111
0111111101101111
0101100111111011
1111010101111111
1100110111011110
0011110110101111
1111101100110011
0111101101110111
1111111001011001
1101111110011011
1111111111100011
1111101000110110
1101011110111111
1010111101010101
1001111110011101
0111111000011111
1101011111110110
1111010111010111
1111001011111111
1111101001101011
1011111111111001
1111110011101011
1101011111011110
0101110111101111
1101001111101110
1000101111111011
1111101111110101
1101111111001011
1101100111011110
1001111100110111
1110111001111111
1111101011111101
0101111110111111
1111111011101110
0111111011110111
1011111011010111
1111111110101101
1111100111001100
1111100010110110
1001111111010011
1111001111011110
1100110111111100
1011101111111101
0111011111110100
1111101100011110
1011110101111011
0110100101111011
1100111111110101
1111110011011111
1010101111110011
1110111100111110
1001100111011111
1101010111111110
1011111011101111
0011011001011111
0110111110011110
1000101111010111
0101110101111001
0011101111111011