1111101011101110
1111110100111001
1011001110111011
1100011011011111
0101111101011101
0110011101110011
1001111111100101
1110111001110111
1111010011111010
1111000101111011
0101011101110111
1001101101111101
1010101011111111
1011111101100011
1101110011100110
1111101100111010
1111101000111111
1111110011001110
1111110100111010
1011110111100101
1011111110101011
1111111001101111
1101011011111010
1011101111011111
1101100001111011
1110110111001111
1011011010111111
1111001111001110
1101111101101111
1111111011110101
1110111111111100
1000111001111101
1111111001110010
1110111100011111
0111110101110011
0110110111111001
1100001110110111
1110111011001111
1011010110111111
1111101110111001
1101001001111110
1011010101001111
1111000011011111
1010011101111011
1101110111100001
0111111111111110
1111011001011111
1110001111111011
0110111011111011
1111110111001100
1101001110110010
1011100111110001
0101111011011101
1101111000111111
1110100010111111
1010110111111101
1101110111111010
1100111111111110
1011101010110111
1101111110010110
1111111000110011
1111001011011110
1001100111101101
1111100110111100
1001001011111011
1001100111100011
1000011111001111
1111110001110011
0011101001110011
0011011111100111
0110011011101111
1101100111001101
1111101110101111
1111101101111100
1111000111110111
1111111000011111
1110100101101101
1010101100111011
1111111010111110
0101100101111011
1111110101101011
1011100011111111
0101110101110111
1111100001110111
1111111101010111
1111100011111100
0011111011111101
1101100011110110
1101100101111101
0011111111111001
1011110100111111
0101010111111111
1100111111111011
1001010101011111
1101111110110100
0011111111011111
1101110011010110
1111010011001111
0111110001111011
1110111110111101
1111010111110011
1011110110111001
1100110111011101
0110101111110101
0111100011011111
0101100101011111
0111111110111111
1110100111111011
1010100110111111
1000010111111111
1111111111011011
0110000111111111
1110111111101110
1011111110011111
0111101111010111
1110011110110110
1011111111111110
1010010011111011
1111101101111001
0110111101101111
1101111111000111
0111101111101111
1011111000111001
1110100101100111
0111100101110101
1001110011011101
1011101111101001
1110101001111111
0101101001111101
1111011011110111
1011111110100111
1101111110101111
1101101011101111
1101111111011100
1111011111111101
0010101111111011
1111110101001101
1100110011101111
1011110011110111
1111011111100010
1110111111111010
1100100111011111
0111111111101101
1011101100111101
1111111100111000
1111010111110110
1111011100001110
1101111001011111
1010111101100111
1111111111100000
0100111101110111
1111101010111011
0101111111110011
1110111111100101
1111110110110100
1101110110111111
1110000100111111
0001111111111111
1101101100111111
1011001101101011
0111110001111101
1111101111110000
1111011011101110
0100100111111111
1110010101111011
1000111111110111
1011111111100001
0100101011111101
1110111000111011
1010001101110111
0101110101111001
1010111111010101
1111111011101101
0101111011111011