0111111111111011
0111101111011111
1111101011110101
0110011111111101
0011111111010101
1011101001111111
1110101111110011
1011011011110011
1110011011111011
0011111101110100
1001100111111101
0101010111110110
1110100111010111
0110100101111110
1101111011110100
1001111011110111
1110111011110110
1101101011011111
1111001001111111
1010011101111011
1011101111011101
0011110101110101
0111010111110101
1010011011111111
1101011111111000
1111001111111011
1111011001011111
1111100000111111
0111011110111110
1101111010110101
1011111011111101
1011111110111111
1111000110111110
1011110001111011
1101111011010101
1101101010111111
1111101100111110
1010110011111011
0111110011011100
0111011111010100
1110110101110111
1111011101010110
1111000011111101
1101010110110110
1100111111111111
1011110011010111
1110111101010110
1111111110011111
0111101011111101
0111010010111101
1010010111111001
1011101111010111
1010111111011111
0010101111111111
1110101111011011
1010111111110011
0101011110110101
1111111010110110
1110111101011011
1111111111101111
1111010111111100
1111100111111010
1011010101111010
0111111100111111
0111101111110101
1111010111011111
1110011111111110
0110110010110101
1101011111010111
1101101011110111
1001111011111011
1001110011111111
1011011011011111
0111100110111100
1011101101110011
1001110111111011
0011111011011110
1110111011111001
1101111101111111
1111101101011110
0010110101111111
1001010111111101
0101011011011101
1101011011110111
1111101000110111
0011101111111110
1111111111011001
0110001111111111
1101110111110000
1011110001110111
0001110111011100
0110111111011101
1111111001111101
1010111101111001
1010101111111110
1111111001110011
1111101111110100
0011011111110100
1111010100110101
1110101101110110
1111110111010011
1111101011110011
1101101111010111
0101101110111101
0010111011111111
1011011101111100
0110111011011111
0011110101011111
1001011111110110
1010110111110101
1011000011110110
1111111110111011
1001100111011111
0111100010111111
1111111011010110
1110101011111111
1001011011111110
1110100111111001
0101101111110110