0110111111111011
0100011110111111
0011111111010101
1111111100011001
0001011111111110
1011110111011111
1100011110110110
1010111111101100
0111101111111111
1101011011111111
0101110111011100
1010011110111011
0101011110111101
1000111111111110
1001101111111001
1001101001110101
1111110110011001
1011001011101110
1110101111111111
1101101110111001
1101100111101101
1111010111111011
1111001111001101
1111001111110101
1111110100111101
1001001110111011
0110011110101111
1101101110110111
0011111110010111
1101111011111011
1110111111110000
1011111001110001
1101101101101101
1101111111011011
1011011111110111
1110011011111110
1001111001100111
1101110110101011
0111011001111111
1110011101101101
1010111111101011
1101011111110010
1110110101111011
0001111111111101
1011111100111011
0011111110101111
1111111100001011
0011111010011011
1110110110110001
1010011100111111
0110110100111111
1101011110100101
1101110111111001
1101101111111110
1111100011011110
0111110111110111
1011101100111111
1101110110101101
1111101011111010
1100011101110111
1011101101010111
1111100001110011
1111011111111100
1011110111101101
0001111110111111
0111011111110111
0100011111111101
1111011111100001
0101011101111101
1111101111101001
0001111001111111
1110111110101101
0111111100010111
0111111001101111
1001011111011111
1011001111011011
1111110001101111
1101011101100011
0111011100101111
0101110110011101
1111111011100011
0111111101111011
0111110110101101
1101000111011111
1101110110111100
1111011110011101
0111011011001110
1011110001111101
1111100001011011
1111010001011111
1011011011001011
1010111010101110
1111110111001111
0110011101111111
1100110111110110
1101101101001111
1111111011110110
1101110001011111
1111111101111110
1111101110011101
1110111011110111
1111001110101011
1011111100010111
1101010101111111
1011111111011010
1110111010111010
1111111111010110
0101110101011111
1111010011101101
1111001111010111
1011000111111110
1111011010111111
1010110111111101
1111011111010001
1101111100110001
0011011101111111
1010111010111011
1100111101110011
1111111010111101
1111111111101010
1010010111111111
1110111111011111
0010111111111111
1011011011111101
0111111011001011
1111111110011000
1111110010101110
0111111111011010
1100111001111111
1111100101010111
1100010111110101
1001110111110101
1111100101101101
1111111001010011
1111011101001011
1101010110011110
1111001100011011
1100111111100111
1111110000011011
1001111110111110
0111111110100101
1000111100111101
1100111111111001
0100111111101100
0101010111011101
0111111111110110
1001111111010111
1111101110110101
1111100101011101
1111111111000111
1101000110111111
1111000111111101
1011101101001011
1101110100100111
1110111011111000
1011110110111111
1011100011111011
1111111011011101
1001010111111101
1110110011111111
1110110100110111
1001101110011111
1110110111101111
1011111111100101
1010111101111001
1001110101110111
1010111110110101
0101111011101100
1011101110111101
1111101110111110
0111111110110001
1111110101100011
0101111100111111
1111010111101110
1011111010110111
1011111110101100
1000011110111101