1110110011110100
1011110100101110
1111001011111011
1101001100101111
1110110110011111
1010110100101111
1111100110011101
1011011110101101
1101110101110101
1111101111111100
1011010010111101
0110101110101111
1011110111011111
0111111001110010
0111001110111011
0011111100110011
1010011110111010
1100111101101111
1000011111111101
1011111010011011
1100001111011011
1111100111101111
1110100010111101
0010110110111111
1111100111010111
1110111111110001
1101111110111110
1100111110111111
1001111001110011
1101111111110000
1101001110001111
0011101100111101
1101011011111001
1111110100111101
1001001110111011
1111101110101101
0101100111011101
0111111011010111
0111110010111101
1010101010011111
1101001101101101
1011001110101110
0010110011111101
1010001110101111
0011111001111111
1111011101111011
0110011001111111
0110111110111011
0101111011011111
0111001111110111
1001101111110011
1111101011010011
1011111100110110
1011111111101011
1011000101110101
1100101011111111
1001011111111010
0110001101101111
1011011100110111
0100111011111011
1101111111100111
0111101110111110
1111110111111011
1010110111110111
1101111100110101
1001001111011111
1101010100111111
1111111110010110
0110111100111111
1011111101110001
1001111101110101
1101010110011101
0101111111001110
0101111111110110
1011101011011011
1111011011011100
0100101111101101
1111011111011000
1101000101110111
0101011101111111
0111110111110111
1101001100111101
1001111001101111
0111111011001101
1101111011011101
1111011111001011
0111111010011111
0010001111101101
1110110101101110
1010001100111111
1111110010011111
1010111111111001
0101101111011110
1110001011111111
1001010011101111
1111011110100111
1101111011110110
0110011011111110
1110111110111000
1111011000101111
0111011111011111
1111110111101101
1010111110101110
1001011000111111
1111111011101110
1111111101011111
1111110010111110
1111011011010111
1000110011101111
0001111111111111
1001110001111111
0101011011111011
0111110000111111
1111111110010101
1011111101111100
1111110001101111
1000111111110111
1111100110111110
1101111111010110
1001111100101101
1111111110000111
0111011011110110
1101000101111110
1001101010111001
0111101100101111
1110101011001111
0110111101111001
1011001101111110
1011011010111110
1111110111001111
1001111101111010
0101111110011001
1000111101111011
0110111011100101
1110011010111100
1011111110001111
0011011011111011
1101101011011111
0111011010111011
0010111111111100
1011111111011010
0110010110111101
1001011111101110
1111001111010111
1001011101111110
1111111110110100
0111100110111111
0010011101111111
1111110011010111
1101010011110111
0111101110110111
1111110011100111
1101111101111100
1101111110010111
1101001111110010
0101011111101111
0111101011111111
1111001011110110
0111011100111101
1010111011111110
1011101101111001
0011110111101111
1010011111011111
0111100111111110
1010101100111011
1011101100111010
1110111111011101
1111111011011001
0111110011011111
1010111111011110
1111101101100101
0010111011110011
1011111111110010
1111111011000101
0101001111111110
0111111111010110
1111011101100101
1111111110001011
1111111010110111
1110011110101110
0101110011111111
1111100011111110
1110011010011011
1110010111011111
0111011110101000
0110111011001111
1001011011011111
1111000011110111
1010101101111101
1100011011101011
1111110111011110
1110111011111001
1111101001111111
0010111010101101
1111111111100011
1100011111110110
0111111111110100
1111111001111101
0110111111101110
1110111101110111
1010111110110101
1011011111010110
1001101110110111
0100100101111101
1111010011111100
0011110100111111
1011111111100110
0111101101110001
1100111111101110
1001000111110111
0111111110110001
1011101101101111
0111010110111110
1001101111010101
0110101111111010
0101111010101101
1011111001111010
0110011111110101
1110011111100111
1111111111001100
1100111011111100
1110010111110100
0100101111110111
1001111110011001