0111110111011110
0110111111111011
0111111011111110
1010011101111111
1101111111010111
1111011101110111
0101110110100111
1111010111100011
0100111111011101
1011010110100111
0101011110111111
0111011110111011
1101101101110101
0100011111110111
1010010011001111
1111111011110111
0001111101011011
1011111100110111
0011011101111011
1110101111111101
1110010111101110
1111110111001010
0110111011111101
0100110100011111
1101011100001111
1101011001111111
0110010110111111
1101111011101111
1111111111010001
1001011110111011
1111110100111010
1111111001101111
1011101111011111
0111110100101110
0110101111111111
1000111111111111
1011111101100111
0010110101101111
1111110101111101
1110010110110011
1111010110001011
1101111100111001
1111110100100111
1110111111001011
1011010011101011
1101110101011011
1001110110011011
1011100111111110
1001010110111110
1111011101001110
0011111111001011
1101001111111110
0101101111110011
0011111100111011
0110111111111110
0011101011111111
1111110110111101
1111001111111011
0001101111111111
1111011010111111
1110111100110101
1111110110100011
1110111100011110
1110110101010010
1111101111111001
0001011011111111
1110111100110110
1111111110011101
1110111101010101
0011111011111011
0111000111111110
1010011111110111
1111011111110100
1110100011111111
1111111011011011
0110011001111111
0111001111110110
1111100101010110
0011110010111111
0101110010111011
0101111110101011
1111010001111111
1001111100111111
1010111110110011
1100111100111110
0101111111101110
0011111111100111
1100110111101111
1110000111011111
1001111110100011
0111111110111001
1011111111011110
0101110101110111
0010110110011111
1101011111111101
1011011110110011
1101011111110011
0001110110011111
1111111101100011
0110111101010111
1100011110111011
0011111111111001
0101111111110101
1011100111110101
1101110101111110
1110011101011110
1101111111111010
1010111101110011
0111110110110011
0111010111100110
1101011111101011
1111111110010111
0001110111001111
1111010111111100
0111111111001110
1110111101101110
0101111111110110
1110110010111011
1101111110101101
1010100101110111
1010010011111010
1111100011011100
0111100011111111
1100101111111111
0111100111111011
0011111010101101
1110010101111110
0011011111111100
1010110111110011
1010110100111011
0111111011001101
1110101011111011
1110101001111111
1111010110101110
1100111111011001
1110111111101101
1111101111101111
0100110001011111
1111011111110010
0111011111101000
1111011101111101
0011011101101111
0111101111011011
1111110000011111
1001101101111011
1010101111111110
1111101101110100
1101100111011111
0111110100110111
1011111111001101
1111101110111111
1011110111101110
0101011111011011
1101011101111011
0011111110110011
1111011100011011
1111111111100101
1111110101001111
1011100101110011
1111110110101010
0011010111111111
1001110001111111
0111111100101101
0111011111110101
1011011011101001
0100010011011111
1101110111111101
1111010110110110
1100111111110101
1100111000011111
0011111111010011
1101111010111110
0111010101011111
1011111101111101
1001011101101110
0001110110110111
1101101101011011
1010111111010101
1011111110101100