1101010111100110
1110110110011111
1110110001101111
0011011001111110
1111111111111100
1011110011111111
1010110111011111
0111101111111111
0101110110011110
1111101011101101
1001011110111111
1111011111110001
1111011100011110
1101001011110010
1111111000111101
0011110101101111
1001010111010111
0110111111100011
1111110111010101
1101011011100111
1011011101011111
1110101111111111
1111101101010101
1111111101010011
1011111000100111
0111011110101110
0011111101110011
1110110101110101
1110010111100111
1001011011101010
1011101010011111
1111011011100110
1001101100110110
1111011001110101
1010011110111110
1111011101111011
1101010011011111
0111111111111101
1110010001111111
1100111111001110
0110111111100110
1101110011011110
1111101011010001
0110111001111111
1101111011010111
1001011001111110
0011111010111010
1011111100111010
0110111101101011
1101001100111111
1111001011101010
1011010111000111
1101111101011111
1111111011100101
0010111110110110
1111011010011111
1101111010101101
0110011100110111
1110111011011111
1001110111111011
0111110111110111
1111110111111010
1101011000111110
1111011110001101
1111110010001110
1110111110101111
1101111111100011
1011110110101011
1111011111011011
0110110011111111
1111110011011001
0111110001111110
1111001001111101
1111110001101001
1111111010001011
0111011111011111
1111011110111001
0111111111001011
0011111100110111
1101001110010111
0111111011110010
1111001001011111
1111100111111111
1111110011110111
1111110000101011
1011011000101111
1011101010111011
0001111111100110
1001101110101110
0101111101111111
0011111111001111
1110110111110001
1111001111101101
1110111101111110
0110110111111110
1010111011100110
1011011011110111
1101101110101011
0001111011111111
1010010111111110
1011011010111110
0110111111011111
1111010101101111
1110011111010111
1110011010111101
1101111001111011
1010111111011011
1111111111010110
1101111001100110
1010011111101011
1111111101001111
1110011010111110
0011111010101111
0010011101111111
1111011100110110
1101101010111111
1101111100100111
1001101111011011
0101111010111110
1111101101110011
1011101011110111
1111110101011111
0100110110111111
1110011100110101
1001111101110011
0101110011011111
1101110101111111
1011111111110010
1101111110110101
1101111001111101
1100111011111111
1111111110110011
0111111100111110
1110010011101011
0111011010110111
1011101111001111
1111010010111011
1010111101110111
1001001111100111
1100110111011111
1011101110111010
1011111111111101
0111110011011011
1111101101101111
0011010110111011
1011001100111111
1101110011001101
0111110111101011
0101011110111011
0011111001011111
1101111110000111
0111111111010011
0111111011101011
1111011011101001
1001111000111111
1111010100110101
1100110111100111
0110011101101111
0000111111111111
1101010110100111
1011101111110011
1110010110110110
0111110011001111
1111101000011011