1111011101110111
0110111001111110
1010101111111010
1111101101110001
1110111101111100
1101111010010111
1111110101010111
1111011100111101
1111111110011001
1110101010111111
1110110110111011
0011111011110101
1101011111111011
1001011010111111
0101001110111111
1101100111111011
0111110111011101
0110001111111101
0111011101111110
1010011101011111
1010101111111001
0110110011111110
1110111111110011
0111110110111011
0110011111010111
1001100111111110
0001110011111111
0101110111110111
0100111101111111
1010011111111110
1011001111111001
0011111110111010
1011111101010101
1111011001011111
0101011010111111
1110011010111111
0111011111111001
0110100111111010
1011110111111101
1111111111110110
0011011111111111
0111111000111111
1101111111111101
1111111010111101
1100111111011011
1111111111011110
1001011100111111
1110110111111101
0110101011111110
0111100001111111
1011101101111000
1010111011111111
0111111111011011
1011111110111101
1111011111011101
1101110011011111
1111000111110111
1111110111011011
0101011110011111
0111101011111101
1111010111111110
1011111001011111
0111101111110111
1110011111111000
0111111111110001
1111001010011111
1111001111111110
1111110001111110
1011011111110101
1011110111110111
0111110110111100
1011111001110101
1111111011111011
0111110111110101
0111101100111101
1110111110111101
0101101001111111
0100011111011111
1111111111101111
0111111101110111
1110011101111110
0010111101111011
1111010111011111
1110001101011111
0111010011111101
0011110111011111
1010111110011111
0100011011111111
1101001010111111
1111110110010111
1001011101011111
1101100111010111
0111110100111111
1111010101111111
1111010111110001
1011110110111110
1100110111111010
1000000111111111
1110111110111110
1101101101011111
1111101110110111
1101111110011011
1000011110110111
0110010011111111
1111011110111011
1011001100111111
1011001101011111
1001101101111011
0110101110111011
1001111000111110
1110101011111101
0111111100111011
1111011001111110
0101110101111111
0101111110111110
1110100101111110
1111110010111111
0111111010111110
0111111011011111
1011011110010111
1010101111111100
1010101101110101
1011101000111110
1001001011110111