1100101111101111
1111100110111111
0111111011010011
1111111110011011
1111101011110101
1111111001110110
1011101111111011
1101111100111111
0101101101101011
0111110010111011
1010110111111011
1111110111010111
0110101101111111
1111110101101001
1111111111010001
1101101011101101
1111111101100101
1110110101111100
1111101011100011
1111111001110001
1101111110110011
0111111110101111
1101101011111011
1111111001001011
1110101110111001
1111100111110010
1110101111101110
0011101011111111
1000110011111101
1111101101001101
1010110101111101
1000111110111011
1111111110110101
1110111111110111
1100111011111011
0110101010111111
1111111110110110
0110110101111010
1101111111110010
1100100111111011
1111111111011110
1011111111011101
0111111111111101
1011111101101101
0111111000111011
1110101110101111
0101110110111110
1111111111110100
1110111011111100
1011111111110111
0111101101001011
1111110111100101
0110110111101110
0111111001111110
0100111101111011
1101111111100111
1101110101111111
1111110001011101
1100111111111010
1010111101111100
0110111111101010
1110111011111010
1110101011111001
1000110111101111
1011110101101011
1101111111011111
1110110111111001
0111110101100010
0011100101001111
0111100111111011
1110111110111110
1110100011011111
1101110011101111
1111110001111010
1111111101101000
1110111111101101
0011101111111110
1111110010111001
1101101011101110
0010111010111111
1111100101011011
1011100011011111
0110110011111111
1011101110111101
1111111110111000
1111101011110010
1111101110111110
1110111001111111
1111111110001111
1001111101111011
1111110111101100
1101111011101011
1011101101101110
1111011111111111
1101110011111000
1111111010101001
0010111111101011
0001111111111111
1101101101111101
1110111111001111
1111111001111000
0111110001110011
1011110110011111
0111101100111111
0111101011101110
1011111011101111
1000111101101110
0111111110110111
1111101111101010
1101111110101011