1010101110101111
1111101011101111
1111110010110011
1101011001011111
0110010110011111
1111101111110001
1111101010010011
1010011110101101
1111011000110111
0111110101111111
1110101111111100
1101111111110111
1110100110011111
0110111001111100
1111111011101011
1101111011101110
1111010101011011
1101111101101111
0111111110101101
0110110011111101
0101111011101111
0111111110101110
1100101011111010
0111010010110111
1100111000111111
0010110011100111
1001110010111011
1101001101111011
0010011111101111
1010101111100110
0111101111111101
1111011011111001
1011100110001111
1011110101100111
1001001111111101
1011111011011010
1111010111100110
1001011111111110
1101100110101111
0111111001100111
1001110011111101
1001101110111001
0010001111111111
1011111111101001
1011110111011011
1111010111111000
0011110011111101
1100100111111011
1001110111101011
0111111111110011
0001111111101011
1110011011111111
1011011000111111
0111111101101011
1101110111101110
0011110111110101
0100111011111010
1111100111111001
0011111111111001
1111101101011010
1110001101111110
1111100110101110
1010011101101110
1011111011001110
1000111110111111
1111011110101110
1111010101111101
0101101001111111
1001101111101110
1110010110101101
0101010110111011
0010111101111111
0111010011111101
1111001111111000
1110111110101001
0011011111111100
1110101110110110
1100110011111110
1111011111001011
1111011111110011
1001011110111101
1110110101111111
1110011100100111
1110111011010011
0111001101111111
1011001111011111
1001110111111010
1111111101110110
1110101010010111
1111011110001111
0111000011111111
1111100001111111
1101010101011111
1101110110111110
0111111011011111
1010111111111011
1111111101000111
0101111111011011
1111001000111111
0110010110100111
1111110011011111
1010011101100101
1111111101110001
1100101101111110
1011110101010111
1111110001101111
1101101110001011
1011011111111011
0001111110111011
1011111101011010
0001011111011111
0001101101111011
1110101100100111
1011111011111001
0111011101111100
1001100100011111
0110100111111110
0011110111101101
1111111101001011
1111100101101111
1111110011101101
0111011100100111
1110011110011110
1110111001101111
1101001011011111
1111110111001110
0110101101111010
1111011111010110
0111111011100101
1011111110110101
1111111011110110
1011100101011110
1110111110110100
0100110111001111
0111101011110111
0101101100111011
0101111010111001
0111101111011010
1101001001111110
1011110111100011
0101011111101101
1110001110011111
0011101011111111
0110011100111111
0101010011111111
0110011101110111
0100111111101011
0011011101111111
1001111100111001
1111111111101010
1010100111111101
1011010111111111
1111110000111111
1111001110010111
1100011111111111
0111101011111110
1011111111110000
1111001100111010
1011011001011110
1111111011110001
1111010110111001
1111010011111011
1111011111101001
1111111010111110
0011001110111110
1111001011110101
1110101011110101
1110101100111001
1111111111011101
1101011100111111
1111011101111001
1110100011111101
1100111110101110
0010110111111110
1101110101111110
1111111010110101
1111101111000111
1001111110111110
0011011011110101
0111111111010111
1111111001111011
1111110100101111
1111000101010111
1110101011111001
1111111000001111
1111111001100101
0110010110110101
1010111111010111
1110110010111011
1110110111111001
1011110110111101
1111101001111101
1100110110101111
1101001010111111
1110001110111011
1111000111111101
0111111101101110
1100110111011110
0111001111011011
1111111111101100
0000101111111110
1000110111101101
1111001100011110
1011001100111111
1111101111110100
1011011111010111
1011100111010111
1111110101101101
0110100111011111
1110101011110011
0110011101101111
1011111110101110
0111110010101111
1100101111101101
1011101111011011
1011110101101110
0111011111101110
1111110100111011
1111101100101011
1011011101111100
0111100111101111
0111001111001111
0111110011111010
1000111011111111
0110111010111111
1011110111110100
1010001111100101
1010101101110111
0001110111101111
0100111001111111
0011111001110111