1110101011101111
1010111110010111
1011001110111011
1101010110101111
1111000100110111
1101100110010111
0111111011011100
0111011111111101
1110011000110111
0111111111100110
0011011111111011
1011100111010011
1101111111110110
1110101111111100
1101001101111000
0111111111111001
0110110111011101
0110011011101011
0011101110011101
1111111000111101
0101101101010011
1010011101011111
1001110101111111
1101111110110011
1101111110111101
1011111011000111
1111111111001011
1110111111110001
0111101011101010
1111001011100011
0111101111111100
1101111011100111
1001100111101111
0101111111111010
1111100010111111
0101111011011101
1100100101011111
1011011101010111
1001111110111011
1011110101110011
1101010111101101
1001101001111111
1011110011111011
1111101011010111
1101101000111111
0011110111110111
1011101011011111
1100001110111111
0111111111100101
1101111011010111
1110011011111101
1111000111101011
0101110101011011
1101011101110011
1111010111010011
0111101101010101
1101110000011111
0101010111111111
1111010000111111
0100110001111111
1101101011111100
1011110101010101
1011101010111101
1011010001111111
0010101111011111
0110111100111111
1111001001110111
0111011101011011
1111111010001111
1011011010110101
1110100101111011
1111111011100101
0110111111110010
1110111111011011
1011011111101001
1110111011011111
1011100110101011
0101100011111111
1011000101111011
1010011010101111
0101111001111011
0011111010111111
0111101110111011
1000101110011111
1001110110111111
1001111010111111
0111111111101100
1010101110111101
1111001001111101
0111101001111111
1110111110001110
1011100011110111
1011111011101101
0111111011110111
1111101111101001
0010110101011111
0110111110011100
1011011111001111
1000111111011101
1010001011111011
1110010111101111
1111111100111100
1100111110110111
1101011111010011
1101110111111100
0111011101111010
1100111111110101
1100101101111110
1111000101110011
1100010111111111
1110111110111010
0111011111010010
1110001101110101
1101111011011001
1110111111100111
1011011001111011
1111010010101111
0110111011111110
1111111110011011
1101110011111011
1100111100111111
1110111101110011
0111100111111101
0001111111011011
1111101101110010
1110101010111111
1011110111100101
1010001101111111
1111011101110100
1011111111011001
1110100100011111
1011101010100111
1110110111110111
1111110111110110
0011111100011111
1110110010101011
1111111100111010
1101101011011111
1101010011111110
1010100111111111
1011111100010111
1001001100111111
0101110111110111
1010110111101101
1011001011111101
0111101100010111
0011111111110011
1111001010111101
1111000111110101
1011111010111011
1011101101111101
1111111011001100
0110100101011111
1011110101011011
1101011010110111
1101001111110011
1111100101010111
1110010110111011
1110000011111111
0101011110011110
0100110111111101
1011010110100011
1111001011110100
1011111100011101
0111011110101011
1111110111000111
0111110111101111
0110101110111111
1100111111111011
1011101111110001
1111111010110110
0111011011011110
1111010010011101
1111111101101111
1011100101110111
1011111111111110
1111011101011101
0111100111111011
1111000001011011
1111111011010011
1111011011001111
1111101000110111
0000101111111111
1010001111111001
1110111011101100
1111101111011110
1111110101111110
0111001111111111
1011000111101101
1110001001111111
0110011111110111
1110011111101100
1101001111101101
1111011011101000
1111111110111000
1111101110111110
1110010101111001
1100111111101111
1111111110101101
1111110110110101
1111011101110001
1101101010101011
1101100111101010
1101011101010111
0110110111111100
0101111010101111
1101010001111111
1001111111110111
1101111001011100
1010110011111101
1011101000111111