0111110111011111
0101111101111111
0110011100111011
1111111110011010
0110011011110111
1111011110011100
1101110110111101
1100011110010111
0110111111011000
1110111011010110
0100011111110110
1101101111110101
1111011100110011
0111111011111101
1111111110100111
1101011111111011
1111011101110100
1101011101110101
0101100111101011
1111110111110111
1111111011110100
1101111110111110
1111101111111110
1100111111110000
1101101011111011
0100111110101111
1110110110011011
0110010111101011
1111101111010001
0101101110111111
0111011010111011
0111111111000111
0100011111010111
1100101111101011
1110111110110101
1111100110011001
0100111111101011
0101111111010110
0111101000111111
1100111101111100
1111101010011001
0110011111111010
1100001111111101
0111011111010100
1110011111110001
1101111111011011
1111111011011010
1100011011010111
1101011011010110
1111101011010011
1101000111001111
1100111110111011
1110101101111111
1111010111111110
1111110011111011
1101011010110101
0111101111110111
0111101110011101
0101111111110100
1111111111101101
1111101100110111
0111111010110010
1100110111111110
1101111001111101
0111011111011011
1110111010110111
0110111111110010
1111110011111101
1101101100101111
1011111111111111
1111001110111011
1111110110101111
0111011001111011
1101110111111001
0111111101101111
1101111111000110
1101111010011111
1111110111111010
1111001100101111
1110111111100011
0111111101111110
1101111111011101
0111111110010001
1111001011111111
1111110101111111
0111001101111111
1111011111011010
0111111111101110
1111001110001111
1110111101110110
0101011111111100
1100001111101111
1110111001111111
1110001111101011
1101011101101111
1110111111010101
1111001101110111
1110100111111111
1111010110011101
1111111011101111
1111111101011111
0110010111111101
0101111111110011
0111111011011111
1111111100111100
1110111110010110
1111111111000011
1110111111001111
1111111101110001
1101111101111011
0100001111011111
0111101101111101
1100011011111100
0110111111110100