0111011000111110
1111110111101010
1011110110110101
1111001110110010
0110010110011111
0111111011011101
1111111010011111
1110111111111101
1111111111111100
0111100101110011
0111110101111110
0111110011110011
1010111001111110
1111011101101001
1111010101110101
1110010111111011
0101111000111101
1011111110101001
1101001011111010
1101110111111010
1110010100111111
1110011000111111
1110111100110110
1001110111011111
0111011101011111
1011001111111011
1101111111011011
1010011110111110
1011011111110111
1101100011010111
1100111111111111
1111010001111110
1101001110110011
1001110100101111
1011100110111101
0001101111111011
1001110111101101
0001111010111110
1111001111010011
0111111100011111
1011101100011111
0011111111111010
1111011001110001
1011010101111011
1110111101101111
1111110010111011
1101110110111011
0111111011011011
1101101001111101
1001111111101110
1101001100111101
0111110111110110
1011111101110111
1111100001111101
1111101111101111
0101111001111011
1001011110111101
1101100101111001
1011011010111101
1110110101111110
0101110011101011
1111111100000011
0111101110111011
1101000011111110
1001101010111101
1011101010111001
1101011101101111
1110101110111111
1111110111100011
1011111011101101
1011011110111011
1011010110011111
0101111111110011
1111001001011111
1011011111111001
1010101111011011
0011110101101011
1111110100010111
1001111010111001
1011111101111101
1111111011100011
1101001110010101
0011111111001111
0110011011110111
1101110110111101
1110001001111011
1011101101111011
1111001010110111
1011110111111001
1101110111110101
0010110111101110
1111101011110110
1101010101111001
1111110111001111
1010111011111011
1110111011110110
1111110000111101
1011011111101011
0111111110001011
0110011101110111
1010111111110111
1101001101011101
1111111101111010
0111111011100111
1101011110100011
1011100111110011
1111111010110011
1011111010111010
1110011110101011
1010010111111111
1110011110011011
1111111111011110
1011111100101110
1101011001111011
1011011011001111
0111101110011111
0011101011111001
1101101100110101
0010110010111111
0011110010111101
0110110011101011
1111011101001011
0001110111111111
1011010011011111
0010101111111110
1110100011110011
1111111000101111
1011011101101110
1111110001010011
1011111011110111
0111111011101101
0111111111010111
1101111111000101
0111011011011111
0011110100111011
1101110011111101
1101001011010101
1001101111110110
1111000110111111
0111011111111011
1110110110101110
0101111010101011
1101111101111110
1011111001101110
1110110011111110
1011110000111111
1111111111011001
0111111111110101
1101111101101101
1110011110111010
0111001111111111
1011101110110010
0001011001111111
1101000101111011
1001111101111011
1110001111110111
1101011011110001
1001010111111011
0111011111101111
0111010110111110
0101110110101111
0111111110011101
1110011011010111
1110001111011111
0011010111111111
1110100011010111
0110101001111011
0111111100101101
1111010111101111
0101100001111111
1111011011101101
1011011101011011
1111110100101101
0111100010111110
1011100101111110
1101000111110110
1110101011111110
1111111111100110
0111111110110111