1111001101101101
1110111111111111
1111101111110011
1101111111001110
1011111111101100
1111001010101001
1111011110110011
1111110011001110
1001001110111101
0111010101111101
1111110110000111
1111110101111100
1111111111001001
1111111101010010
0001101111111111
1101001011111011
1111100010111110
1111111100110100
0011001111111101
1101111011111010
1101101101111011
1111101111111000
1011001110101110
0111110110110111
0111101100110111
0111111010110100
1101101101010111
1011010101111110
1111101111100111
0101101111111010
1111011111110101
1011101011011110
1011011111110110
1001111101011001
1011110111001101
1101101011111110
1011110111001110
1111110111111011
0101101111011011
1101110111111111
1111011111011111
1101111011111101
1111101011011101
1011101010111101
0101101110110111
1111111010001111
1011111100011111
1111110011111100
0111111011011011
1011001101101111
1111011110101000
0101011101111110
1111111110010001
1101111111100010
1101011111110111
0011011110111101
0011011110111110
0111101011110101
0011111011110001
0101111010010111
1101111010100111
1011011111111001
1111111010101000
1111101100110101
1011100110101111
1111011010110110
1101101111001111
0111111111101111
1011110101010111
1111000011101111
0101011100111111
1101101101110101
1001111011001011
1011101110110111
1111011100111100
1101001111111001
1011011011110011
0111010111110111
1011111010101110
0111111010111011
1111111011001101
1111111100111001
1111101101110110
0011101011111110
1111110110111101
1111111110011110
1011111010010111
0011101111011001
1011101101111110
1011101101111101
0101111100010111
0111001011111100
0011111011010110
1111110010101110
1111000011111110
1111000111110111
1011101011110110
0011001110111111
1111101101011011
0111101100011101
1111110111000110
1011111110111011
0101001111111111
0011011010111111
1011010100110111
1111111101101110
0111110101010110
0011111101111111
1001111111010111
1111101100101111
0101111111010100
1011011011101101
1111000111111100
1111110100001111
1111111111011000
1011011100111101
1101111101100011
1111011100100111
1101111110110000
0111110011111111
1011111111100111
1111001101110111
1101111110011001
1001111110011111
1111101101101001
1001001111101111
1011111111111010
1111111001111111
1111101110111100
0101111100111101