0111110111011111
0110111111111011
0111000101110111
1111110011110100
0110100011110111
0111011111111100
1111011110110011
1011100011111100
1100110100111110
1111011011111011
1111011100011111
0111111110010111
1111110101111101
1111110111010101
1011011101011111
0111100101111110
0110101111111100
1100110011110101
1111111100110101
1011110101110011
1101101101111011
0111110110110110
1101111011111001
1101101111110001
1111001110110101
1001111111111010
1100100111111111
0111111101011111
0110111100111110
0111111001111111
0111101011011011
1101100100111110
1111100111111001
1111101100110111
0011111111111001
1101111011111110
1101111011110011
1111010101110011
0111011111011011
1111111101011011
0011110111110011
1101001101110111
1111010111011111
1111110010111010
1011111111010111
0110101111010110
1111001110111010
1101111100110111
1101011110111110
1111011011110111
0011110111111010
1110110111110100
1101100111110110
1011011011011101
0110110100110111
1100101111010111
0111101010011111
0001111111111110
1011111101111110
0101001011111101
1011110011011011
1111100011010110
0111011110110111
1110111111111001
0011011111110111
1111101100011101
1001111011111101
0111111010111101
1110111111010010
0111011010111111
0110101011111101
1111000110110111
1111111000011110
1111000011111111
1101111101110110
1001101101111101
1111111111010001
1110110001110111
1001011101110111
1111110010010011
1010111011111011
0101111111011111
1111011111010110
0111110110111011
1111001100111101
0011111111110010
1101010101111111
1010111111011011
1111110110111101
0001101101111111
1011011101111011
0011000111111011
1010111111110111
1110110011010111
0101001111111010
1111111101111010
1111001010111101
1101011101011110
1011111110111111
1001110111110110
0011101111011010
1100111001111011
1111101001010110
1010110111111111
0111101101111011
0010111111111110
0100111010111111
1111101101110011
0101010111111101
1001110111110101
0100110111111100
1110101101111111
1110111111011101
1001010111110111
1101100110111010
1111111010110101
1111100101011110
1111111110111100
1111110111011001
1101101111011101
1111111111101111
1110011111111111
1101100011110101
1111101001111101
1001110011111111
0110100110111110
0011110101111111
1110110111111011
1111100100111011
0111111111110101
0111111111011100
1111101010010111
1111000111111110
1011110001011111
1110111101011111
0101111100111111
1111011110010101
1011011101111101
1100101111111010
1110101011111110