1110101111101011
0101111111111110
0010111110111111
0111011001001111
0111001011101111
0011011001111110
1110111111111110
1111111111111101
1101101110111110
1111100101101111
1010110011111111
0011101111001110
0111101101010011
0111111010111011
1000111111111111
1111101101110110
1111011111101110
1111101110011111
0110100101111111
1011111110001111
1101101011111010
1111111011110110
0110011111010111
1111100111001011
1011110101100111
0011110011111110
0111111110001011
1011111111110110
0111101010111111
1111111010011011
1011101101111111
0010011111111111
1111111110010011
1111011100110110
1111101100111110
1011010101111110
0110110111010111
0111100011101110
1111101111100111
1111101000111011
1101011111111111
1111011101111011
1111110110111111
0111111011001011
0111111110111010
0011101110111110
1111100111101010
1111011010001111
0111011011111011
1011011011100111
0111111110100111
0011111011101111
1101111001111111
1111011101010111
0111111011100011
0111001111011111
0111101101001011
1100101110110011
1110110001111111
1011100111101110
1101111111100111
1111101011011111
1010011111101111
1001111110111111
1011111110111011
0011111110101111
1110111101011011
1111111101101110
1011101011101111
1010111111010011
0111111111110110
1101111111011111
0111010001011110
1110101010101111
1111111111000111
1010111101101011
1110110111111011
1111110001111010
1011011011111010
1011111110100111
0101111110110011
1011111101011111
0110111001010111
1111111110101110
1010010111011111
1101110011111111
1011010111011110
1111111010101011
0100110111101111
0111110111101011
0100101101101111
1111011111011010
1111001111101011
1010100111010111
1111000111111111
1111101001110011
0011110111001111
0111111100111011
1111001111110111
0110011111101111
1111100001111111
1111110001001011
0110110011100111
1100101110101111
1110011011010111
1011101111110011
1011110101111011
0001110111101111
1110011011101111
1011010001110111
1101111101111011
1110011100111111
1011111011101110
0011101111111010
0101111011111011