0100111111111110
1011001101111101
0010111110111111
0110011001110111
1001011011111111
0001111101111101
0101011100111111
1010110111110111
1010111111110011
0011011110110111
1101000110111101
1011101111111011
1100111011111101
1011111011111000
1010000001111111
0110110111111110
1111101011111001
0101111000111111
0001011101111111
0011110011110111
1110111001111010
1111111010110111
1110011110111101
0111101101111111
1111111111101111
0101111001111001
1101010111110111
1101011100110111
0101111111110111
1111011111111011
1101100101110101
1110011111111110
0010111001111111
0010111011111011
1011011101110111
0111001011110111
1000111111111111
1101111000111100
1110111001110001
1011101101111100
1111010000111101
1011111010111100
1111010110111100
0001011110111111
1010101111110111
1100111111110001
1010101011111100
0100101111111101
1110101011111011
1010100111111110
1111011001111100
0011101111111111
1111100001111101
0110010101111111
1101110000111101
1100110111111011
1010111111111001
1001100101111111
1011110111111101
1101111011110111
1111111111110110
1100111110111100
1100010111111101
0011110100111110
1111101110111110
1110111110110111
0101011111111101
1111001011111101
1001001110110111
1111100011111011
1011011110110101
0011111001111011
1111111111011111
1110110110111111
1010011011110111
1100100111110101
0111111111110011
1101011111111110
1001001101111111
1011011000111110
0110001111110111
1111110101111001
0111011001111110
1111101101110011
0110101110111101
1111001000111111
0110011111110101
1111111110111011
1010101110111111
1111011100110101
1101001011111111
1100001101111111
0111110111111101
0011111100110101
1011001111111100
0101111001111110