1111101101101010
1111011111110111
1001011111101011
1111111110000111
1111111001001111
1100111100111111
1000101111111111
1011111001111001
1111111101110010
1011101011111110
1110011101001101
1011111011011101
1111111110100110
1101011111111010
1100111101101111
1110101111111110
1101011111101101
1001111111111101
0111111111111111
1011001101111001
1000011101111111
1111111110011110
1111110111111111
1001011111111110
1101111011001111
1110111111110111
1111101111111000
1111011100101011
1011111101110101
1111111110010011
1011111111110100
1001101111101011
1111101111100111
1011111101010110
1101111111011011
1011111101101101
1010111011111111
1101111110111001
1011011111011111
1111111011111100
1111011111101001
1111111110110000
1011111101101110
1001111101110011
1100011101111101
1101101101101110
1101101011101011
1011111110011001
1101111101100110
1101011010111110
1010011101101111
1111111001111010
1101111101111000
1110111101101110
1111111110101001
1001001111111111
1111101011111010
1111111001011001
1101111100101010
1110101101101111
1101111111011100
1101111111101100
1011111101111000
1011111111100101
1111111110001101
1111011111011010
1110111111111011
1101111001110110
1011111100111111
1100011111101111
1110111001111111
1111101110111111
1111011001111111
1111101101101001
1011011101111100
1011111010101010
1001111011111111
1111111100111101
1101101101111100
1110011011101111
1111101111011111