1111110100111001
1111100111110110
1111111111101101
1011011100011011
1111011010111010
1111010011111010
1111000001111111
1111101111110001
1011110010010111
1011101110111001
1111011111101111
1111010101111101
1110111001111011
1011101100110111
1111001001110111
1011110110110110
1111101100111011
1111101101011001
1011110101011111
1011001111111111
1111101010111111
1110111101101110
1111010111011111
1110110101110011
1011111010011011
1110111110100110
1111111000100110
1011110100110111
1110111011011110
1011100111111101
1111110110101111
1011011011011111
1111011111010111
1011111100110011
1111000011110111
1111100011101011
1111000011111011
1010111001111111
1010101111110111
1111110101011011
1010111110110110
1011111111101111
1011111100010111
1011011011111010
1010011111111110
1111011111110011
0111111111111111
1110001110011110
1011111101011110
1111011100111010
1011110110110001
1011111111111000
1110011010111111
1111111011111101
1111110101011100
1111111111001111
1111000110111110
1010101110111101
1010110111111111
1111111010110010
1111001100110101
1111111110011101
1111001101110110
1011010111111110
1110110111111101
1110111011011011
1110111100111101
1111011010110110
1011110011011011
1111101101111100
1110111111111000
1111010110111001
1111100111011101
1111101110010111
1111111111110100
1111101111111010
1101111111111111
1111101110111100
1011111101111100
1110111110111011
1110101111010101
1111110101101011
1011100011111111
1011110010111110
1110011111110111
1111111111010011