1110011110111110
1100011111011011
1110110110011111
1111111010011110
1111101111110011
1011110011111110
0101011111110111
1111101110111011
1010101001111111
1111011110111101
1110001001011111
1110110100111011
1110011100011111
1110011011111011
1001011111110010
1111001111011011
1110100111101110
0001110111011111
1111101011010110
1111101111111101
1110111111110011
1111000111101110
1101101111011011
1001111111111101
1111111110100101
1010001111110111
0111011111001110
1111111010011011
1111010001111101
1111001111001111
1010101111101111
0011111001111111
1101111111011010
1100111110101100
1011101011011110
0111111101011111
1100010111101111
1110101110101110
1101111110001111
1101111011010110
1010111111101010
0110111111111111
1011010001011111
1100110101111111
0001101111010111
0111110110001011
0011001111110110
1111111011111010
1101101011010111
1101111101011111
1011110111101011
1011000101011110
0011101111100110
1100111111000111
1101101111111110
1111011000111111
1110101110110110
0101111010110111
1111011011110111
0101000110111111
1111011111111100
0001111111001111
0111001101111111
1111011110100111
1110000111111111
1101111111001011
1010111111100111
1111111011101111
1101101111100111
1101011110011110
1111111100110011
0111101010110111
1101110111111101
1001011111011111
1110111111001110
0111111010111101
1111100110111110
0001101011111111
0111111101111010
1100011110010111
0101101010111111
0111001110011111
1110101011110111
1100111111101010
0111110111111110
1100011001111111
1111111001010101
0011001111011111
1110100011111011
1111110000111110
1001111101111010
1111100100011111
0111101110110110
1111110111110111
1010111101111011
1110010011111111
0101110111001111
1111111001010110
1101010101111111
1111110000111101
1100101111101011
0001111011110011
1111110111001101
1101011101110111
0111011101110111
1011111110111111
1010110111111110
1011111111110101
1101111101111101
1001011111100011
1110101100111111
1111011100110111
0111111101110011
1100011111111110
0011111111001100
1111100101111011
0101111010111110
1111101000010111
1111011111101010
1101111001111110
1011010111001111
1110111111011101
1111111110101010
1111101111011010
0111000111011111
1110001111011110
1001010111111111
1111111101101111
0111011011111111
0111111000111110
0101011111111011
1111111010010101
0101100111111011
1110011001111101
1111111011011100
0111101101110110
1111101110001111
1101110011111111
0011011111101111
1011011111010111
1111111111111001
1111001101110111
0111100111101011
0101111101110110
1001001111101111
1101111110110110
0111001111111010
1000111111101011
0101001111011111
1111010110101011
0011101101111110