0110111111111010
1011001101111100
0101111111111110
1110110010110011
1110010111101101
1101101110111101
0100100110111111
1001011110011111
1011101111111010
1110010011111011
1111011111010100
0111111101100111
0111000111101110
1011101011111111
1001101111111101
1110101111110011
1011110011111111
1110001111101110
1011110111011111
1101011001111111
0101111110111011
1101100110110011
0111001110111111
1000011010111111
1111101011100011
1110011111010110
1111110111110110
1111110011101001
0111001111111101
1110100111101110
1001011111111101
0011010111111011
1011111001111101
0110110111000101
0111110001110111
1111010110111101
1111111011001111
1010010111111101
1011101101101101
1101101111011010
1011001110011101
1111101011101010
1110111110011111
1000111110111011
0111011101110110
1010101101111111
1100000111111011
0111010101101101
1111110001100111
1111011001110100
1011000111111101
0110011111100101
1111011111000111
0100111011111101
1010111111011101
1010010111111011
0110111110111011
0111101011111111
1111110011100011
0010100111111011
1101101001110111
1101101011111101
0111101111101011
1000101110111111
1111111101111011
1111110111011011
1110101111010100
1011111111110111
0000110111111111
1111000111101011
1111111111010011
0111111111110000
0110101111110110
0110101111010101
0111111110011111
1101110101111111
1111100111011111
1111101110010101
1111010111110011
0110111110100111
1100100111111110
1101011011110100
0111101111110100
0011111011111111
1111011111111010
0110000111111110
1110111101101110
1110100111111010
0011101111111101
1111111111100001
1110111111011011
0011101110111011
1010111111111110
1101010010110111
0110111101101111
1100111101111111
1110011011101011
1111111110111110
0111011011011101
1110010101111111
1110111011111000
0101110011110011
1111010010011111
1111111111100010
1111111111101100
0111011110101111
0101111110111101
1110111111100011
1101111111011101
1111011110111011
1011111111111001
1111110101111110
1111111100111111
1010010110111111
1011011011101111
0111111111011100
1111111110111001
1111111110001111
1010100110111011
1111001111110111
1101111011011111
1001010111111011
1111100011111011
1011110111101111
1111111101011111
1111111110101101
1110001111011111
1010111010101011
0101111101110111
1101111111101111
0111011011110001
0111111010111111
1101111010111101
1111011001100111
0111110011111010
1101110111111101
1111111111001110
1001110111111110
0101011111111111
1001101101111111
0100101111110111
1110101110111101