1111101011101110
0111111100010101
0110110111011110
0111110101011110
1101111011101101
0111101011111100
0111011011001110
1111010111101101
0101011110111111
1100111100111111
0101111111011100
1111111101110011
1101011110101011
0111110010111011
0110111111011010
0110011110100111
0111111101000101
1111110111001010
0111110100011011
1101011011111111
1101001111111001
1110011011111011
1110111011101010
1111110111110110
0111011100111001
1111111010011001
0101110010111111
1110111101111000
1110010011111111
0111010011101111
1101110101011011
1110011001101111
1110111011001111
1110111010111011
0111011010111011
1110111101011100
1111111011101000
0111011111010111
1100111111010111
1101110111100001
0101110111011111
1111110110000001
1111010010101011
0101011111101100
0100111110011111
1111011001011111
1110011011011111
1100110111111011
1100111001111001
1111101101111111
1111001010111101
1111111010011010
0100110101110101
1111010011001011
1110111111000110
1101111110001011
0101110011111011
1111111010111100
1100111010110111
1111011110110110
1111110110111110
0101111101001111
0111111011111001
1111110000111111
1101111111011010
0100011111101111
1111110011111001
0110111110111011
1101100111111111
1110101110101111
0110101110111101
1111111011110010
1101110110010011
0111110101111000
1110101111111011
1110110111100101
0101111010111101
1110111110000111
1110111101010111
0110110011101011
1101010111110101
0100111101111011
0101111011111010
1111001111111110
0111100111101101
0110110101101110
1111101110101000
1111010111011101
1101011111010001
0111111100100100
1111110001011101
1101110111111110
1111110010101101
0111111111010110
1110111111001100
1111011100101110
1111010111110011
1101111111111000
0110111100111111
1111111000001110
0111011101011010
0110111101001111
1100111111011110
1110110110001101
1111110100110101
1110011111111110
1101011101111111
1110110111111001
1011111111111111
1101011110011011
1110001011111101
1101111100001110
0111110101101101
1101111100110110
1101011110100101
1111000110111111
1111011101011101
0111110111001110
1110111011111000
1101010110111101
0111111011001100
0111111001111011
1110110101001101
1100011111110111
1101011111000100
1111011000101101
0111101110111011
1110111011010011
1111110010011111
1111010101100111
0110111111101101
1111010011111101
0110100011111111
1110111110111000
0111111011011010
1110010111101011
1101110011100011
1110101011111100
1101010110010111
0111100111101011
0111111011110111
1101111011011111
1111100011111010
0101111100111111
1101111001101010
0101110110101111
0100111101011111
1111010111101110
1110110110010011
1111101111110111
1111100110101101
0101110111101101
1110010110110111
0111111110101011
0101111101101010
1110111100111110
1111111110010100
1101110110100111
1111101111011111
1111111101011000
1111111001100111