1011111011011110
0011001111100111
1101111110100101
0111011000111110
1111001011111011
0111001011101111
0110011111111100
1111110110011110
1011011011101011
0011011001111111
1110001101101110
0110111001111100
1101111100011101
1011111110101011
1111101011101100
0011111101001101
0011111010111101
1111001111001110
1111111000111101
0111101001111110
1111111111001010
0101111110101110
1111101100011001
1101110011011011
0111111111100001
1111101110111000
1001111111110011
0110001110111101
1001001110111011
0101111111111010
1110011011111001
1111011001011110
1111100011011111
1101100110101111
1011111001111100
0110110010111110
1101101100011111
1111011110110110
1101101000111111
1001110111101011
1111011111110101
0010011100111111
1011101101001111
1100111111111111
1101111111001100
0111111100111101
1111010111111111
1111111010001101
0101011100101111
1110111101101101
1101001110011111
1111101100110111
1101100111110011
1111101011011110
1101111011111101
1101011011101111
0110011011111011
0111111101110111
1111111101011010
1111111011100000
0101111110110001
1110111111011011
1111101110101011
1110111011011110
1011011011011111
0011111011011101
0111101111101101
1101111100110111
1101101111111101
0111101101101011
1011101100111111
1110101111001100
0101111110111100
1111011111110011
1001110111100111
0110111111011100
1111111100001100
1111001111011000
1011001111011111
0111011101111001
1101011111011110
0011110111100111
1111100111011011
0111101111100011
0011111011100101
1101101110111010
0101101110110011
0001111111100101
1001111100011111
0111001100111111
0111111001101111
1101101010011111
0011101110101111
1111011111100110
0101111101101011
1001011101101111
1111101111101010
0101111001111111
1111001110011011
0011101110110011
0111101111011111
1101111111101001
0111011011110111
0101101010111111
1011101011111111
1101111101001111
0111100111110011
1110111011110000
1111111010111001
1011101110001111
1111001110011100
1111111101100100
0110111001011111
1011011010111111
0101111101111101
1111110111001111
1111110111110110
0011001110110111
1111011010001011
1101001101011111
1011111011111010
1110011001101110
1110111100111011
0011100111101111
1010100111111111
0101101011110111
1111111111010111
1111011101001111
1110011101110111
0101011010111111
1110111110011111
1111111110110100
1001111100111010
1111001010111101
1101011110101101
1011111110001101
1111110011100111
1110111111101011
1001011100111111
1011111100011110
1111111110011000
1110101101111101
1111110111111101
1011111110111100
1110110010101111
0111100110111010
1011110110111011
1011111011100100
1110001000101111
1010011111001101
1010111100100111
0111011110101010
0111111110011111
1001110010101111
0101001111111110
0110111010111100
0101001101111111
0111111011101110
1111111001111011
0111111101101001
1111111010110111
1111111000001110
1110100111111011
1111111001100101
1110011011011101
1101011010011111
1101101100101110
0111111100111010
0111101011111011
1111101110110101
0010111101011101
1110111101110100
1111011101011101
0111111010101011
1011111001101111
1001011011111011
0111110011011011
0110001101111111
1011111111111001
1111110101111111
0111011011111100
0110100111110111
1011101111111110
0110111111101110
1111101111110110
1110101011111101
1110001111110111
1111101110001101
1111111101101010
1111100011111011
0010111011111111
0011111110110010
0011111101111011
1111101001110111
0111001110101111
1101011111101010
1101110010101110
1110001110111110
1111011011101101
0011111111011100
0001011110111011
1101111000011110
0111111100101110
0111101101111100
0010011111011110