1111100101110110
1011101110101111
1110110010111101
1101101111110101
0111110010111011
0111111111100111
1001101111111101
1110011011100011
1110010111101110
1111111110100111
1011011111111100
1111110101110010
0111011111110001
0101111110101101
1101111111110001
1101001110110111
1111001101111011
0111101111111101
1110100101001111
1111101111100101
0101111111111011
1110100011001111
1100110111111011
1100111111111110
1101111011111011
0011101111101011
1111010101110111
1110010111111000
1110001011101111
1111011101111010
1101101101100011
1011101011011111
0001111110011111
1110010001111111
1101111110111011
1110101111111010
0110111111111111
0001111111111101
0011111110101111
1101010101001111
1010111010111111
1110101110110001
1111110111100111
1101001111110110
0111010011111100
1111010011101111
1111001110111011
1110100101011101
1111010111110000
1111011011010101
0101011011001111
1111110001101010
1111111100111111
0111111010001111
1111001110001111
0111110110111001
1110110101101100
1101111111101110
1110111110001111
1110101110111110
1010011110110101
1110100101111110
0101000111111110
1001001101111111
1110110101111001
1111110011110111
1101011111011101
1010101111111101
1111010101111011
1011111101111101
1111101011111110
1111100001001111
0111011111011101
1111100110111111
0111011011001110
1111001111101110
1011111101100010
1101111110011101
0111111011110011
1111111101100100
1111011101110101
0011111111110000
0101011011110101
1101011110101111
1011101011111101
1010111110110110
1110011001101110
1101001001111111
1111110111001101
1011011111101010
1111011010111111
0101111110011110
1110111111000101
1101001111111100
0011111111001101
1110011110011111
1110111111011110
1111011110011110
1111100101101110
1111111011000111
1011110111111111
1110010110111011
1110110010101110
0111001111011111
1101011111100111
0011001110111110
1110101111010101
0101111010111101
1111111111101001
0111110011011111
1011111111011110
1101010111110100
1011011011111110
1110110110111001
1111110110110111
1110011011111100
1110011011110010
1111111010110101
0111110111101110
1001111110111110
1100111011111111
1111111110111100
1110010101111101
1111111111011011
1011001011111111
0111110011101101
1011111011110000
1011101111110111
1111011101011101
1101111101111110
1010111011101011
0111111110110011
1111111011011100
0001011011011111
0111111101111111
1110111011101101
1010001111001111
1101110011111111
1010011011011101
1111111001111101
1110111101110111
0101011111111100
1110010111110111
0111100111101011
1011111110101110
1010111101111111
1100100111011101
1111111110111010
0111010110001111