1100111011101101
1001111101011111
0110111011111111
1111110011110101
0101111111010011
1000101111111110
1110100001101101
1001110111111101
1111101101010111
1111111001010101
0111111011111101
1101101111101001
1010100001111101
0001111011111111
1101111101101111
1001111011110111
0101111111101011
1011111111101111
0010100101011111
0110111111111110
1011100111011010
1101110111111011
1001101001111111
0110100111111001
1010101111110101
1100111101111101
0011110111110110
0101101111111110
1001101111011111
1010111111011101
1111100101101110
0101111011011110
1110101011011101
1011100001011111
1110111111110110
0111101111101011
1011101011110111
1110100111011110
1111111101111011
1001111111111001
1111111111011100
0000111111110011
0001111101111100
1100100111111101
0011111111111001
1101111111100111
1101110101111110
0111111101010110
0011101111011101
1111111011111010
0111110111110101
1111100111100100
1110110101100111
1101101111010011
1100111111011111
0101111111110110
1100100101111111
1011111111010111
1110111111011010
0111101111010111
1011100101110111
1010110111110001
0111101111101110
1111100111011001
1111111110111111
0011111101011101
0110101111101111
0101100101111111
1111101001111110
1111111011100111
1111100011111001
1101101011101111
1100110001111111
1101110011111110
0111101111011011
1001101111111011
1111101101110100
1101111001110111
1111111111001111
0111111111100011
1100101011110111
1111011111111111
0000101111110111
1100101111101100
0101111101110111
0011111111110101
0011110111011010
1011100101111100
1001100111110110
0111111111010001
1011101101110101
1011101011111001
1010110011110011
1101111001011101
1001100011111111
0111101101111101
0111110111111100