1011101100101111
1111100101110111
1111110100111001
1100001111111011
1111111010100100
1010111001011111
0110111011111111
0101011110111111
1110110011101111
1111111001110111
0101110111101011
1011111011111001
1110111010011111
1100010011111101
1110010011111001
1110111101111110
1111111011110000
1111111101110010
1101101110111111
0111111110110101
1001011110111011
0111111111000101
0100110110011111
1111111111010000
1110100111001101
1100101111101001
1110111101100101
1010111100101111
1110111001101111
1111011111110001
0101110011101101
1110110111110111
1000111111111111
1101111000111101
1111110111110110
0110001111111101
1110101111011100
1100111011110101
1111110010101010
1101111001111011
1111011111010111
1110111111110001
1100000111111101
0111110101111101
0111010011101110
1011101111100110
0111000110111110
1010011111111111
0111101111110011
1111110010110111
1011001111111001
0110111111111110
1011111010100111
0011111111110011
1101100111111001
1011011111101011
1111111110011110
1101110110110111
1111111100110101
1010111111110111
1111001111100111
0111110011110101
0011111010101111
0101111101100111
1011111110001101
0111111110100011
1100111101111101
1111011100101011
1111100110011011
1110111110110111
1011111111101001
1111110000111111
1101010011011111
0101111100010111
1111100101111011
1101110101001111
1111111011011011
1111011010100101
0110110100111011
1011110111111111
1101111111001101
1101011011101101
0010111110101101
1111110011010101
1101111111111110
1011111111000101
1111001110101111
1111101100001111
0111111110111001
0100100111011101
1111110110001111
0111101110011101
1111011111111000
1110110001111111
0011111010111011
1111011010111011
1011111111111100
0001011111101111
1111110110101001
0101101111011011
1101111110110101
1100101101111111
0111111111101010
1100110110011011
1111100110101111
1011111001001101
0011111100101101
1010111100111011
0001111110100111
0110101111001101
1010101111101011
0101110101111011
1111111000001111
1110011101111111
1111111101011011
1011011110111110
0110000111111111
1101111100100011
1111010100100111
1101011101111111
1111111000101000
1111001101011111
0111110111101001
1110111010101101
1011101111001111
1111011101011101
1100010110111101
1101111010111011
0110101101101011
1111110111011110
0111011011011101
1001111101101011
1011111101110110
1111101100111100
1001111001101111
1001111101110111
0100111110111101
0011101111111111
1001111011011111
0111111101111110
1111011100111010
1001111011100101
1110111110101110
0111110101101011
1111001111011001
1111110101111110
1010101111111110
1011011011101111
1111001101101001
1011111100111110
1111101111110101
0101101111101111
0111111001101011
0001111110101101
1001111111000111
0111110101000111
1111110101101101
1110101110111111
1110111110001111
1101100111101111
1101111011101011
1011111011010111
0111010101110111
1100101111100011
1111001111110010
1011101110100111
0111011010111101
0011011101101101
1101110111110011
0011111111101011
0011111110011111
1011111111111010
0001111011101111
1011111100111001
1100110101011111
1100111101111011
1100011111101001
1111101100011101
1111101011111111
0101111010101111
1001101111101101
0101010111101111
1010111011101110
1111011111001111
1001111110011001