1011111011011110
1111111110100001
1011101110101111
1001001110111111
1101001100101111
0111011001110110
0001111011011111
1101101111110101
1101111111001111
1110101111111101
1011110111011111
1111101101010111
1111011110111101
0011001101011111
1011001010011111
1011111110010101
1101111011101110
1110110100111111
1010011111111101
1110110101111100
1111010111010100
1001011111111101
1101001111011011
1101111110111110
1111010101001101
1011111111101110
0001011111110011
1001111001111101
1111111100011111
0111111100110111
1111001111110100
1000001111110110
1110011111110010
0111011110111111
1100110111111011
1001110011111101
1110010001111101
1001101110111001
0110110101111011
1011011111110010
1110011001110101
1101110111101000
1111011101111011
0111111111111101
1110101110101111
1111110101110111
1100111111111000
1111101011010001
1111100011011011
1110010111111110
1001111110101101
1001011001111111
1101101001101011
1111011000100111
0001101110011111
1110111110111101
1111010111110010
1111001011101011
0101110101111011
1111111101011011
1110111111101110
1111101111101101
1110100101111111
1101011101111110
1111110010111011
1111011110011011
1111101100110001
1101101011110111
1100111101111111
1101011011101001
1001011111011011
1011101100111111
1010110110111110
1110111111100011
0111010011111010
1111100111111101
1111011110111010
1000111111110010
1110101110111110
1101111011011110
0101111001110011
1111110011110111
1011111101111110
1101011111011101
0111100110110111
1011101101110101
1001111111101011
1100111111110100
0111111111101111
1101111010111111
1111011001001111
1000011011111111
1101111111010111
1000110111111110
1011101011111110
0101100111110111
1101001111111000
1101010111011111
1101101110101011
1011101001101011
1011110011101011
0111111001011110
1111010101101110
1110101101110111
1111111011110100
1100011111101101
1101011111100011
1111111110001100
1011100111111111
0011111111110010
0101101101110111
0100011011110111
1000011111101111
0011101111011010
1111111011001100
1110111110110111
1110111011111110
0111001111010011
1110111111011111
0010111111111111
1001101111011011
1111100110110011
1111111101100001
1101111001100101
1111110111000001
1011110110101101
1111101110010000
1011001111010111
1111110101011110
0111100110111010
1110101101111110
1011110110111010
1111111010111110
1011010110100011
0101110111110011
1001010111110110
1101010111110100
1101111111011000
1011111111111100
1111011010111011
0011010111110110
1001111101101111
0011101111010011
0101001101111111
0111100011111010
0110110110111110
0101101011111111
1111011011001001
0101110111111010
1111101000110101
1011101110011001
1110110111111001
1111111000101001
1111111001000111
1111100011101011
1000111011111011
0101011111111010
1111101110001110
1011111011010101
0011111001110011
1011011110110110
0011101110110110
0111111110110010
1111100110010111
1001110100111111
0011001011110111
1111111001111100
0110011111110110
0110110001111111
1001101110110111
1111000111111111
0101111101110110
1001111110110011
1100111011110001
1101110101011111
1111101001011111
1011111111100001
1110010111110101
1101110011111010
1010110011111101
1110101011111111
1111011100111110
1111111111100110
1010011111111010