0111110100101101
1011111101011011
1110100101110111
0111111111111011
1011110101111001
1011101111111011
1111011010101011
1111110111010110
1111011110111100
1111111011101010
1011111001100111
0101110110011111
1111101000111111
1101110111101101
1001111011011101
1010011111111101
1110011110111001
1000111111111111
1010110111011010
1011110101111110
0101110010111111
0101111110101101
0011001111111111
0111011100011111
1011001011101111
0110101111100100
1110111101011101
0011101100111101
1010101111100111
1111111101010010
1101111011100111
1110111110100101
0110011110101111
1001111111001011
1110001101100111
1101111011111011
0111111101011101
1111101111111000
0111111110101100
1101110110101111
1111110011001011
0111011111100101
1101100111111111
1111101110101111
0110011111001101
1111011101010111
1111011101101101
1101111110111011
0101110011001111
1111010100111101
1101111111111110
1010110111001111
1101111011010111
1111010100011011
1110011011111101
1110110100111101
1111110100110111
1011011110111101
1111110001111111
1111101100110111
0111111010111100
1010110111110111
1001111111101001
1110111111000011
0110111011101111
0111001101100111
1011101011101110
1111001111111101
1111011111111010
1011110111101011
0011111011111110
1011111110011111
0110011011111111
1110110110010111
1011011111011011
0110111000111101
1100101101111011
0101111101101111
1111011110001101
1111011101101011
1011111101001100
0011110110111111
1110110101101101
1110101110111111
1111001111110110
1011010111110100
1010011101110011
1111110010111110
0010010111111110
1111111101000111
0111010010101101
0011101111101100
0011011111110110
1111101111101011
1111111011101100
1100111111011101
1011011011110001
1110101101110001
1110011111010100
1100111100111111
1100101101110101
1110010011111011
1110111101111110
1011011111011100
1110111000011111
1011111111000111
0111110010011111
1111111001101110
1011111111011001
1011111010101110
1011100111100111
1011111000110101
1011111110110110
1111111011110110
1001110111110001
1110111011110111
1110111011001111
1010100111111110
1110100111111100
0101110111110111
1111011101001111
1111001111111011
0010111111111101
0001111111110111
1110111110011110
1110110110101100
1011010111100101
1110011010111110
1010111110111110
1011010011010111
1101011111111111
1010111011111110
0011111011010111
1111010110001111
1101111001111111
1111111101001001
0011110111101111
1101111101110001
1001101101110101
0111111000001111
0111100111111111
0110101101101111
1011010011101111
1011110110111011
0110110111101110
0111001011111110
1110110110111000
1110111111101000
0001111101111101
1010011111101110
1100110111111111
1111111111000001
0111111111010110
0110110110111110
1011101011110101
0111110011000111
1111111110110011
0111011011011111
1010010101111011
1111111001011110
1111111110101001
1011111000101011
1110110111100011
1110011111011001
1001110101110101
1011101111110110
1111000110111111
1111001010111110
1111111111000110
1110111011111001
0011111101100110
1111010110101110
1101111111010011
1011001100111110
0101111100011111
1111011100011001
1010010110111111
1111111001110011
1011011011101110
1110011111100011
0110011110011101
1111011010101110
1011000111101111
1111110111011101
1110011001111111
1111100011111011
1011011100111011
1001110011101111
1111110110110100
1110110110101010
1101111110110111
0111110011001110
1010000101111111
0110110111111101
1111101111011111
0111111110110111