0110111111111011
1111101110100110
1110101011101111
1011011101111110
1011101110101110
1101110001111011
1100011111011011
1110111110011011
0111101010111011
1011011110101100
1110111101111100
1111101111111100
0110101101111111
1011110101011110
0101111110111011
1111111001101111
1101010101011011
1100010111011111
1111110100111111
1110111011101010
1100110111110111
1001001111101011
1101011110101111
1101111011001101
1110111111110001
1111001111101001
1111010001111011
1111111011101001
1101011111001110
0111111111111110
1011011110001111
1111110111001101
1100011101011111
1101110010011011
1100111111111110
1011101101111111
1111001111100111
1111101111001111
1101110111010110
1111010111001111
1101110110101111
0101110111111111
1001110111011110
1111011111000111
1101111110100010
0101101101111111
1111011101001001
1101010011011110
1111011111110100
0111011001111111
0110111101011111
0111001100011101
1011111011111111
1101010110110111
1101110110011101
1111111010111110
0111011011010111
1110101111111011
1011111111110111
1110111010111111
1110110111111110
1110011011111101
1100110111101111
1111101111010101
1111101010110111
1101101011100101
1111111111010011
1110111110101010
1101011111111101
1001011101111011
1111101110101001
1111101011011111
1100101101111111
1011111110111011
1101110011010111
1110111110111101
1110010101111101
0110111100111111
1111110111011001
1111000110011111
0011011100011111
1001110111011011
1111100111111011
1111011111111010
0111101111110101
1110111101101111
1101001111110110
1110100101111111
1111111111011010
1101111010101101
1101100101111110
0111101110111001
1010111111111111
1111110110010111
1101010111101011
0101111101011011
0100011101111111
1111111111000110
1001111101101010
1111110110101101
1011110110111110
1111101101011110
1011101111101001
1111110001111010
1101111100101010
0011100111011111
1011111110011100
1111110111101110
1101110110111001
0111010111111111
1011001110111111
1110011110111011
1011111111001110
1111110111110101
1110000111111111
0001111101011111
1111111101110111
1111000111111110
1101010110111011
1110010111110111
0100111001111101
1110011001111111
1101100101101111
0100111110111111
1011011111001011
1001011110111110
1100100011111111
1111000011101101
1101101010101011
0111110101011101
1111101110100101
0110011110110111
1101101100111111
0111110110111111
1011010111101011
0111110001111101
1101100111011101
1100111011110011
0111111111101111
1101101001111011
1101110101011110
1101111000011111
1011111101111101
1101111001011101
1101111110011110
1100111111101001
1110111111100111