1111110010110011
1001001110111111
1001011110111001
0111110101011111
0011111111110110
0101101110111011
1000111011111100
1111111001110110
1111000110110111
0001111101011011
1011011111010011
1011110111111011
1111110111010110
1100001111111001
1110101110111010
1111011011111011
0001110111011111
1001111001111110
0010111111010111
1011110101111110
1111010010110110
1111011111010110
1110111101111111
1000101011111101
1011100111111111
1101111010010101
0110000110111111
0110101111111101
1000101010111111
1101010101111111
0111111011111111
1111111101011101
1111111101010011
1110111010111010
0110111111111110
1100110111111011
1110000110111101
1101110101111010
0011001111111101
0111110110110111
1011111101110101
1000110011111111
1110111010111101
1001001111111110
1011010111111111
0101101111111110
0011101111110011
0101010110111110
1111100110110010
1100110010111111
1110011110011111
0010101110111111
0110111110111011
1110011110110011
1000111111111010
1010101110011101
1111111001110101
1011111001110111
1111101101111110
1001011111111010
0011101110011011
1111010011010111
0101011101010111
1111111111011100
1011011110110011
1111011111111000
0111111111110000
1011101110011110
0111111110011110
0101110111011010
0111001101111011
1111111110110001
1110101110010111
1011110111110111
1111100111011111
1101110110011011
1011101010111101
0111101110111101
0011110101111101
1111111111101111
1111001101110011
1111111101011010
1100111111011110
1110011111111110
0111101111010111
1111001110111011
0111011110110010
1111101001111101
0001111110011011
1101101101111001
1110000111110011
1011111010110011
1111111011111001
1110010011110101
0111010111011110
1101111010111010
0110111110111101
1111101101011111
1001111110010011
1011111111010101
1001101111010110
1011011001111111
1011111101011110
1101011101111001
1001011110111100
1111011011010101
1111110001111011
1101001011010111
1100111110011011
1110111011010011
1111110010011111
0111011110110100
1111111100111111
0111001111111110
1001011110011011
0111111111010011
1111101111110101
1001011111011101
1110110111011101
1011101110111100
1101010110111010
1101101011110110
1011110110111100
0100011111011011
1111011001111110
1111001111110110
1101100011111110
1011111011010111
1111100011111011
0101111111111101
1001011111110111
1111111010010011
1101110111111101
0001011110111011
0111110101110111
0011111111011101
1011101010111011
0111110111110011
0111011110011111
1111110111010001
1110101011111110
1010011111111011
0011011111011111
1011110010111110