0111110111011111
0101111101111111
0100111010011111
1101111111010111
1111101100100111
1101011011011111
1010110110101111
0111011111111100
1110111111111110
1110111111111101
1101111101110110
1011110011111111
1101101110111111
1101111100011100
1101011100110111
1111111001101111
1011101111011111
0011101100111111
0111001101110111
1101111010110111
1011111001111110
0010110110111111
0111101101100110
1101111000111110
1101010011111110
0111010010110111
0101001111101111
1001110101011101
1110011101110111
1111101111100101
1101010111011101
1010011001111111
1011001011111101
0000111111110111
0111111011010111
0011111111111101
1001011111111110
1101011101011111
1001100111111111
1101001011100111
1001101011111111
1101111011001111
1011110111111100
1111110101011100
1111110011010110
1001110111110110
0011011111111110
0111101100110110
1111101011010111
1011111111110101
0111001011100111
1111011110110110
0001111011111110
1111001011011110
1111011000011111
0101011111101110
0111101101010110
1101000111100111
1111001011110110
1101001111011111
1001101111111100
0111001111110110
1111110101110111
0111100001111111
1011111100110110
0110100111111111
0111111011101100
1111101010011111
1111001100001111
0100111111101111
1101011111100110
1110010111111111
1111011111000100
1111011011111100
1101111100101111
0111111100011110
1110001111111111
1011011111101111
1101111101100111
1101110101111110
1100011010111111
1111010000111110
1101101101111111
1111110010101101
1010110110011111
0110011001011111
1111110011011100
1111111110010111
0110111100111111
1111001001110111
1101011010111101
1111110111100110
1111000111010110
1011100110111111
1111100011111110
1011011110111111
1010111111010111
1011110101101111
0111111111001111
1101110011111101
0010101001110111
1001110110111101
0011101010111111
1011101111110110
1011011011011111
1001111111101101
0101101111101110
0101011011111111
1001111101001111
1101010110111101
1001010111111101
1101111011100110
1010101010111111
1110101110001111
0001111110111111
0111111111110100
0111110110100111
1111110010001111
1111011101111101
1111100111111101
1101110011101110
0111001101111110
1111110111110100
1111111111111011
1100111011110111
1111111001111100
0101110111101110
1111010111000101
1000111010111111
1111010110110101
1111000101111110
1011111111100111
1111010101001111
1111011011110101
1011111011010111
1011011011110110
1111101101101101
0101011110100111
1100100011111111
1101110110001100
1001111111011100
1011110110110111
1101011110011111
1111001011001111
1000110111111111
0101110111101101
1100110101011111
0011011111110111
0111010010101110
1110011011101111
1001111101101110
1101111111110101
0111101110101101
1111001111000110
1010100101111111
0101101111110111
1110111111100111