1111110111101010
1111110011110101
1101110100111100
1111110111110000
0011011001111110
1110111111111111
0111100101111101
1011110011111110
1101101110111111
1111101100111011
0111110110101110
1111101010111111
1011110101111111
0011101111101001
1101011110101111
1111010110111100
0011011011111011
1111001111101001
1001100111111110
1111001110101011
0111010111101011
1001011111101111
1111011011111001
1101010101111111
0011101011111110
0111011111100111
0101111111111010
1111000101101111
1011111111110110
1111000110111101
1001111110111010
1101010010111110
0111110110110110
0001011011111111
1001111011110101
0111111010101001
0111101011100111
1001111010101111
1111101111100110
0101101111111111
1111111111011111
1011001101111111
0111011101101011
1111111001101011
1001110111101111
1111011111110100
1011101001101110
1111100111110101
0111101110110011
1111010111100101
0111110111101101
1101010111101111
0101111110101011
0111111011101100
1101101011111110
0011111111100111
1111011011111100
1101011100111111
1011110111100111
1101111100101111
1111111100101011
1111110101111011
0111011110110001
1011101011110101
1111111011111010
0111110111110100
1111001110101101
1111101110110001
0001111101101011
0111111100111111
1011010111111011
1001011001111101
1111111111100001
1001011101111000
1011010111101100
1111001111100101
0111011111111010
1111100011101011
1111000011110111
1101101111111101
0111101110100111
1001111001101110
0001110110111100
1001011011111011
1101011011110110
1101111111101101
0111111010100101
0001111110101110
0101111011101110
1111101111110100
1001111000111101
1111110010100111
0111110011111111
1111111101110111
1111101011110011
1011100011110111
1011111000101111
1011101110100111
0011011101101100
1101011111110101
1111111000101100
1001100111110111
1011101111110011
1011111100111001
1101111110110111
1101101111111011
1111011011101111
1001111111101010
1011101011111001
1111011110100011
1011100111111010
0011100111110111
0011110110111001
0111101011101110