0111000101110111
1111110011101110
1111111001110110
1111011101101111
1111101111001010
1111101100111010
0111110110101110
1110111011101011
1111110101111101
0111011101111110
1111110011011011
1110101111111111
1111001010101111
1110111101011100
1111001101111011
1111111111010111
0111101111110010
0111000111111100
0111111001111010
1111111000101011
1111111100110101
0111101000111111
1111101111111001
0111110010111110
1111110001100111
0111110111111011
0110111101111100
1110111011100101
1110110111110011
1111111101001010
1110111111110110
1110111101001011
1101111111111111
1111101101011011
1111110101101011
1111111110101010
1110111011011000
1110011111011110
1111101001011110
0111111010001011
0111111011101110
1111010110111011
1111111110110010
0111111101101001
0110111001101111
1111010111110010
0111101101110101
1111001011110111
0111011111011010
1111101010001101
1111100011111111
1111111010101100
1011111111111111
0111011011111111
1111010011110101
0111101111101111
1111101010011010
0111111000111101
1110111110111111
0111001101011111
0110111101001101
1111111111100011
0111111110111100
0111111100111001
0111111101110100
0111111011110100
0111110001011111
1110111011101100
1110110101111111
1111001011111110
1111101010100111
1111010111101001
1111110010100101
0111110001111110
1110111111001000
1111101011111100
1111110111011101
1110111101101010
0110010111111100
1110011111111011
0111010110111111
1111011100011011
1111000111100111
1111111000101101
1111101110100100
1111011101011000
0111001101111101
1111111001001101
0111010101011111
1110111001111001
1111001110111101
0111011111011100
0111111110110111
1111011111001111