1011111110010110
0100011110111111
1111001110111100
1110111001110111
1001101111111111
0100011111110111
0111011010011101
1011011111111000
1100101110111111
1001011110111010
0001110111011111
1111010100110111
1111111111110001
0001011111111101
0101101110111111
0010011011011111
1111111101011101
1110011100010111
0111001110111101
1010011100011111
1100110110011111
0111110010111101
1101110110011110
1100111111110011
1111101011010111
0110110111010110
0011101101110111
1111011111110101
0110001111110111
1101001111011110
1101101011111101
0111011111111110
1110101111111011
1110010011010111
1001111111111001
1111011011110011
1011011100110111
1101001110011111
1101100111111101
1111101100110111
1001011101111011
0101011010111011
0101111111110101
0111110000110111
1011101100011111
0100001101111111
1010111111111101
1111100111011110
0110110101110100
0100110011111111
1111100111111011
1010011101110110
1111001111111000
0011101011111101
1011111000011111
1110110110010111
0111010110010111
1101101111110011
1100101101011111
1111110111111010
1110111110111110
1111101011111011
0101111010110111
1110101001111111
1111010111010110
0011111010111111
1011001110111111
1001110110111111
1110111111111010
0110110100110111
0000011111111011
1111010101111001
1101111100010110
1101111011011111
0010110101011110
1010011110010111
0011111101010111
0111010101011111
1011001001111101
1011110010111111
0110011010111111
0101101111110110
1111100111110110
0111101111011111
1101011110010111
1111000011111111
1111111101110011
1011101110110110
1101101100111110
1110101111010111
1111101100111011
1111011100111100
1111101010111111
0011111110111001
1101100011111111
0011110111010100
0111101110110110
1100101101110110
0011001101111011
1111111011110101
1010010111110011
1101100110111111
1010010101011110
1111110110111100
1111111011111110
1111001100111111
0011101111111100
0011110011011111
1011110001111111
0111101110111100
0111100001111111
1010111110110011
0110110011011111
1111110011111011
1111101111010101
0110001011111111
1101011100111111
1011011110110010
1110110001111111
1110010111011101
0011111101111000
0110111101010111
1101110101111111
0111010011011101
1100111111111001
1011110110011101
1100110111011100
1110010101111101
1111111111101111
1111111111011011
1111001101011111
1111100101111110
1011110100111001
1011011110011100
1011101110111011
1101001110111001
0011111110110101
1111100101111101
1111110001010111
1001111000111111
1011101110111101
1000110111111011
0011110100111111
1100111100010111
1111101111011100
1110100111111111
1000011110111111
0000111001111011
1110110010111111
0100110111010111
0101010110011101
0101011110111001
0111001111111001
0100011011111011
1000011111011110
0101100111111111
1001111111110111
1111101110110011
1011011100111001