1110100111001111
1001101111011101
0101111111111111
1110110111101010
1110100100111111
1000011010111101
0011101101101111
1101011101011011
1110101010011101
1111101101001011
1101000101111111
1011110111011111
1111101100111011
1111110110111011
0011111100111101
1111101011101100
1111011011111011
1011111010101111
0111101111111110
1110010101101111
0011111010111100
1111100111101110
1101011011011101
1111111010011001
1000110101111111
0111111111011111
1111010100001111
1111010011111111
1100101110011101
1111111000111111
1001011101101011
1010111111101111
1101101111101111
1110110011001101
0110010101111111
0010111111111101
1111001111111011
0110011110111111
1011011110011111
1011110111111101
1111111111110111
0110110101111010
1101101100011110
1110111011111110
1011111100101111
0111111011111001
1000111011011101
1110100011111111
0110011011101111
1101110101001110
1111110001111101
0110110111101101
0111101011111111
0111110111101100
1111100010001111
1100111100111101
1110101101111101
0011011100111111
1010011111011111
0111111011101100
1110110111011011
1110110101011110
1110101101111110
1101101110011001
1111111111101001
1111110011111011
0111011011101101
1101111101011001
1101011100111111
1111011111111001
0110111110111001
1010111101111100
1011111011001110
1111110101011000
1100111111111001
0011011010111111
1001111111001100
0011010101101111
0011111111111011
1111001111111101
1011100110111111
1110010111011111
1100100101111111
1011101011011011
0111111100111010
1111101100101111
1111111101001100
0110111101101111
1011011111011011
1111100011011110
1001111001101111
1111111011011100
1110101011111011
1011111110011101
1101111100101011
1011111101011111
1111111110101110
1111100111111101
1101111101101101
1111111010101011
1011100001101111
1110111001111101
1010101111111111
1011101111111110
0011011110111101
1111111001111110
1101101110111010
1110111110111000
1101000110011111
1110011001111111
1100111111101111
1001010111111011
0111111101111000
1111011111111110
0110101111111011
1101110111111101
1111101001011111
1001101101111111
1110111100111110
0111101101111101
1101101101011010
1110111101011000
1111101111101010