1111110111101010
0111101111011111
1101110111001101
1110110110011111
1000110111111101
1101111111001110
1101111110011101
0111110111111110
1101101111101001
1111111011101011
1101011011111111
1101011111000111
1000111111111110
1110111011110101
1111101111111110
1111111101111111
1110111011001110
1010111111101110
1001111110101001
0111101111111101
0001110111111011
1111110110111101
1101111011100111
1111001011010011
1011111111011111
1110111111011000
1111110111001100
1101110110110111
1010111111110111
1100111111111100
1111101111001111
0111010111010011
1111100110110111
1110111111101011
1101111111011010
0111111110111011
1111100110011111
1111000111110111
1100111110111011
1111111111110100
1111110111011010
1110001110101111
1110111110000111
0101110111110011
1111111011011001
1110111111010011
0110111111111111
1110001110011011
1011101110100101
0011111011111101
1101011111110010
1111011010111011
1101001111010111
1110111010101111
1011000011111111
1110110011011100
1111011111011110
1101001111101011
1000111110111111
0111110011111011
1100010111110111
0101110011111111
0001110110111111
1111100111111011
1100111111011111
0101101111111011
1001001111111111
1111110110101111
1101101111110011
1111111110111110
0101010111011111
1111111010110001
1110110111111011
1001111110100111
0111111110111101
1100011110111111
1111111111100011
1111011111111101
1110110111110101
1101110011101110
0111011011110010
0111001111111111
1111111111001000
1111101011111101
1100110011101101
1110100111111111
1011011011110110
1011011110111011
1011110111101110
0101111111111101
1110011010011111
1101101110101111
1110010111101111
0111111011011111
1110111111001101
1100101111111011
0111111111101111
1101101110010111
1110010010111111
1110111011010111
1101110011111010
1110101110110011
1100101010110111
1101110111100101
1010101010111011