0011111110111111
0010111101110111
0111101111001110
1111110011101111
0111111011011100
1111110101111011
1111110111110001
0011101111011100
1011110101110111
0110111111100111
1011111011110101
1011110011111110
1111101011011101
0110111111011010
1011110111011111
1011111011101001
0111110111111111
1111100111111010
1111111011010101
1011101111010101
1111100101110101
1111100111000111
1011111011011001
0111111110111110
0110101111010110
1111110111000101
1110101101100010
1111110111001110
1110111011011111
1111111100110111
1111111001110000
1011110101111110
1011101111001111
1011101011111101
0011111111010111
1110111111001011
0111111101101111
1110111011110111
0111101001111101
1111110101100100
1010111111101111
0011111111001011
1111110110111101
1111111100101110
1111111101101001
1011111111111000
1011111011001010
1111111111000100
1011111100111111
1011111011110010
1111101111111000
1111111110111000
1110111110110111
1111101110111111
1011111111110100
0111101011100110
0111111101110011
1011110111101111
1111111101011111
1110111001101010
1111011111111111
0010111111110101
1111110011110110
1110110111101001
1111110111110010
0111101001111010
1111101011010011
1010101101110111
1010111110111100
1101111111111111
0111101001110110
1111111010111111
1011111101111101
1111111110011111
1110111111011101
1110101011111111
1111111111010010
1111100011110011