0010111101110110
1110111111010010
0100011111001111
1011111110110000
0110100111111110
1101111110111111
1110110111010110
1011101110110111
1011101001111111
1111111010011101
1111011010110111
1001111111111111
0111101101111111
1111101101010111
1111111001010101
1111101000111111
0110010110111111
1110101010111111
1101011011111111
1100010111011111
1111001011011111
0100101111010111
0110111111011110
1111011111101110
1011111011111011
1111101111111101
0111111011100110
1111111011001110
0011111111110010
1110011101110110
1111101010110011
1111111110100100
0110011110001101
1111001111010110
1111111110011110
1101110111111011
1100111011111011
1010111101110101
1111111100011101
1011101011000111
0011011111111111
1110011110110111
1111011001110100
0101110111111111
1111011110110110
1111011011001101
0101001111100111
1111011111000111
0101001111010111
0010111111001101
1111011000011111
1101111111011011
0111000111111111
1100100111111111
1111111011011011
0111101011111110
1110110111111101
1111101110101111
1011011001011111
1110111110011001
0111011100111101
1011111100110101
1111111101111011
1010111110110011
1011111111101011
1100101011111110
1111001101111110
0100011111011101
0111111111000010
1111111111011100
1101010111010110
1111110011111111
1110001111111111
1101111111100110
0111101110111111
1011111001110101
0111111110100110
0110111110100111
1111100111111011
0101011111011110
1010111111010111
1111011111111011
0101111111001110
1111111101101111
1111011001010111
0111101011111011
1111111010101100
1010111000011111
1011110111110001
0110010111011111
0111110111110111
1101111101111111
1011111111100100
1110111110111110
0111111101110101
1011110111010111
0110111110011011
1011111111010101
0111111010011111
0110111001010111
1100101011101111
1110011011010101
0111111110010001
0011111001011111
1111110101111111
1011001111011111
1011101111111110
1111111000010111
0111111001110110
0010101011011111
0011110111111001
1011011100111111
1101010111111101
0111101011010111
0011101011110111
0010111110111101
1100111011000111
0101001111110110
0110111111101001
1110011111100111
0111011001011101
0110011101010111
1110010110011111
1111110111101111
0010111001110111
1011111110101101
1011010111110111
1010111011101111