1111101101101011
0110110111011111
1111110100111001
1110100110111111
0111110101011111
1010111011011111
1010101100101111
1001100011101111
1111001001111011
1101101011011011
1001110011110111
1110110110011111
1111010111101100
1111000001111111
0100011111110111
1110111010011111
1100111101001110
0011110111101101
1101110101110101
0011001111111001
1110010011111011
1111111101110011
1110111111111101
0010101101101111
1011110111111011
1010101110110111
1111011010101011
1111101001001110
1101110111100011
0011011111011001
1101111011101110
1111010001011111
0011111100111101
0110010111110111
1101101111101101
1111101011100011
1111010011100101
0011011111101101
0011111101110101
0111001111001011
1100100111101110
1000111111111111
0100111111011111
1001111101100111
0100110100111111
1110011111101111
1111010101110101
1001011001101111
0101110111001111
1111111100011111
0011100111101110
1100010111111010
1011011101111010
1011100110110111
0111011101011101
1111111111010111
1111101010001011
0011111111001010
0111111011111111
1101001111111111
1111111001101101
0001101101111110
1011110010110101
1011111000100111
1111110111001101
0101100111011101
1110011011011111
1100111000101111
1111101111001101
0011101111011001
0110100111111011
1101101111110001
1111111111110110
1111010100111111
0111101110101011
1111001001101111
0111110111111010
1111111110011101
1001110111011110
1001011111101101
1101111100100111
0101011111101110
1011101001101111
1011011111110111
0101100111101111
1111110001111101
1111110011100011
1001101111110011
0011011111111010
1111110000100111
1011011111011110
0101100111110101
1110110101011111
1001111100111111
1100111110111011
1111110111011011
0111101100110101
1111011011011010
1010111001101010
1111111111101001
0111111110111001
0001100111110111
0110101111011110
1101010111110101
0101011110101011
1111101101100101
1011011011111110
0111011111101100
1111100011111101
0111001101111011
1011111111111100
1011111101001011
1010111001110111
1010111110111011
0010011110011111
0101111111101101
1111001011101011
1011101111101011
1110011101111111
1101011110111001
1100110000111111
1111100011111110
1101011101111110
1111110110110001
1011111101011101
0010111110110111
1111001101011111
1111110011111100
0111100100110111
1011100101110111
0111011101110101
1111110100101011
0111110101101101
0110011111111011
1001011011011111
1001011101011111
0100101111101110
1111111110111110
1100110111011111
0111111110110011
1110101001111111
1010110110111111
1111011001111100
1101100101001110
0111001111101110
1111001111011000
1111100111101100
1101110111110001
1101011011011011
1101101001111111
1111011110100111
1011010101101111
0101110111101110
1011101110110011
0101011101111101
0101100111110011
0101111111100111
1011111011101101
1010101101101110
1101111011011110
1111001111110111
1101101111100011
0101011111011011
0111011111101010
0011010110001111
1011010111011101
1011001001111111
1011101001011010
1101011110011111
0111111100101101
1100111110110111
1001111110110011
1101101101111101
1111001000111111
0111101111100111
0111011101111010
1111001010111011
0111000111011100
1011010010001111
1100111101111011
1011101001111101
1111010110110111
1111011001001111
0001110110110111
1110110000110111
1001100101101111
1101110111100101
1111001110011011