1111101101101011
0111111101111011
1111011111110111
0101110001101111
0111111011011100
1111101011110101
0110011111111100
1111111101110010
1111000111111011
1101100111011011
0110111111011010
1110100110011111
1111110111101001
0111111011110011
1101111011011011
0100110110011111
1101110111101101
1101010111011111
0111110100101111
1101110001111001
0101111101111101
0110101111111110
1111110111001111
1100110111110110
1101011110101111
0110110101111101
1110110110011011
0111010101101111
0111101111111101
1101001111111111
0100111101111110
0100111111010111
1101101100110110
1101111000111111
1110111110011110
1111110101110101
0111011111001111
1101111101110011
1111101111001110
0111110111111010
1100100111111011
0110110111010111
0111110011011101
1111101000111011
0101011111101111
0111111110111010
0111101011111111
1111111000110111
1110011111011100
0111110111101100
1111100111101011
1101101011111101
1110111111110100
0110110011110111
1110000011111111
1111101111001001
1110101101111111
1101110001101110
0101100110011111
1101111011010110
0111000100111110
1100011101111101
0101110101110110
0111101111110111
1110100111110110
1111011111111001
1111110110110111
0111010011111111
1111111110101011
0101110111011011
0100101111011011
0100011011111101
1111010010111111
1101111001111100
0110011011011111
1111111110110010
1111111011111010
0100110001111111
1101110111011100
0110110111110101
1111111110010110
0110011011111011
1110001111111101
1110111111101111
1110110011111101
0111111101111100
1110011011011101
0111111011001110
1011111111111111
1101011110011011
1110111110010011
0101111110010111
1111111110111101
1110000111111110
1101101111110011
1111100111011001
0101011111111010
1110110111111010
1111011100111011
0101111011111110
0110010111111111
1111010100101111
1111111111100111
1101111110011010
0110001111111111
0111111111010011
0110110110111011
1111101010010111
1111101111010011
1110101110111110
1111100010011111
1111111111010100
1111111101011111
0111110111011001
0101110111010111
1111001111011111
0111111010111111
1101011111101010
1111111111111000
1101101010011110
1111011011101111
1100010001111111
1101101110010111
0111001111111010
1101011101101101
1111111011101101
1111010110011111
0101111011111011