0011111110111111
0011111111001111
1110111111111111
1101111110011101
1111101001001111
1001111111111111
1111011110111100
0101111011110111
1101010101011011
0101010111001111
0111101101111010
1011011111111101
1111010101101110
1011001111010011
0101011001111011
1111101101010101
1111111101011100
0111010001111010
1111111101100111
1111110100111100
1111101110101101
0111011110111111
1011011101101011
0101111111010111
0111110010111101
1101010010111111
1101101101111011
0101111100101111
1101110111010111
0011011111111110
1101110110101111
1011101111101111
0111110001011101
1111101100111110
1111101011001011
0111111101110010
1111011111000110
1111110011001111
0111101000011011
1111101001101101
1111111110110111
1111011111101010
1011111011111111
1111101101111100
1111011111011101
0111110011110111
1111110101011110
1101111111111110
0011111111100111
1111010011010111
0111110011011110
1111001011010110
0111001011111111
1111110000011011
0111110101101111
1111101001011110
0111001111111011
0111111101101010
1111011110101111
0111110111110101
1111001011101011
0101110001111111
1101011000111101
1011010101111011
1111110100001101
0111111111001010
1111011011010011
1111110100101010
0101010011101111
1101111010111011
1011111101110111
1111111111100010
1111111111101100
1111011100111011
1111101110001111
1111101111101110
0011101111111111
1111111011100111
1111001110011111
0111110111011011
1011110100101011
1101111111101101
0101011001001111
1011111111001110
1111111111111001
1011011111100111
0011011111010011
1111111011101110
1011110111101110
0111101011010111
1111001111110010
1111100111111111
0111010111111100
0011110101011111
0101111101110111
1111001110111110
1011101111111101
1111111010011100
1101101111001111
1111111111000011
0011111111011100
0111110101110111
1111010111110101
1111101100011101
0101111101101011
0111111001110100