1011001001110110
1110100110111111
0101110111101011
1100111101001111
0110110101111110
0111111101100111
0011011111111011
1101110011100111
1111011011000111
1110111111010000
1111110111101001
1100011011111111
0111111011111100
1111111110100110
1111100011110101
1111001110010011
1111001100010111
0100001110111111
1111110111110110
1011011111100110
0011010101111111
0110011101111110
1011110111000111
1010111101111011
0101111011101111
1111010011111110
0110111110101111
1110111011110111
1011110011111001
1011010110111111
1110111101010011
0001110011111111
1010011111111111
1001101101010111
0111111111000111
0111101111111101
0101110111110111
0111111111111010
1111001110011110
1101001110011011
1101111000101111
0001111111110111
1100110111101011
0100110101011111
1101110110110111
1110010111111010
1101001111010011
0101001111111011
1011111011111100
1111111010011011
1111010100111110
1011110111111110
1001110111110111
1010111110111111
0011011111111110
1111111010110010
1101010011110111
0111011001011011
1101111111111101
0010110111110111
0110110110011111
1110001101111001
1011001111111010
1011011011111001
0110001110111110
1111010111011011
1111011111110101
1100100111111111
0011101110111110
1101111101101011
1110110111111101
0001110101011111
0111011111001101
0100111111101111
1111011111101001
1110111011111101
1110101101111110
1101101110110011
1101111111111110
1011101100111011
0011111111100111
1011111101101111
0110011110111011
0111110011101011
0111111001111110
0110001011111110
1110110110110111
0111011111100011
1100001110011111
1110001111010011
1011110011100011
1111001101011101
0100010111111111
1110011111011110
1010111111111100
1110101101011011
1011001101011011
0101001010011111
1111111111000001
1110011010111011
1110101110010111
0101001101111111
1111011110101111
1111111001111010
0111111111101001
1101101100011011
0100110111111011
1111111110010110
1101101001010111
1111100111111011
1111010111111101
1011101111010101
1111111101011010
0111111101001111
1110111111101110
1110110010111011
1111100101111111
0010110111011111
1111111011011110
0101111110010111
1110011101011101
1111111110111101
0101111101011011
1111011111011001
1011101101110001
0001011110111111
1001111111101111
1111110111011110
0111001101011111
1111101011111011
1111010100011111
1111111011010011
1111111111101100
1100111010111011
1001011011111011
0111111101110100
0110110101011011
1101011100111011
1111101111101111
1111111011100110
0111110001011111
1110111111100011
1011101110011011
0011110101011001
0010110111111011
1000111111110011
1001101111111011
1111110001010111
1111111001110011
1010111111001111
1001011111010011
0111110011001101
0001011001111111
1111011101101011
1111000111111111
1111111110001111
1110101111011101
1101011101101111
1110011001111111
1100111011011111
1001001010011111
1011110011100101
0111111011110111
1011111110101111
0011111110110111
1110111101101011
1110011010011111
0001101110111111
0111110101010011
1111110111001011
0110011110110111
1100111110110111
1100110010101111
1011101111110010
0101001111110111
0011001101111111
1111111101110000
1110011011101111
0010101111010110
0111100010111111
1110111100111111
0010111011011011
1011110111010011
1011101000111110
1011110010111111
0001111110111011
1101011001110111
1001111001011111
1001111011011011