0011111110111111
0111111101111011
1111110101101010
1111001011111011
1110110111101011
1011111100110111
1111001111101111
1111000101111010
1010101101111011
1110111011110001
1110010111101110
1010110110110111
1111100100110011
1011011011110111
0111110100101111
0110101111111110
0110101110110111
1111011011100111
1111100001101110
0111100101111111
1110010111111011
1111011110111111
1111101111100100
0111011111100110
1110011111110010
0011101011111111
0111011101110110
1111010001111101
1111010101110111
0011110011110011
1011000111111101
1010010111111111
0010111111111111
1010111110100101
1111111111011111
0011111001111111
1010011111110111
1110100011111111
0111111111111101
1110101101100110
0111111000100111
1111100111101011
0110011111111111
1110011111101010
1111111011111100
1111000111110110
1101111111111111
1111110110100111
1111110011111010
0111111001111110
1111101010110111
1010101111100011
1110111011100111
0111001001111111
1111111101101101
1111100100101111
1011101101110111
1111010011110110
1010111010111111
0110111111110110
0111000111111011
1111101110110101
1011111111111110
1111110100101011
1111111101110101
0111100110111110
0111110111110110
1110101001111111
1110011101111000
1110100101111101
1110101111100101
1111100110111010
0111010111111110
1110110111110100
1011111100111101
0111110001111111
1111011101101011
1011111011101101
1111101111101001
1010001111111111
0111111011110010
1011001001111111
1011110101111011
0111101100111111
1110111110111011
0110101011101111
1111110010111101