1101111001101101
1110100111110111
1111100100111110
0011111111110111
1111100111110110
1110010111100011
1101010111100111
0111011111110011
1101111110111111
1111001111101111
1011110011111111
0111111001110011
1111110101101001
1111100110111101
0110110110101111
0101111101111100
1111011101110100
1011011101111001
0110110111100111
0111001111111100
0101010111110110
0110101110110111
1101011011100111
0111110011110011
0100110111110111
1011111000110110
1011011111100101
0111101011110111
1111010111111010
1101001001111110
0001110111111010
1110110110111101
1101011111111001
1111010011100011
0111011001111101
0111110111100001
0100101111100101
1110001110110111
1111011001101111
1100111111111110
0111100110111111
1011110101110011
1011110111111101
0011110111101011
1111110001100111
0011011111111111
1110111110110110
1110101110110101
1111111100101101
1110011111110000
1111111111011111
1100101011100111
1111100111110101
1111101110101111
1110011110111100
1111101101111101
0110011111111111
1111101111111011
1110111011110010
1011111101101111
1110111010111111
1111001011110101
1001111101111101
1011110111100111
1111111100101011
1111110100110110
1011011010110111
1101110011101011
0101011101100111
1111011000111011
0110111001101101
0111101101101111
0111110110110010
1101111101111000
1110111001111010
1111111111101110
0111111100111111
1101101101100111
1011011100111110
1100111111100001
1010111111111111
0111011001111010
1111001010111111
1111111011111001
1111010101111111
1111110011111110
0110111111110001
1001010111110011
0101111011111111
1110110101111110
1111011100111010
1011010110111110
1011101111111111
0111100011111101
1110111101110111
0111110101110001
1110111100111001
1001111111110000
0111111011110110
1011011011110110
1110110011110011
1110111101101011
0101000111111111
1111110100111011
1001011011110011
1111101001110111
0111111010111111
1111110110101011
1001111011111110
1101010011111011
1011111011101111
1111111000111010
1111110010111101