1100111011101101
1100101101101111
1011110110110101
0110101111111001
1011110011111101
0110111100001110
1011111100001001
1101000111111110
1111101111001011
1110101101010110
1011111111101100
0110111001111101
1011110111011110
1101011110110111
0111101111111110
0011111010111101
1011011111110011
0111111101011011
1011110101111111
0011111001101111
0111011010011111
0111110101111101
1010111100111100
1011011010011011
1101010010011111
0100101111111101
1001111111111100
0111011101011101
0111101111110011
0011011101011111
1010111101011110
0111001110111101
1111111100110101
1101001111011101
1101101110110111
1111110101110100
1100010111101101
0010001111111101
0111011111111001
1100111010011111
1010011101010111
1101111011111010
1111101111001110
1000110011111111
1011111101110100
1110011100101011
1111001110110101
1011101111101110
1110011111110001
1111101111100111
0111111110111011
1011101011011111
1110010001111110
1110101010011111
1011111010001111
1110001101111111
1101110111101110
1101011101110011
1011011111101111
1111001111010010
1000111110111110
1100111001111101
0010111111011111
1110110001011101
0011111110101111
1001011111011001
1111100111011111
1010111000111111
1110111110110011
1100101111011100
1011101111101011
1111100111111011
1101010101110110
1101011111110001
1101111110101101
0010111001111111
1111011110001110
1111001110111011
1100011010111100
1001111011111011
1101111100110110
0110001011011111
0101111101101110
1110101110110111
1011101011101101
1111011111001011
1101100111110110
1110110101101110
1111001101101011
1110110101101101
1011010110111101
1111011000101111
1101111010001111
1100111001011111
1010110110111101
1111110111101100
1100111101101110
1010111110101111
1100111111010001
1110111111100101
1101101110101111
1010111011011101
1010111111111011
0001111111111111
0100011111111111
1110101110011011
1111001000111111
1110111111111000
1000111110111101
1011111101000001
1111011111100110
0111011110011110
1100110011111011
1111000011101111
1101110111100101
1111111001101001
0011111110111110
1101111001101100
1110011110011101
1011110110101111
0101110011101111
1100011011011111
1111001001111010
1111111011110111
1111001111101110
0110110111111111
1110001111101111
0111001111010111
1101111110010011
1111010100010110
0111110111111110
0100111101110010
1100011111111011
1101100011111111
0110111001011110
1010101111011111
1001111101111010
1110110111110111
1110110010011101
0110011101111111
1111111011001101
0101111111011111
1001011110011101
1010111110110111
1111101110011101
1111011111101100
1111111011001110
1110111110001101
0100101101110111
1110110010011110
1011010111111100
1100101010111101
0011011111011011
1111011101001111
1110001011011101
1101011111111000
1110010111011001
1001011101111111
1101011101011111
0111110111100001
0110101011001111
1011001111010101
1100011110101111
1111111111101010
1110011110011011
1101111101011011
1101001111110010
1101011001111011
1001101111011111
1011111111011100
1011111100011110
1110110011101101
0111111111011010
1111101101111101
1010111111000111
1011111011111110
1011111010111001
1100010010111110
1110101001111010
1101010111110101
1111110110111000
0111111111001101
1011010111111001
1110111101101100
0101111110110111
0101011111100111
1100111110101110
0011111101111000
0111100111101101
1111110101111011
1110111010101111
1110101101011010
1110101110101001
0010001111110111
0111110011111011
1111110101100111
0111101100011111
0111110011101101
1101110011111101
1111001101011110
1100011111010111
1011101111110110
0111010110101101
1000111111101110
1001111101001110
1100110111011111
1111011010101101
1111000010111100
1011000111111111
1111111011011100
0111111110111100
0111001001111011
1101011010011001
1111010010011010
0011111001011111
0111111111010011
0101001101111011
0111111101101101
0101111011101101
1101001111101101
1111100010101110
1000111010111111
0011011101110101
0110011111011110
1101111000011101
1010111101100111
1101111011101011
1110110011111100
1110100111111111
0011111111110100
1111110101001110
1101010111011011
1111001011111001
1110101100011111
1011101110111111
0101111010101110
1001111111110111
0100111001111111
1001111001011111
1111000110101101
0111010110001111