1010011101111111
1100101111101110
1101110110110011
0011111111110110
1011101011011101
1100101100111101
1111101110100111
1111011101101111
1100111100011101
1111111010111001
1111110111010111
0111001111010110
0011111000110111
1111101101010111
1011111011100111
0111110111111111
1001011110111011
1101110101101101
1101101111101101
0001111011111111
0110001111111101
1110100111101111
0100111111011110
1011111011111011
1011001111011110
1101111010010101
1011100111111110
1101011111101101
1110000101011111
1110110010011111
1111111010000111
1110111000111111
1011010111110011
1111110010110111
1010111101011111
1111100011001111
0001101101111110
1111101110101101
1110011001011111
1000011111111111
0010111100111011
1001011111111110
0111011111001111
1110111111110111
1111111101001110
1111111011111110
1101111101110011
1010101101111111
0011011101111110
1001101110001111
1101111111111100
1111111101010101
1010100111111101
1011111100101111
1100001111111101
0010111111111110
1010111111011001
1111011111000110
1110001011011111
0110111111111000
1111011000011111
1111010110100111
1011111110011011
1111011111110101
0000111101111011
0011011111100111
1001100101111101
0111111101011111
1001011110101111
1010101110011101
1111101101111100
1111101111111011
0100011110011111
1110110010101111
1110111011111101
1111011010001101
0101111111101111
1101111000111011
1010111101101110
1100101111011111
1111011001110111
1001111111111001
1110111111011100
1010110100111111
1110111111101001
1011100110111101
1010010011011111
1111011111111001
1111110001111111
1100110111111111
0111101110111111
1101111111111010
1111010010111111
0101001111111111
1000111100111111
0011111111011111
1111010011001111
1111010011110111
1001111110111101
1101110111011101
1001110101011011
1011011111101101
1101011101111111
1111111111011010
0111011010110111
0010001011101111
1111110111111001
1111011101011100
0011011000111111
1111010111101011
1111001010111111
1011101111001110
0111011111111011
1111111110111110
1101110011101111
0111101101110111
1111011100111011
1111111111100011
1011101011101101
1011111110100111
1111011111001011
1111011001111101
1010010111011110
1100101011101111
0111001101111110
1001110100111111
1110001001111111
1111001110001111
1111101111110100
1101111110110001
1101000011111111
1110111100111001
1110011010101111
1111111010001011
0111111110110001
1011110111101111
1110011111111011
1101001110010111
1101101111100111
1111101011100111
0101111101110111
0110101101111110
1011110110110111
0111111011011111
1011111111111010
1111111001001101
1101100100101111
1001111111101011
1000111010001111
1111111110001001
1111110100101101
0011111101101100
1001111111110111
1111001111000111
1011110111011101
1101111101010110
1011101101011101
1111100111001110