0100111111111111
0011001110101111
1100001101111010
1111111001001111
0110111111100111
1100111111001111
1111010100110001
1110101101010111
1011110011111111
1001111110101111
1100011011111111
0011111100111101
1001111011011101
1111000111100011
1101101010101111
0110101111111111
1111111010011001
0111010011011011
0111110011001011
1110111001110011
1101011101100111
1111111101010011
0111010101111111
1100110111101011
1101101110110111
0101101101011110
0101101110101101
1110001110110111
1001001111011011
1101010111101101
1111111111110110
1100111111111101
1101100110101101
0111110101111011
0001111111101111
1101111110101100
0101101010011111
1111011011111110
1101011111001101
0110011011101111
1101001111011110
1110101110101111
0101101011101101
0011010110011111
1110011101100011
1101111110111011
0101111000110111
1011011101101111
1111010111111110
0111010111101111
1101100100111110
1100101011101010
1110111101101101
1101011101111100
0001111010111111
0111001110110111
1101000111101111
0110111110111001
0001101110011111
1110101111011011
0111110101101111
1110110111011010
0101011011110011
0111111001101110
1111101011111001
1101111111111000
1101001100111111
1111001111111101
1001110101101111
1111111011100101
1110100101111111
1010011100111111
1001111111101101
1111101100010111
1101110111011111
0001110110111101
1100110011111110
1101111101011100
0101111111110001
1111010100101111
1111110111101110
0111011101001111
0001111111111001
1111000100110011
0011111011011111
1001111011001111
0101101101101110
1110110111011100
1111100111100001
1011010110111101
1111011001111111
1110111111100001
1111101010111011
1110110110110101
0111101111111011
1100110101110111
1111011011010111
1110111110101100
1010111111111011
0101111001011011
1111100110100011
0101111101101011
1110101110110011
1011011010011111
0111011111011101
1001111100011101
1110100111001111
0111010111110001
1110011110011100
0111110110100011
0111011010111111
0111110101011111
1101110011111011
1111110100011110
0111100111111101
1011110111111011
0110110111111111
0101100111110111
1110110111001011
0101111011001111
0011101111001111
0110011101111111
1100011111101110
0111110100110101
0011111111001011
0110111101111110
1111110000110011
0011111110111011
0101011111100011
1101011111111001
1010110111101101
1111101100111101
0101010011111111
1101110101111011
0111100110111111
1111111111000101
1101111101110011
1010101101111111
1010010110101111
1101111110010111
0101111101001111
0010111111111111
1101001111110011
1001011101111101
0001111101111011
1011111101101101
1111011111101010
1100100011101111
1111111010111110
1011111111110111
1110111010111111
1010110100111111
1110110001111110
1100011111110011
1111110111000111
1111011010111011
1110100111100101
1111111110001011
1110000111010111
1110111101011011
0111111100111110
1111011011001001
1110010110011001
1110001011101011
0101011111011110
0110011110110011
1100011111010111
0110111011001111
1011111111111110
0111111100100111
1111001010111111
1111011101011101
1101010011110101
0101110011111101
1011111001101111
1110101011000111
1110100011110111
1111111101101001
1101111101101101
1100101001101111
1111110101001101
1111101001011011
1100111011110111
0111111111010011
1111101111011101
1111100011111010
1101100011111110
1100110110111111
1110111100100111
1111111000100011
1111111111001110
0111110011111000
1101011010111111
0011011111101011
0111101101111101
1011101000111111
1011000110101111
1101111100101110