1000111111011111
0101111111111110
1111011110011101
0011111101110110
1010110001111101
1011011111111111
1110110110011111
1100101111110100
1000111011111101
1111101110111011
1101101110111111
1110101101111100
1110101111110010
1101111110011101
0101111010111111
1001111110101110
0111110111111110
0111111001111100
0111011110100111
1110101111101001
1011101111011111
1111111100101100
1011100010111111
0011111111101111
1110011010111101
0111111111011111
1110111111110001
1111001111101000
1101101011111010
1110010110111110
1110110111010101
1111011111100011
1001111011110111
1111110111010100
1110001111110101
1110111010111011
1111100111110010
1011100001111111
1101101111101111
0111111111111010
1111000111011010
1111100000111111
0011111111111101
1111011011011111
1011110111111100
0101110110111101
1111111000011001
1111111100011100
1011101111101111
1001110111011110
0111110110101011
1110011110011010
0011110111110111
1101011111111111
1011111111011100
1101111111100101
1111110011111001
1101110110101011
1011100111110111
0111111000111011
1111100111010011
1101111110111010
0111100111111111
1011111000111101
1110111011111100
1111111010111110
1111010111001101
1011110100111110
0111111100111101
1100111011010111
1011100110111101
1111011011111100
1110011111110110
1110100111110110
0110111111111111
1110110110111001
1110110100111100
1110111101101101
1111110110110111
0111111111110001
0111011110101011
1111111011011000
1110011011110011
1100110111111111
1111101011011111
1111101111000111
1110110011011101
1101101111111000
1100101111111001
1111111010110111
1111000010111111
1101101111011101
0111001111100111
1111011101111111
1011111111010110
0111111100100110
1001110111000111
1111101101111011
1111000111111100
1011101001110110
1101111101111111
1111011110110101
1111101100111100
1111101110110111
0101101011111001
1010110110111111
1010111011010101
0111111101110100
1010111101010101
1011111110100111
0111111011110101
1111101101101110
0001111110111111
1101110110001110
1101100111110111
1101110011111111
1110110111110100
1110110101101110
1110101111011111
1101111110000110
1110111101110110
0111111111100011
0111111111101101
1110110111101101
1111111011010001
1111101101011101
1111111101101010
1101110111100110
1111111011101111
1111101101101101
1111000110101110
0111010111111101
0111011010111101
1111110011110111
1111111100000001
1011111111111011
1111110100101110
1110011110001011
1010111101111110
1110111111111000
1111010111110101
1110010010111111
1110010111010011