1110100111110111
1111101001101111
1011011101111111
0111111110010101
1011100101111111
0011111111101001
1110111110011010
0011111111010100
1110101111010111
1111110111010111
1111110111101001
1111101000111111
0111011101010001
1111011101000011
1011101111011110
1110111110100111
1111110111110110
1110110100011101
0010111111101111
1111111111110010
1111101111111101
1111010101001101
1110011111101101
1111111010111010
1111010111111010
0111010111101011
1111011110111111
1011111100010110
1010011111111111
0011111110111011
1110010111011001
0110011101110111
1111010111100111
0010111101011011
1011110111111100
1111010001110011
1010110111111111
0011011111111110
1110111011111111
1111111010111100
1110101100111110
1111001111001111
0011111100001111
0111111001111000
1110111111101011
1011011011111101
0111110101100111
1011111110111100
0111110101001111
1101111111111111
0110101111110111
0111111100111100
0111111101000111
1111110110110111
0111011111101101
0010101101111110
0111001001111111
0111010101111011
0110110111101111
1111111000101111
1111111010110101
1111011101011110
1011111011110111
0111101101101111
1010111110111011
1111010101001011
1111001001110111
1111111000110110
1111111011011111
1111111111101110
0011111011111111
1011101101101011
1010111101010110
0010111111111010
0011110111011111
1110100110001111
0011011111001011
1111111100010100
1011110111001011
1011110110111111
1011101110111010
0110111101001101
1111101101011111
0111001011111011
1011110001101101
1111100001110011
0010101101111011
1011010111011111
1111001011111110
0111101111011011
1111110101111110
1011100011101111
0110011101111000
0111101110111010
0110101100111011
1111011111011010
1110000101111111
0111111101100011
1111001111101011
0111110110111001
1111101111110110
1011011111010111
0111111011110111
0011111110110111
1111111110101101
0111010111110011
1010101111011011
1110010111101111
1011010011111110
1110011101011001
1111111100110011
1011111001111011
1110101110011011
0110110111111100
0011110101110001
1111011001111000
1010111111010101
1111111011100011
1011111101011010