1100111011101101
0101111111111111
1001011011101111
0111011111111101
1111101111110011
1111111111111100
0011111011110101
1101110100111110
1111100111101111
0011111111101111
1111100111010111
1111111111001001
0111110101111101
1111111100011110
0110111000101111
1101111010101111
1111001011101111
0011011111111110
0110111110101101
1110101111001111
1111111100010011
1010011111110011
0111110110011111
1101101011100111
1101111111100101
1001111010011111
1011011000111111
0110011001111111
1101001111011111
1000111111111010
1010101011011111
1000111100001111
1001110111011101
1111010111111111
1010111111101010
1100111110110101
1111101011011110
1011111100111011
0111111101010111
1111111011111011
1101111111111001
1001110011011111
0110111011101110
1011011111101101
1011101111101011
1111101110101010
1110101111100111
1011111111010111
0011110111011111
1001111111101101
1111001111100101
1110011101100111
0111101111101110
0111110111110111
1101110110101101
1011111101110110
1100011101110111
1111011011110111
1111001110011111
0111011101100111
1101101011110101
1111011101101011
1110101111011101
1010111111100111
1111100111111110
1111011001111110
1011011111001011
1100111101101110
1101111001101111
1010111011011101
1111110111001011
0111110000111110
1010101111111101
1111110100010111
1001111011111101
0010111111110110
1100111111011101
1101111111010111
1001101110011011
1111110011101111
1111111101001011
1011110101011110
1101101110101011
1111110001110110
1011110100110111
1101110111001110
1101110100011101
1011111000110101
1111011001101101
1100111011110101
1110011111101110
1111011111010110
1111111011001111
1110111001010110
1100011001111101
0110111111000110
0011110111111011
1111101010111101
0110111101111110
1011101111011101
0111101110011001
0111110101011011
0011101011111111
1110110111111111
0111011101110110
1111101101111111
1110111110011101
1111011010111101
0111110011011101
1101110101100111
1110111011100101
0111011100110011
1101110110110101
1011100111110111
1010111111110001
1011001111101111
1111011111011101
1101011111100111
1011110100111110
1100011100111110
1110111010111110
0111101010100111
1011011011111110
1111111001100110
1101011111001011
1100011111110011
0111011110101010
0111110111101110
1011101110111001
1000111100111110
0110011110010111
1111110100101111
1110011110101111
0110011101011011
0010011110111011
1011110110111001
0111100011011111
1111110101100110
1101111100100010
1111111111011010
1110101010101111
0110111101110101
1011011110110111
0111110111101011
1011101111111110
1001111000111111
1111110111010011
1001110101011111
0110111011110111
1110001111011011
1001101011101111
1011111110101110
0010111011111110
1110111100100110
1111111000101101
0111001110101111
1110001110111111
1001111111110111
1110101011111110