1011111011011111
1111100110111111
0111001011101110
1001111101011111
1111111110011011
1011110111111010
1111111111111101
1110101011110110
1101011001111111
0010111011111011
1011111001111111
0111111111011110
1101111110111110
1111111100111011
1100101011111011
0000110101111111
1111011110111111
1000101010111111
0010011111101111
1100111111010110
0101110101011111
1111111101100111
1111111100101110
0100111011111110
1001011101111111
1101011101011111
1110111110011111
0111101010111111
1001101111000110
1111101101111111
1111111101111010
0011001011111011
1111001111001111
1100101011001110
0111110110101010
0111011101101011
0101111011011111
1000111111111011
1111111110110111
0010111011101111
0111110101001111
1101111011001011
1110110101011111
1111101111111010
1011100111011111
1110111011110010
1011011101101111
1110110111111110
1001110010111111
1111010111111111
0110110011011111
1111011001110110
0111110011101010
1001101011100111
0001101111111011
1011011011111110
1100111110101111
1111110110001111
1101101011101011
1110011111011110
1110011011001011
1111011101011110
0100001111111110
1011111111001011
1110111010101111
1011110101110111
1101111001110011
1111111111000010
1011111010111110
0111110001111011
0111011111011011
1110111101011011
1111100011111111
0111111111110111
0010101110111011
1101110011110011
1010111111111110
1001111011111011
1111110101011011
1001011111011010
1001111101101011
1101111010011111
1111101011000111
1111011001110011
1010110110111111
1100011101110111
0111111010011111
1111111010101011
1110110111101111
1111101011011011
1110001011111111
1111001111101011
1010111100111111
1101011111101111
1111100111111110
1111001111110111
1011111110101111
0110011111101010
1101110000111111
1111100111000011
0101110110101111
1111011011010110
1011011111100011
1110111011001010
1100110111011011
1010110111010011
1110111001001111
0011011111011111
1000011011111111