1111101101101110
1111110011111111
0111111110011011
0110110111101111
1111101111011010
1110101111011110
1111111011111101
1110111111001001
1111111111110111
1111101111001111
1111111110001110
1110111011111111
1111100111111010
1111011111111111
1110100101111111
1111110110111111
1011111111111111
1111110111111100
0110111111011111
1111100111101111
1111101000101111
0111111000111110
1111111110111101
1111101110011011
0110100111111111
1111111101111011
1110111110111111
1101111111111111
1111110111011011
0110101101101111
0110101101111100
1111111111011000