1110101111101011
1100110110111101
0111101101011111
0011111111110111
1001110100111011
1111100011101101
1111101111110001
1011111110110000
1111111101111101
0011010101011111
1100111101110111
1100111110111001
1010110111111010
1101111110011101
0110111011111101
1010110110110110
1111111111010001
0110111111111001
1100011111111011
0011111110111001
0101111111111000
0111101011011101
1010011111111101
1100111101101111
0111101111111110
1111011010010101
1000011010111111
1001011111110010
1111100101101011
1111011111101110
1011111001111111
1111010110111100
1110111111110010
1111111101111110
1111101000011111
1111011111100011
1101110111010101
1100111100111011
1111101110111001
1110111011001111
1011111111101111
1111010111111010
1111000011011111
1111101010111101
0111100111010111
1110100111111100
1111111101010011
1010100110110111
1010111101011111
1111100011110111
1110110010110111
1101011101110111
1111101110101100
0101011110110001
0100111111010111
0101111110011110
1110111110011111
1011101101111111
0000111111011111
0111110110110111
0010001111111111
0110110111111011
1111100110011011
1111011011001101
1111001011011110
0000111110111101
1111101111100110
1101110101100111
1101111110100111
1010111111011101
1111011000011111
1111011101111011
1111111010100111
1001011111111001
1100111001111111
1110111111110101
1101010111101111
0111110011110111
1111111011111100
1001110111110101
1010111110111100
1111011001110111
1101110001101111
1100111111100110
1011010111111001
1011011110111100
1100011111111101
1101111111011001
1111100111111001
0000111010111110
1101110111111110
1101110010011111
0111000111011111
1101101111111111
1101111011111101
1111111011111011
1101011001101111
1110011110101111
0001110100111111
1101011111101011
0000110110111111
1111110111011001
0101110001111111
1001110111011011
1111100111111010
1111001111111101
0110111111110110
0011101111111001
1011111111010111
1111111010101101
1011111100011011
1111010011101111
1101111111100001
1110110111101100
1011110110111101
1111111100110111
1111111001000111
1111110100101011
0001111110011011
0011111011011101
1110001110111010
0111100111111011
0111000000111111
1110101110110110
0111111110111100
1111100100111011
1011111110011100
1110110101111111
1011001110111111
0011010111111100
1101110111110001
1010111111111000
0101011110111010
1101011111011111
1101110100011111
1111100101011011
1011100011011111
1110000111111111
1111100010101110
1111010011111101
1111010111110111
1111111110001111
1111001111110111
1011101111011011
0100111111111100
0101111111110010
1000011111110110
1110001111011111
0111011111110100
1011101111111100
1111010010111110
0111111111101111
1110111111001110
0010011011111111
0111111010111101
1110101110111100
1111101011001101
0111100110011111
1110101011111111
0110011010111111
1111001110011011
0001110101111011