1111110110111001
1110010111101101
1111101110100111
1111111110000111
1110010011111011
1110010011011111
1111010011011110
1111101111111101
1110111101111111
1111011111100011
1111111011101001
1111110100110011
0111111111111111
1110110010110111
1111111110011110
1111111010110011
1111000110011011
1111010011101110
1111011110110111
1111100110110111
1111000011111110
1111111111110101
1101111111111111
1111111010111110
1111001110101111
1110011011111101
1111101100001111
1111111111011101
1110011111110111
1110100111011111
1111111110001011
1111110111100111
1111111101101110
1110101111100110
1111011010011111
1110111110101001
1011111111111111
1110111010010111
1110101010011011
1111110101011011
1111010101111110
1111110110101101
1111011001111101
1111111011100111
1111110001010111
1111111111111010
1111101101010011
1111011001111110
1111001101101111
1111100011101110
1110111111001111