1110101101101011
0011111111001111
1111101001101111
1110100100111111
0111101111011111
1111011100011101
0010111110011101
0101110101101011
1111111110000111
1111110011101110
1011110011111101
1011111011111001
1111111011110111
1110011101101111
0110100111111100
1111001111101110
1111111101111100
0111111101100111
1111000111111011
1101101100111110
1110101100111011
1001111101111111
0111101101111111
1010010100011111
1011001101111110
1111111001101110
0111001110111111
1110111110100111
0111111110010111
1101110111110111
1011111101111011
0110001111111101
1111101100011011
1011011100101110
1101111110110011
1111101110111000
1011100111111111
1101101011011111
1111111000111110
1001111111110011
1111110100111101
1110001110011111
1011111101010101
1011010111010101
1110110111000011
0111100111100110
1110010111100111
1110111110110101
1010111111110111
0111111110101100
0111110110110111
1111101111001111
0101111111101001
1101111111110010
1110011100110110
1111111111101010
1011101111101111
1011001110011111
1111011011111111
1111111111011110
0111110110011111
0111100011101111
1101011111111111
1111100101111011
1111011110110010
0111110111100011
1111110101110111
0011011100111111
1100111111111111
1110111011111101
1101111000111011
1111101001111011
1110111010111111
1011111100011101
0001110111111111
0111111111001101
0101110111111101
0111011111100011
0111111111110001
1111111110101011
1111110001111111
0110110111101111
1011010111011011
0110111111010111
1011110111001111
1011111110111011
1111111110110001
1110011111100110
1011111010111111
1111100100101111
0010110111111101
0011111111111011
0110111111110110
0011010111101111
1111000111010111
1110111101101110
0101111111110111
1111111111100001
1111110111111001
1010111111111110
1001110110111100
1001111011111011
1101111100110111
0110111101101111
0101101111101101
1011110111110010
1010010111101111
1111111100010101
0011011111111101
1111101001111110
1111101110110111
0011110101111111
1101111101011101
1101111101010011
1110111111101101
1110011111111100
0011101111111111
1110110110110010
0111111101111110
0110010111111111
1111111100001101
0101110111101110
1111100010101111
1101111111001011
1110101111110111
1111101011111101
1110111111010101
0111011100101101
1111110111101101
1011111011101101
0111111101001011
0101111110111111
1011011111001011
0011111100110111
1011111100100101
1101111010111101
1011101111111101
1110111111111001
1101101111111011
0110110111110011
1110101011111111
1011111110010111
1101111100101110
1111111101011001