1111100101110110
1111101001101111
0011111101110110
1101101101110101
1111001101101101
1011110111111001
1101111110111111
1111111101110011
0011011111111011
1111001110110001
1011111111101100
1010111111101101
0110111001111101
0111111001111100
0110111010101101
1101111011101111
1101011011111111
0101011111101010
1110111100101101
1011011111111101
1000111111111111
0010111111101111
1011101111111001
0101110111101001
1110011111101101
1110011001101111
1111001110101011
1101010111111011
0111101101111001
1111110101101110
1011101101101101
1111101010111101
0011111011110110
1110101111101111
0011101011111111
1111001111111010
1111110110111101
1011101101111110
0111111000111111
1011111111110101
1111111111011111
0011101111110111
1001110111101111
0111110110101111
0111010101111000
1101101011111101
0111101101101100
0011110111101111
1110111111110110
0111001101101111
0011110101111010
1100011111111101
1111110011111111
1101110101111111
0111110101101111
0101001111111111
1111100100101111
1111111011111011
1010111010111111
1111001101111100
1011100100111111
1110011111111110
0010111101111111
0001101111111101
0111111110111110
0011101110111011
0011011110111111
1101101111111110
1100111101111110
1011111010111101
0111100111111011
1010101100111111
0011101100101111
1011111101101011
0101111101101111
1111101110110110
1111011110110100
1010110110111111
0111111101110100
0111111011110101
1111111110101110
1111100110111010
1111111111100111
1010001110111111
1101111101101100
1110110111101111
1111110111110101
0101110111101110
1110111111111011
1110111101110111
1111000101111111
0101011101111101
1111010111101010
0001111111111010
1110100111111110
0110011111101111
0011101101111101
0101111111111100
0011111111101010
0111011111110101
1111011011101101
1001111111101010
1101011111101001
1111101011111110
1001111111110111
1001011101101111
1111101111101010