0011111101001111
1111001011111010
0101011110111110
1101101111000011
1011011011101011
1111011101101110
1110101111111101
1010111111101101
1001011110111010
1010010110011111
1111110101001011
1010101101011011
1101100111101110
1110100111101110
1111110101110011
0101111110101110
0011111111010111
1111111111110000
1110111101011101
0101101110111111
0010111011110110
0111111011010110
0011110100101111
1100110111111011
1011100111011011
1010101010011111
1111110110011011
1100110111010111
1101111111111101
0011100101111111
1000110111011110
0110111010011101
0111111111110010
1111010101011110
1011011111110110
0100101111111010
0111111110111010
0110011110101100
1101110110101011
1100010111101110
1001111111100111
1110111111110101
1100111111001110
1011111111101010
1001111011101111
0111111110111001
1100011111001111
0111111101000111
0110011111100111
1011111101010001
0111101111001110
1111100111100110
0111111101010110
1111101010101100
1010111111110011
0100001101111111
1101111011111110
1011110101110111
1110010011110111
1011011011011010
1111010111110010
0110111100111111
1111111100001011
1011100111001111
1001110111011011
1011111111010110
0111011101101111
1111110111100010
0011101010111111
1111111101001101
0111000110101111
1101100111010110
1011101010111110
0011000111101111
1101111111100010
1111110011111110
0111111101110101
1011111100101101
1110101110001111
1111010111010110
1011010110111110
1001111010111111
1011010110111101
1110101110111110
0111011111011111
1111110111101101
1111001111110110
0101011011101111
1011001111001100
1101100101111011
0110101101111110
1111001110111110
1011111101111110
0111001101111101
1101000010111111
1110000111001111
0111101111100111
1001101011110111
1011111100111001
1110000111111011
1111110011011111
1000101101001111
1011101010111011
1111010101111010
1110011100111111
1111101111101010
1100000111011111
0111111101111011
1111110110111001
1011001011110111
0110101111011111
1111111110011010
1011110110101110
1111011110011100
1000011110011111
0111011101111100
1110111101111100
0111100111111101
0111100111110011
0110110111111111
1101110011100111
1111101100111011
1110101101001011
1100111111101010
1101111010001011
0111111111000100
1111000011100111
0111010111110111
1000011101110111
0101111010111011
1110011111010110
1111010101101111
1111101101110111
0101111111011111
1111000011111011
1111010111000111
1001011111101111
1111100111110010
1101001111111110
0011110110011111
1111011011001110
0101011010111111
1011000111111110
0011111111111101
1010100101101011
0011110111101011
1100111101110011
0110101010111111
1101101110011111
1101101011001111
0111110111111010
0111110110101011
0111111111000001
1110100111000111
0111100101011111
0111101110011011
1011001101111111
1111010111011011
0101010110111111
1111111110110111
1010001111101110
0001010111111111
1011110111111000
1111111011110011
0111111011101100
1010110111111001
1001100111111010
0111111010101111
1010110110111011
1011101111010111
1111000111011110
1010011111000111
0101011111100111
1111111101101100
1111001101011100
1000011101111011
1011011111110101
1111011010111010
1100111011111111
1111000110111011
1011111011110101
0011011010111111
1110111011111011
0101110111111011
1101101111010010
1101010111110111
0110111101110111
1001001011111111
1010101011101111
0111100011111111
1011001010001111
0111011111111011
1111000111110011
1011111010111101
1101111101111110
1110010101111111
1011101110111010
1011110111010111
1101011011001111
0001111101110111
1110011110111011
1000110110101111
1110011111011011
1101111100111011
1111100101011011
1000101111111011
0101101111101111
1111001111101011
1100100100101111
1010001111100111
1111100010101111
1111110111011101
0100111110111111
1110111011101110
1101101010101011
0011010111111110
1111111010011100
1111111001111111
1011111110001011
0010101110101111
1101101101011011