0111111101111010
1010001111111101
1111110111101010
1101110011111011
1001111111100101
0110011111111101
0110111111100111
0111100101111101
1100111101110111
1011110011111111
1111101110111011
0111110111111110
1011101111100001
1001011110111011
1111111101100100
0111101111111110
1011011101111000
1110111011101010
1111110111110110
1110111001110001
0011111001101111
1011111111101110
1110101111111110
1101011111101101
1001111011101011
0110111101111111
1111101111100100
0101111111111010
1111001101111010
1000011111111111
0011111111111100
1011111111110110
1001011111111110
1010111111110111
1011111011111101
0111001101110101
1111100011100101
0111110111111011
1001011111100011
1111001101111001
1111111111011111
0011001101101111
1001011100111111
1100111111100101
1011101101100101
1111110001111101
1110110111110011
1100111100111101
1110110011101101
0111110111101101
1011111011111110
0111011111111110
0101011101111011
1001110111110101
1101111000111011
1111010111111111
1101110111101111
1111011011111101
1111110100110111
1101101111111111
0110011011111011
1110110111100111
0111111110111111
1110011101111110
1011001110111101
1101110011111101
1111101110110101
1111110111111001
1110101001100111
0111101111101101
1111011101100110
1011001101101101
1111111110111110
0101111101101111
1111101001111110
1111011011110111
1011011110111001
1111111110101111
1110110101111111
1110011110111011
1001110100111111
1101111000110101
0110110011111111
0111100111110111
1011101011111011
0111111111100011
1010101100111101
1111101011110011
0111101001111111
1101111111101110
1111111101101011
1111011001111111
1011001101110101
1011011110110101
1100011011111110
1100011111110101
0011111101111011
0101111101110111
0110111011110010
1011110110110111
1010111111111011
1000110111111111
1101111011110001
1001111110110001
1011100101111110
1111101000111101