1111100111001111
1111110110111001
1111011110011101
1111110011110101
0011000111111111
0101111110011010
1110110011101111
1111010111101100
0101011111001111
0101100110111111
1110111111111101
1011110111111010
1111111101110010
0111110101111110
0011011111111011
1111101110111011
1111111100011001
1010110111011111
1011110111011110
0101110110011111
1101111011101111
0101001101101101
1101110101101100
1011001111111110
1011111110101011
1000111110101111
1111111001101111
0111011011101010
1111000111101101
0111101111011001
1101011101110101
0000111111101111
0111011011001100
1011110101111111
0101111110100011
1011111110110111
1101111110111101
1110111101111111
1111111111001011
1111110100011100
1110111011110111
1110111011001110
1110101111111111
1111010111000111
0111101111011010
1101100111101100
0111101101111000
0101010101101111
1111111011101001
0001110111111011
0111000101111101
1111001111010111
0011101110001111
1011011111101011
0111011110111111
1111100011011111
0111101011001110
1111111110110101
1101111011111011
1101010111101101
0011011101111111
0101100011110111
1001110111011111
0101011011011111
0111111011111001
1111101111100111
1001101111011111
0111111111110010
0101000101111011
1101011111111110
1001011111001111
1011110011101111
0011101110111110
0100111011011110
1111110111110011
1011100111110111
1111101011011100
1111110101110110
1101101011111101
0101001111111001
1101101111110110
1101111111001101
1111111111110100
0111010011101011
0101111111101110
1111111010111111
0111001011111110
0101101111001111
1011011011111111
1111111101010111
0111000111111000
1111011101111001
1111110001111111
1011111111110011
0101101111011011
1111101110010110
1101101111111000
0111111111010111
0101111101100011
0111110111110101
0011101111011110
0111101011101101
0110111011101110
1111110101100111
1111111001011111
0110111111110111
1111001111110011
1101111101011111
1101001111001111
1101001101110111
1111101101101100
1101011111110001
0111111100111010
0010010111101110
1111111100110111
1110011110001110
1101100111010111
0111010111011110
0110110111001111
1111001001110101
0111001101011111
1011111111111101
1011110110111111
0101110111111000
1101111011011101
0111111101001100
1011111101011111
0111011111101000
1111111110001101
1111011110100111
1110111111111011
1011111100111111
1111010011111101
1101111110110010
1011000111101111
0111011011011010
1011111111100111
1111111100001110
1111101001110011
1111001111011010
0011110111001111
1111111101101010
1100111111101110
1111011001111110
1001111110011111
0010111011111111
1111001110111110
0011111111101011
1011111101111110
1001011111110111
1101011110011111
1110110011011111
0111111110101010
0111111101100001
0111111100101110
1001111001110111
1101110110100111
1111010101111010
1100111110011111
0111100110011110
1011111011101110
0111111110110110
1111010110011110
0001111110111010
1111101111101011
1101011011111101