1110110011110101
0111111111111011
1100110101110101
1111100111110111
1110110111101011
0111111011011101
1111111111111110
1001110111110011
1010101101111011
1111110110100101
1100111101010101
0100111001110111
1010110001111111
1100111111101011
1101111011011011
1111100100111101
1101111101101111
1101100111111011
0011111111101111
1010110111011011
0101101111010111
1011110011011101
1101101110010011
1111111100011111
1101101011011111
1111111100101111
1011100101101011
0111111011010111
1010111011011011
1001111110111011
1101111011001111
1100111101110011
1101110111010111
0101110111001101
1110110101011101
1011110001111011
1110101101001111
0011110111110111
1010101111101111
1101111110100111
0111101111011101
1101110110101011
0110111101011111
1110110011101101
0111110101100111
1001110101111011
1011111011000011
0110100111111111
1011100110011011
1110100101101101
1001110111110101
0110101111110111
0101101111001111
1101110000110111
1111110110001111
0110110111101111
0101111111110101
1010110111110111
1010111101110011
1111110001010011
1110101011011111
1111110010101101
0111111011101111
1111101110010101
1000111111110101
0011110111111101
1100110011111101
0010110111011111
1011100110101011
0111110101101101
1111110110010111
1110110001011111
1101111111000111
1110100111011011
1110111110111111
1100110111011111
1110111111100011
1011111101011111
0001111101110111
1011100001101111
1111111001111101
1111111111111001
1001111100110111
1011111111001101
0100110101111111
1101101100111011
1111101011110011
0111101001111111
1010111101100111
1111110111100011
1111011111111111
0001111100111101
1111110111001011
0011111110011111
1011101111111101
1101101101110011
0010111111011101
0111110110111111
0111101010110101
1110111011010111
1111111001100111