1010101110101111
0111110111011111
1111110100111000
1110101011101111
0111111101011001
1001110101111101
1101011111011011
1110001110111100
1001101111111101
1011101101011111
1011001111111111
1110111011101011
0111011000111101
0011111010111101
0010111111101111
1011111001111110
1110111100011111
1111101110111001
0111111000101111
1011110111011001
1001111111111100
1011101000111011
1011111011011011
0011111100111011
0011111101111101
1111110110011011
0111111110101100
1111111111110111
0101101110101110
1001110111011111
0111011110101101
0101101111111010
1001111010011111
0001111111101011
1001011110101111
1111010100111101
0111001101101111
1011011110111101
1111110001111111
0011111111111001
0101101101011011
1101111011111110
1111110010101100
0111111001101110
0011111101011111
0110111101001111
1110011101111111
1011110010111101
1111001010011101
1001011001111101
0110111110111111
1010111111111110
1111111011111000
1101011101101001
1010011110011111
1110101001111110
0010110101111111
1010110100111011
0011101111111110
1111011110111011
1011010111011111
1001101111111010
0011101011011101
0011011110111110
1001110111111001
1100111110011001
1101110110111010
1111011001111110
1111011111001001
0110011111101010
1101111001101111
0101101110011111
1000111111011101
1111100111111111
0111101001111011
1110101110011011
1101101111111001
1110011011101111
1101110111011011
0011101111111011
0000101011111111
0001011111011111
0011111111001111
1100110111001101
1011110110101110
1011111011111001
1111001111101101
1111111101001011
1100111101001111
0110101101111111
1110110110111010
1101010111011111
0110110111111001
1001101010111111
0101111010111001
0101101101001111
1010111111011011
1011110111101100
0101001111101110
1110110110111101
1010011011111111
1101011111111000
0101011010111111
1111011001101111
1011111011111100
1010111011111101
1101111011001111
0011111010101111
0101110111111111
0101011011011111
1001010011111111
1101001111111101
1111111111011110
1110101111101100
0011101110111111
0110111111011011
0110001111011111
1010101100111011
1011111101101111
1110111010111111
1111110011111011
1100111110101111
1111111110101011
0101101011011111
1101011010011101
0001011111101111
1110101101011011
1101110101011101
1111010010011101
1111101001111101
1011111110111001
1001011101011111
1100111011111001
1111011011101010
1101111101111110
0110111011001101
1011101110111010
0101111100001111
1111101101101110
0001111100111111
1011011011101110
1010101011111011
1011101110111100
0111110011111111
1111001111101010
1110101101011101
0101011111111101
0111101010101111
1111101101101101
1001010111111010
0000111001111011
0111010111111101
0111111110011101
0110101111111011
0011010111111111
0111001110101111
0100011011111011
1111010111101111
0101101111101011
1010011110101111
1100101111111011
1001101101111111
0110011111011101
0001111011101101
1110111100111110
1100110101101011
0110110101101010
1011111110101101
0010011111011111