1101101101101111
1011011101111111
1110110011101111
1110101110100111
1110111110011011
0010101111101110
1011101111111011
0110100111111110
1111111101110011
1010011111011110
1111111111111101
1101111111001111
1110001111101111
0101111010111111
1111101100111011
1101111011011011
0111011011101111
1111101010111110
1111001100010111
1010001010011111
0100001110111111
1111011100011110
0111101101111010
0101001110101011
0111111010111011
1011111101111010
1110100111101110
1111110111110111
1011110101111111
1010111110110111
1111111011110110
1111010011111111
0011110011111111
1101010111111011
1110111000111110
1111110101101110
0110101111011010
1110011101110110
1011111111011011
1111111100101111
0111111011010111
1101110101111011
1101111000111111
1001011011101011
0101000111011111
0111101010111111
1000111110111011
1110111111000110
1111111110110110
1110000110111110
0011011010011111
0111111000111111
1110101111001111
0110110110011111
1100100111111011
1010110011111011
0010100110101111
0101110110011011
1001101101011111
0110110110101011
1111111001101011
1111101101100110
1111010111011010
1011011111110110
1101111101101011
1101110110101011
1101011011010111
1101000100111111
1011111011111110
1111110101011111
1011101011110111
1001101110111111
1110100111011110
1100011111100111
1101111111111110
1110111011110011
1010110110111011
1110111101010110
1101111100011011
0110110011011111
1010111111101011
0111101111110111
0010111111001111
0010101101111111
0000111111110011
0110011110101011
0110111111010111
1010110110011111
1111111110110011
0100110001111111
1110111001111011
1110000110111011
0010101111011111
0110111100111111
0111011100010111
0011111111111010
1100111111011111
0011100110011111
1101001111110111
1111011010011011
1111101111100011
1110111010001111
1111100011111111
0111111110111110
0111011010110111
0111100101101111
1110111011011110
1111010111101011
0111011001111010
1111110110101110
0011111011101011
0100011101111111
1010101111110110
0110101101101011
0101011110011011
1110101101011111
0111001111011011
0110101001101111
1110011011110111
1101111001010111
0110001001111110
0111110011011010
1111011111001011
1110011110010111
1111100110111010
0111011101100111
1111111010101011
0111110101101011
1111101001011010
1011010111101111
0101110111101111
1011110011011111
1111001110100111
0110111001110111
0011110111001110
1010111001010111
0110011101101111
1100110110111011
1011101101101111
0101111100111111
0011001111101110
1001111110011111
0111110010101111
1001111101010111
1110001111110010
1111001111011110
0101111101011111
1111111101000110
1111111111000011
1101111110110111
1001110111111111
1100010111111111
0011011111101011
0110101011101110
1111111001100111