1100010111100111
1111111011110111
1011110111111011
1011011111010011
0110111111011010
0001011101111111
1101111111101011
0110101101111111
0001110001011111
1000111101111010
1100111110111101
1011110101111110
1000111001111111
1111010011111111
1110111100111011
1111111100011111
1110101111111110
1000111111111101
1010010111111101
0111111111000111
1101101111101111
0111110011101111
1001011111101110
0110111101010011
0110101111110011
1101011101110111
0101111111010111
0111011101110111
1111100011011111
1011010111100101
1001111110111011
1010111011111101
1111111011111110
1111111111110110
1010111110111111
1010111111110101
1111111010111101
1101111101111101
1111000111010011
0010111111111110
0101101101111111
1111010110100111
1011111110011011
0111111111111101
0111101101010111
1111100111110101
0111100111111111
1111010100111101
0101111111101111
1011111010001111
1110001101111111
0110111001111111
1110110111111110
1101010101111010
1110111111101001
1011111111011110
1111111111011101
1011011110111101
0101010101111111
0110110111101111
0100010111111111
0111010101111010
1110011111011111
1110100111011111
1111111011111011
0111011011011111
0110111111001111
1100111101011110
0011010111101111
1111100110001111
1111111101101111
1110111100110111
1011011011101101
0001011110111111
1111111110111110
0111110111110111
1100101101011111
1101101101011110
1101011011001111
1111011111111100
1110111011101101
0111001111111111
0101101111011110
1111001110001111
1011101111111111
1101111100111011
1110000111111111
0011110110111111
1100111011011111
1100111111101110
1111011110111001
1101011110110011
1011011111001011
1111111110100011
0111011111101110
1111111110101101
1110011111111011
0111010110111111
1110110010111111
1101110110111111
1110111101011010
1101011111110101
1100111110110111
0101111111011011
1110101110011011
1011011110101111
1101110111111101
1101101111111011
1010111101111101
1101111010111111
1001111111110111
0010110111111111
0111111110110111
1011111110010111
0110011010111111
1111001111110001