1010011101111111
1011101110101111
1110000011101111
1101001110011110
0101110011101110
1000000111111110
0011111110101111
1010111010111110
1111111111111101
0111101110101110
0111101100101111
0001110110111110
1011110101011111
1101011011111111
0011111101111110
1010101011101111
1111100100011111
1001010110101111
1111001010111111
1111101010101110
0011011110111111
0111111111011111
0111110100111111
0011100111101111
1001110011001110
1101111101111111
1010111001101110
1010101010111111
1111000001101111
0101000110111111
1011001101001110
1011011100001110
0011101001111111
1110111110101111
1111011011011110
1110110101101110
1110001001111111
1111100011011111
1111111111111011
1101100110101110
1110011010111110
0111101000111110
1111111111110111
1011000111101111
1111001011101110
1111010011101110
1110101100111111
1110111111011111
0111101010101111
1110110110111110
0111000001111111
0001101110111110
1111110101001110
0101100111101111
1111101000101111
1001001111101111
0001010111111111
1110001110111110
1011000110111110
1001111010001111
1101101011111110
1011111010001110
1100101011111111
1011100101111110
1100110111101111
0111011100101110
0110111111111111
1011011011111111
1111010110011111