1110110011110101
1111011001011011
1101011111011011
0101111011101011
0010111111010101
1110110101111100
1011011111111101
1011110101111111
0110011111110001
1110111111110010
1111011101101000
0111110101110010
1001111011011110
0011111101111100
1110110101110101
1011011101101011
1010111001111101
1100110111010110
1111010001111101
0110010111101101
1011111101110100
1001101101101011
1001110111011111
0111111001111000
1101110011110111
0110011001111111
0100111011011111
1101010111101111
1101110011011111
1101111111001101
1011111001110111
1010111111101011
1110011101011111
1010011101101111
0011111111111010
1110111111101110
1011111101010011
0110110111101001
0011110111011110
1101101111111110
0111101111101111
1010010111101111
1011101111101001
1111110011111110
1111001111111111
0111110001011111
1011111101011110
1110110111011101
1111010111110111
1101111111101110
1011111011101100
1010101101101111
1111101111101000
1001111011011001
0110010111111100
0001111111111110
1111101011111111
1111010101111011
1111110001101111
1111011111001111
1010111001011111
1111100101101111
1111111001010101
1011111001011101
0110111101111000
0110110001110111
1111011111010111
1100010011111111
1101111101110101
1111110101101110
1010111111011010
0101110111110111
0101110101011111
1101111001111000
0000111111011111
0010011101111111
1110111011111110
1101111101011010
1101011111111110
0111111111011011
1110111001011101
1110111011110011
1111110111011010
1011111001101010
1111110011111011
1111111111011100
1110011111111000
0001111101111101
1100111111111011
0111111011101101
0010110111111101
0011010111101110
0101101111111011
0111011101110100
1111111110111111
0111111101101111
0101110011111101
1111111011010011
0110010011111111
1111111111100111
1101111101101101
1100111111101101
1111100101111100
1110100111101101
1011011011101111
1100111011110111
1110111101110110
1011101111111110
0001011001111111
0001110111101101
0110011111011111
0111111001110110
0010111011111111
1100110111111100
0111011011110001
1111101111110111
0011011011111110
1111101111011111
1010111011101111