1100111010101011
0111011111110010
0110110101111111
1001011110111111
1111110100111111
1111101111111111
1111011101101001
1111111110100100
1111010111100111
1001111111100010
1101111111111101
0111010010111111
0110111111110011
0011110111110111
1100111011101110
0111111111111101
0111111110111010
1110111111110110
0111111101101011
1111011011111101
1100110101111110
1111110110101000
1010111010111111
1111110111100110
1001110111101110
0101111111110111
0101111101101111
1110111110111110
0100011110101111
1010011110110111
1111111101110111
1111111100111000
1011110010111000
1110111111100101
1101111010100111
1101110110111110
1011011111101100
1011011111100010
0001111111111111
1010110111110101
1010111011110101
1101010011111011
0011110001111111
1001011101101111
1101110101101010
0110111101111011
0011111011110010
1110110111110001
1011110111100101
1011110011101011
1010010111111110
1110010110111101
1111010011111110
0111010101101111
1111111100101111
0110111011111011
1010011111101010
1101010010111111
0111111011100111
0011110111101011
1111011110101011
0101110111111111
1111111111011111
1111011001101010
1111011010100110
1110111110110001
0110111010101111
1110110011111011
1001011011111111
1011111000111111
1011010111111011
1111110110110001
1010110111101111
1111010001101011
0111011010110111
1101110011110011
0111011001111011
1011010111101110
0101111010101011
1001111101101011
1110110111111010
1111011110110101
1111011100111011
0110110110100111
0011011111101111
1111110111110100
1101111100111011
0011110011101110
1101011111101110
1110010111110111
1011111110101111
1101111011101010
1011110101101110
0111110010101111
1000011111110111
0100111110111011
1110011001111011
1010011111101101
1010011111100011
1010111101111111
1001111110110011
0010011111110111
0101111010101110
1100110110100111
1111111000111011