0101111111111111
0111010011111111
0011111101110111
1110011110111111
1111001110110011
1111110101111011
1110111101110011
1011110111110111
0111000101011111
1111100111011110
1101101111111111
1111111111111101
1111111011111010
1111111110010111
1111111010110111
1111001011110111
1111111111101111
0111111110111111
0111111011110011
1100011101111011
1100111101011111
1111101010111110
1111111111011010
1000111110011111
1110011011111011
1011001001111011
1001111111010111
1101110011110011
1110101111010011
1011111111111110
0111001101110111
1111111100110111
0111011111111011
1000111110110111
1111111101111110
1101110111011110
1011100111111111
1111010111111011
1110101110110111
1111110011111110
1001011011111011
1110101011111011
1101010101111111
1011111101011111
0110111111111110
0010101111111011
1001011101111111
1111001111010111
1001111111011011
1110110111111111
1100111110011011
1111011011011111
1011111001110011
0110011111011111
1111011111111110
1111100000011111
0111101011111111
1110111011011011
1001110001111111
0010001101111111
1011101111110011
1010101101110111
1011101100111011
1110111011010111
1100111000111011
1111011100111111
1110101011111110
1110011111110111