0110110111011111
1110110010111101
1101111111010111
1111011111110111
1001111111111000
0111111100101111
1110110100011111
1111111001110111
1011111011111001
1011111010110101
1110011100111101
1010111110101011
0101111110111011
0000111110110111
1101011001111110
1010010101011101
1010110100110111
0010111011111011
1011110111011010
1100110001011111
0111011101111111
1111111111110010
1101111110111101
0110110011110011
1111101111111111
1100111101110100
0100110101111101
1101010011111110
1101111100011111
1010011111111110
0101110111110111
1101011001111101
1111110010110111
0101111111111010
1101111000101111
1000011111111111
1100110101111011
0111011110111111
0111111101011100
1011110111110011
1101110110011110
0010011111111111
1010111011110011
1111111110110110
1100011110101111
0011011111111110
1010111111110101
0110110010111111
1110111011111110
0111110101111010
1010110001111011
1010011001111101
0100010111111101
0011111110001011
1010011110111111
1110011110011111
1011111101010111
1110011110111100
1110011111011100
1001111001111011
1111011010001111
0111010011011111
0001010111111111
1001110101111010
1011011111011110
1110111001011101
1011111101101111
1111111001011100
0111111001111111
0111111101110001
0011111011001011
1111111111101101
1011011111101110
0010110111111110
1111011101011110
1111111100110001
1010111111111100
1100111001111101
0110111111101011
0111110100111101
1101010110111110
0101110011111111
0110111100111111
1111111010001110
0101110101111011
0110111010010111
0111111010011101
1111011111111011
1000111010101111
1110111111011011
0011111101111110
0111111100011101
1111110001011110
0011111111011010
1101111010111011
1011110111010111
0110111101110101
1111111111011001
1100111110101011
1111111111100111
0001111111001111
1100010000111111
1111110111110101
1101011111011110
0110110110111001
1000111100110111
0101011111111100
1111010011111100
1111111110111000
1011110011011111
1000111000111111
1000110101011110
1110111100111001
1101111111101110
0011111110110011
0111011111101111
1001111110011011
1011011111001111
1100110101110111
0011111101111011
1000110001111111
0100111101011111
1101011110011111
1111110101111001
1101011111011101
1011111011110100
0000111011101111
0111110110111110
1111111100111110
1011110011111100
1001111011111101
1100111110011111
1011010011111101
0100111010101111
1111110111101111
0110111111110100
0011011111011111