1010001111110011
1111011011011011
0111011011110110
0111011111111100
1110111101111100
1101110101110101
1001110111110011
1100111101110111
1110111011010101
0110101101111111
1111101100111011
1111011110110011
1011101101011111
1101010111011111
1001011110111111
1101110100111111
0111001011110111
1101110111110110
1111111010011001
1011001111011101
1001110101111111
0111111111011110
1010111101111011
1011111011111011
1101111011110100
0111110011111100
0001011111111101
1110111011110110
1100111100011111
1010010111111101
1011011111111110
0011101100111101
0101101011110111
1000101010111111
1011111111011011
0100011111010111
1111011011111001
1111001111110101
0111111111111010
1111111111010110
1111100011110111
0001111011111101
0111011110111111
0110111010110111
1111111110110101
1001111110111011
1111101111111000
0010011111111111
1100111111110011
1111111101111000
0101101100111101
1101101110011111
0100110111111111
0011111111111110
1010110010110111
0110111111111101
0111111110111011
1110001011110111
0110111101011111
0100111010111111
1000110111110101
1111110100011001
1011110111111000
1111111011110011
0111110011110110
1110101101111110
1010110110111011
0101110101110111
1111111101010111
1111111111010011
0001111011110111
1000111111010101
1110101111011011
1101111111111010
1011111110111010
1100110110011011
1110111110111101
1110111100110011
1111100111111011
1111111111101111
1101101010111011
1111111111011010
0010111101111111
1101111111011110
1111011101111111
1000001011111111
0111101111010111
1011110011110100
0100011011111110
1001110110111101
1110111101110101
1110111010010111
0001111111010111
1000101111110101
1011101100111110
1111101110110111
1000110110111111
1001000111111111
1101111101011101
1110011111111100
1101011011110110
0111110111011011
1111011111110010
1001101111010111
1111110010111000
0111111111110100
1101110110111001
1111100111111101
1101110011111111
1110101111011110
1110111011011100
1111110101111110
1010111100111111
1110101111110110
0111101101110001
1111100111111110
1110111101011110
0111100111011111
1101111011011111
1001110111010101
1110011010011111
0101101011111110
1010110111011110
1111001110111111
1110011010110111
1111111001111111
1010101111111100
1110111111111001
1100110101011111
0111110110111111
1001110111111110
1111110011011111
1010110111011101
1101011011111101
0011110111111111