1111100110111111
1001111111011111
1110011110111110
1011011111111111
1101011101011011
1001101111111101
1100111110011101
1011100111111000
0011111110111001
1111001111001110
1101110100111111
1101111101101111
0110111111011111
1110101111010011
0100011110111101
1101001111011011
1011111111001100
1111101110011111
0101111110101101
1110011101101001
1110111101111000
1101111110111110
1111111111110000
1111110101101111
1111100111110010
0111101111110011
0111101111111101
0111010101111111
0101111111111010
1111111110011110
1111001110110110
1001100111111111
1111101101111111
1001111110111011
1101011110101101
1111111011111111
0111110101111011
1011110111011011
1101101111011001
0111010111101100
0011110111110111
1101111101011010
1101001111110011
1111011111110101
1100100111111111
1111100111110101
1111101110101110
1011100111011111
1110010100011011
1101011100111111
0111011101101101
0111010111111011
0001111101111101
0111111100011111
1111110101111010
0111101110111111
1110011111011110
0101101111011011
0011111101011111
1111111110110011
1110111110111100
1101111101111000
1111111101101110
1011101111010101
1111001111111101
0101111111110111
1100110101111100
1110110111111001
1111101110110101
1110011111011001
0111111111010101
1010111111111111
1101110111011111
1011110110111110
0011110110101111
1111011111110010
0111111111110100
0111010110111101
1111111111100111
1101111100111011
0011111100101011
0110111111101111
1111111101110111
1111000111111110
1110111110111001
1110010111110110
1111111110001111
1101111111101110
1110010110011101
0011110111111000
1101101110101111
0110101111111011
1011111101111110
1111111100111101
1110110110101011
1011110110011111
0101010111101111
0111111110110111
1111010110101010
1011110111101001