0011111110111110
0111111101111011
1101111011101101
1001111100101101
1011011101111111
0110111011111111
1011110100101111
0011111111101001
1110110011101111
1110111000101111
1011111001111001
1101110111111110
0011110101101101
1111010001111001
1111011101101110
1110101111111101
1101000101111111
0110111100111111
1101011000111101
1111011100111100
1111110110111010
1011001111111111
1111011111111010
1001110101101111
0111011111101011
1011100010111111
1100100101111111
0011101011111101
1111100101111110
0110101111111111
1001111101111010
1100010101101111
1010111111111111
1001110001111011
1100111110111101
1111001010111111
1111101101111001
1011110101111110
0101001111111101
1110111111111100
1011111110111001
1111000111111101
1111011110101001
1111111100111011
1111111010111011
1001011010111101
1111101111101111
1111010000101111
1111110000111101
0110010101111111
0111111011111011
1101101000111101
1011011111101011
0011011111101111
0011010111111101
1001100101111111
1011101101111110
1110111111111011
0111110110111001
1111111011111110
1101011110101110
1111011011101001
0111100111111001
1111111111110111
0001111110101101
1001111111101100
1111000111111110
1101010110111011
1111001011111101
1110011010101111
0101111100111110
1111111111011111
1110110100111110
0001111111101010
0111011110111001
0111111100101101
0111011100111101
0101110000111111
1111111111111000
1101110111111101
1101111110111010
0111110001111101
0111110110111110
0100111111101111
1011101011111001
0111101100111111
1011111101111100
0111111010101111
1111001101111110
0101111110111001
0111011011101101
1110110100111101
0011111100111111