0011111111110110
1101110101110101
1110111111111101
0111000101101111
1101101111110101
1011101001111111
1001101111111101
0111111110110100
1101111011101111
1111000011100111
1100111101101111
0111101111111110
1110110111110111
0011011111101101
0000111111101111
1111101101110110
1110011111101111
0111010011101111
0111111110101110
0001011111111101
0100111101111110
1010001111110111
0111000111111101
1010011011111110
0011111111111100
1111110111111110
1111001101100111
1011111011111101
1111010110111111
0111110110110111
1010110111111111
1111001001101111
1111111111011111
1101111110100111
1010011110111111
0101011110110111
0111011001111110
1011011011100110
0101010111111101
1111000001110111
0101111110110110
0101101101111101
1111101101100101
1101011111111100
1101111101100111
1111111010110101
0111101011101101
1011101011101110
0011010111101111
0110111101110111
1101011101111111
1101110001110111
1011110110111101
1101101001111101
0111110101101101
1110110110101111
1001111111101101
1101101111111110
1111101001111110
0110011110111110
1011111001101110
0100111011111111
0111010101110101
0111011101100110
0100110111101111
0011001011110111
1111111100111111
1111111111111011
0110011111110110
1111101111110100
1111101110111110
0011110110111111
0110011011111110
1111001011111101
1101100111101111
1100111111101110
0011001111101111
0010111011111111
1111111110101101
1110110010111111
1101011111110101
1111011010110110
1001111011111111
0111101111100111
0101110111101101
0011111010100111
1111110001101111
1111001110111101
1111001011100110
0111111001110101
1101011010111111
1111111011101100
0101111001111110