1110100111110111
0010111110111110
0111111011111110
1111100111110110
1011100101111111
1111110110011110
1111011111101111
0110101111100111
1001111101111111
0111111011111101
0110110110101111
0001111011111111
0010010011111111
1110110000111110
0111010111110110
1110101111011100
1110100111101111
1111101101001111
0110101110110110
0111111111011111
1111100001101111
1011111011000111
1111111011001110
1011010110111111
1010100111111111
0111010010110111
1001111111111100
0101101111111101
1010101111100111
0111101111111100
1101101111101110
1110011101110110
1111110110111101
1111111100101110
0011111111111100
1111011011011111
1011011101010111
1111111110110101
1111100011100111
1011110111111100
1111111101001110
1111010110111110
1111110001100111
0011011111111110
0101101110101111
1011111111110101
1111111010111101
1111111101010101
1111111110011101
1100110011110111
0011111010110111
0111100111100101
1101100011101111
1110111010100110
0110110011110111
1010111100110111
1100110001101111
1011101111101101
1010110100111111
1111011011111101
1100111001100111
1010111111011110
1010011110111101
1100100111111101
1111010111011101
1111110111000110
0011111111100110
1000111111110110
1101111011111110
0011111110101111
1011110111110111
1010111011110110
1110111110010111
1010111010111111
1110111101101110
0011101111111101
1101111111011111
1011111111010110
1100100101111111
1110100001111111
1110111011011110
1111100101011101
1101101111111100
1010101101111101
0001100110111111
1111010101111110
1101111101111110
1011111101110110
1111111011011100
0100111011111111
1111001111111111
1110111111101101
1101111110101110
0111111101111111
1111011101111101
1101111111101101
1110101101110101
1111110010011111
1111111111111011
0100011111111101
1110010011111110
1001111010111111
0100111111100111
1100010111111101
1000111011100111
1110111111010100
1010101101101111
1101101111100111
1100110110111111
1011101110100110
1101111010100111
1101011111110101
1101101100111111
1101111001110101
1101111110110110
0110011111110101
1111110011011110
1110101100011110
1110010010111111
1111101110111100
1010110011111101
1111100111001110