1111100110111110
1110111111010010
1110101011101111
0110111001111110
1111111110011011
1110011100111110
1110111101110011
1110010011111011
0111100001110111
1111001111101111
1111111111111101
1011110011111111
1111011010110111
0110111011011110
1011110110001111
1111111001101111
1110110001110111
0010010101111111
1110111110100110
0011111111101111
0011001111111111
0110110011111110
1111111010111011
0011011101011111
0101110111110111
0111111111111010
0001110101111111
0011101011111110
1110001111111010
1101110110110111
1001111011110110
0101111111010111
1011111110111110
1011101001111011
1100111011111010
1011110111000010
0110110111111011
1111001100111111
1100101010111111
1100110100111011
1101011111111111
0111111001011011
1111110101110110
1011011001011111
0111110101100111
1111110101011110
1111101101111110
1100101011111110
1111111001010010
1010111111101011
0000101111111011
1101100110111011
1111110110001110
0001111001110111
1111111110101010
1111110110110110
0110110101101111
1111111010101111
0110111111010110
0111110111101110
1010111111110011
1001111110111111
1001101011111011
1110010011110111
0111011011011111
1110111011000111
0111111110111111
1111100111111010
1100111111011111
0101111111110110
0100111111110111
0001101111110011
0111111011001110
1111111100001111
1010111111111110
0101111001011110
1110110110101111
1111001010111110
1110111010010111
0010111111011011
1110110111011111
1111100101100111
0110110111110111
1100110111111010
0010101101111011
1110110101111110
1011001110111111
1110011101011011
0111001101111111
0111011111110111
1111011111011010
1011111101001110
1111101111110110
1110101111110111
1111011110001111
1001110101011111
1110011001111111
1101110110111010
1111111101101011
1011100100111011
1111011001111110
1101111011011010
1010110101101111
1111101011100111
1110111110100011
1101111111101111
1011100110101111
1111110100010111
1101110101110111
1110001110111110
1110010110110111
1110011011101110
1011111010110111
1010111001111011
1111011111100111
1110111111001110
0100100111111111
1111010101111011
0111010101011111
1011111011101111
1111101111011111
1101111101010111
0010111001110111