0100111111111110
0111101101011111
1111111100011010
1111110110100110
1110111010011110
0010101111101111
1101111100111110
1011011111010011
1111111111111101
1111011101101111
1101111111110110
1110101111010111
1101000111111111
1111110111010111
0110101101111111
1101111111101010
0111110111111111
1011111011100111
1011011011110011
1111110100111111
1111001011011111
1100111101101111
1010111100101110
1001111111111110
0010111111101110
0100111111011111
1100110111110111
1101001101011111
0110101110110111
1011111001111110
1011111100110010
1111011011100111
1110011111101111
1101101011111010
1110111011110111
1111011110111111
1111100111110010
1010011111111110
1111000111011010
0101111101111011
0011101011111110
0000111111110111
1101001011111011
1011100111101011
0101111111010111
1010111111110110
0111101011001110
1111100011011111
1110010101110111
1010110101111110
0011011011010111
0101111101001110
1110011101010110
1010111011111111
0011011111001111
1111110101011111
1001101110111111
1111001111100011
1101010101111011
0101101111001110
1101011111110011
0110111101010110
1101110011101011
1111101100110111
0011111010111011
1111111010101111
1011000111111011
1101111111100111
1110001111111110
0111111110011111
0100001111111111
1111101110010110
1011101101110111
1111010101110010
0110111110100110
0111111100111111
1111110101100110
1011111110011110
0011001011101111
1011111100011011
1111110011110011
1101100101111111
1011101111110110
0111011111111011
1110110111011111
1101111000011011
1011110111001010
1000111111101111
1011101100111110
1011110110111111
1011100011111010
1011111001101111
1100011101110111
1111101101101111
1100110011111111
0101011011001111
0101001011111111
1001101101111011
1001110101110111
1110111111111011
0111111111010011
1010111111001111
0111111011101011
1101111111001011
1111101011110011
0111101001111111
1111101111010011
1011100011110111
1111011001111111
1111100001111111
1110111011101111
1011111011010011
1111100010110110
1100101110101110
1101011101010111
1110111101000111
1111010111101111
1011110101111011
1111100110100011
0011101110101111
1001111111101011
1110101011111111
0100101111110111
1011111110100011
1111111011100011
1111111001100111