1101111010101011
0011101110111101
1111011110011101
1011011101111110
1111100111110111
1011101011011101
1110110101110001
0101111011010111
1010110100101111
0101111011101011
1000101101111111
1101101111110100
1100111101110111
1001111110101110
1111111011010100
0110110011010111
1011001111111111
0101111111111001
0001111100110111
1101111101101111
1000111111111110
0010111111101110
1111001100111110
1101001111011011
0110101001111111
1111110010011101
1111101110011111
0111011101111111
1011111110110110
1010111110110111
0111111110101111
1011110011011101
0001011111111101
1001101010111110
1101011111101101
0000111111101101
1100111000111111
1110111000111110
1101010101111110
1110110000111101
1111101010111101
0101001111101111
0010111101111100
1100101111101011
1000111011011111
1010100111101011
1111100011011111
0101001111111011
0111100110111111
1110010101110111
0011011111111110
1110000110111111
0111101110110111
1011110001111010
1101111101111101
1111111111101010
0101110111111111
1011110111011011
1011100011111001
1111110110111110
1111011011111111
1001101101011110
1100111110101100
0011110011011111
1011111101010111
1011111111011100
0111101111011100
1101100111111110
0111111101011111
1011111101101101
1111110101110110
0110011111111110
1101010111101110
1001110101111011
1111011111010011
1111111001110101
1010010100111111
0111111000111001
0111011110111010
1001011111111010
1011111001101011
1001110010111111
1001111011101110
1001111111111001
1111110101101011
1010100110111101
1101100110111011
1001111110010111
0101111111110100
1111011101011111
1101111010011010
1011111111110011
0111110101101110
0001101111101011
1111101011011110
0110111111101011
1101111011111101
1100111011111110
1011101011110101
1111010110111011
1111010101111101
1111111100110010
1010101110111001
1110111011111011
1111111010110111
1001110011011110
1000111111110101
1111111101011011
1100111111011110
0110111101110111
1111101111101101
0001101101110110
1110100001111111
1110111111011011
1111110011111100
1011110100111001
1101001110111011
1101011111010111
0101111110010111
1001101100111111
1111101101111011
0110101111101111
1111101001111110
0010110101111110
0101111100110110
0111110011101110
0100111110111101
1110010111010111
1111101111101110
1011100110111001
0111111011110101
1110011111111101
1111101101101111
1100100110111111
1111111111100111
1101110001111110
1111110011101011
0100101110111111
0110101011110111
0111011111110111
1001011110011011
1110111111111010
1111101101110101
0111111111010011
1111111111001111
1110010111110110
1111110101101101
1101101111010110
1101111001011110
1111011110111001
1001111100011111
1111001111110111
1100100011111111
0101111111110011
1110011111111011
1110110110110101
1101111111010001
1011111010101011
1110001111011111
1011111010011111
0101111000111010
1101110111111101
0010111111011101
1001111001110111
1111010101111010
0111011110011111
0111101101111100
0111110111111101
0000111100111111
1011111110101100