1111110010110011
0111111111111011
1110010011100111
0010011001111111
1111111111111110
1111111101110011
1111001111101111
1111111111111101
1111010011011111
0111010111110111
1110111110100111
1011111101111011
1111001000110111
0110111010011111
0111011111100111
1011111111011111
1110110011010111
1111001010110011
1111011110101011
1010110111111111
1011110011111011
0111101100110111
0110011101011111
0111000111111111
1111111010100111
0111101011111111
1110011110110011
1111110011100011
1110101110101111
1111110101011111
1101111111111111
1111110001111111
1111101011011111
1110100010111011
0111111111010111
1111110011010011
1110111100010111
0010111110101111
1110011110101111
1011010011111111
1110011010011011
1010011100111111
0111011100110111
1111111101101111
1111101110101011
1111010010111011
1110100011101011
0011100101110111
1110010110011011
1111001101010111
1110011111100011
1010101011111011
0110110011111111
1110110011011011
1110101111110111
1111111110001111
1011111111100111
0111111011110111
0111010110111111
0111100111101111
1110111111001111
1110010010111111
1010101000111111
1111011111001111