0011111110111111
1111110011001101
1011111010100010
0101111110011011
0111011111111101
1011111001111001
1101111111110110
0111110101111111
1011111111101101
1011010110111001
1000111100101110
1101011111111011
1111011011111010
1001011101110111
1111010111010101
1001011111111100
1111111001110001
1111101111111111
1101111111001001
1011111000110111
1101011111101100
1110111111010110
0011110111111011
1011111111011010
1111011011111001
1111110100110011
1111110100111101
0111111111111110
0110011110101111
1111010111100110
1111111101111010
1111111111000101
0101110111001101
1111010101110110
1110111011111111
1111010111111000
0111010010111111
1111011100110111
0111110011010011
1111110000111111
0111110110011111
0011111001111111
1011011111110110
1110110111111101
0111110111100011
1111011111011100
0111111101101011
1111010011111011
1111111111110100
1110010111111111
0111110111001011
1000111101111101
1111111110000110
1011010101111100
0111010111101111
1111110011111010
0111011111100011
1110110110001111
1111111100101011
0100111111110101
1010011111110101
1011010111011011
1101011101111101
1101110101111110
1010111111111100
1100111110110101
1111111110110001
1101011110100111
1111010011110111
1111111110111100
1101010110111111
1111110111011001
1111110101100111
1010011111001111
1011111111010111
1111110111100010
1010111110011110
1101110110111011
1111011110011011
1011110011110101
0100110111100111
1101110111111000
0011111011101011
1101111011111111
1111011010000111
1111010111110001
1100110111011111
1011110100111011
1110111111101100
1111010110101110
0111011011100111
1111011001111101
1111011111110010
1100111111101101
1111111101101001
0011011111101111
0001111111111001
1011110110011011
1111011111011010
1101011111011111
1011111011001011
1110111111111011
1111110010100110
1111011111100001
1111011101101011
1101110110010101
1100011100101110
1011011111100111
1111011000101110
1001011110111110
1111111101011111
0101111111110011
1111111010010011
1111111111000011
1001110111111111
1010011110101110
0011111111011101
1011011010011111
0111111110110111
1011110010111110