1100111011101101
1001101111011101
1111100110111111
1101011011011111
1011100101111111
1001011011101111
1111111010011111
1100111111001111
0011001111011111
0111011001101110
0101111001110111
0101010111101101
0101011101101110
1011011001111101
1111101011101101
1100111101101111
1111011101110100
0111111001011110
1101110111001110
0111011011110101
0110101001111111
1111011001101101
1100101101110111
1110011111101111
1111101111111110
0111110101111100
0011011111101110
1100001111111111
1111111111010111
0101111011001100
0111101111111101
0110101011011111
1001111011011110
0100110111011111
1110001110011111
1011001011111101
1101111010101111
0101110101101110
1111011010111110
1101111010110100
0111111101011101
1100111111111100
1110001110110101
1111011000111101
1011111101110100
1101111101111101
0111111001001111
0100101101111111
0100111011111101
0110111111111100
0011111111001101
1011110011101110
0111001111110111
1100111001111111
1101011011101110
1110111010111111
1111010111111110
1111001011110101
0011101101111111
1101111100101111
1101011111111100
1011111011110111
0110111001101110
1100111110110110
1111101011011101
0110110111110101
1001111011101101
0111111110111111
1101111101011111
0011111101111110
1110011011011101
1011011101110110
0110111011001111
1111101010101111
1001110100110111
1010111111111111
1101101011110111
1001110110111101
0111101111101111
1111010101111111
0011011111111101
1110011001111101
1011110011001111
1101011110111111
1101101011101111
1101110110001111
1111111110101110
1111010110101111
1111111111100111
1101110011001101
1110110111101111
1110111011011100
0110011011111101
0111011011111100
1011100011101111
0110101011110111
1111111111111011
0110011111110110
0110100111110111
1001111000111111
1111000111111111
0111110011111111
0111011111011110
1110101110001101
1111110010111111
1110110110110101
1111110011110111
1111101100110101
1110111100111101
0001111011101110
1111001101101111
1011111100001101
0100100111111111
1111101100011101
1111111100111110
1011110001011101
1111110001101111
1110010110011111
1111101000111101
1011001101110111
0111011111011101
0011111011111100