1110110010111101
1111011101110111
0011111111110110
1110110111101011
1011101011011101
0100111111011101
0101011111001111
0101111111011100
0111111111011000
1110111101111101
1111000011111111
0011010101011111
1110111101111110
1111111111110011
1011111111000111
1001101111111101
1111011110111100
0101111011110111
0111101111111111
0111011011101111
0001111100110111
1101100011111111
1101001011011111
1111100010111101
1110111011101010
0110111011111000
0011111111101111
0001111111111011
1111010101101111
1111101101001111
1101110111001111
0011010111111011
1111101111111110
0101110110111011
1111111100111011
1011010011001111
1011101011001011
0111111100110110
1001110111010111
1001111111111100
1101101101101011
0111111111000110
0100111111111011
0111011111100110
1101100110111111
1011001011111101
0101111101111010
1010101111011101
0111111011010111
0111010101111110
1011011101101010
0110011111001111
1111011010111111
0111110010111100
1010111011111101
1011110111111101
1110111111110111
1010110111111110
0111111010110101
0100011011011111
0001111011111110
0111110011011101
1001111011010111
1101111111011011
1010001101111011
1110111111011110
1111110011111001
0110111110111011
1101110110110101
1000111111111011
0110011111111110
1010111011111110
1110011111101010
1110100101101111
0011110010111110
1111011101101100
1111010100111101
1111010011111011
0100110111111101
1111111110011111
1110111111101001
1111011011111100
1111111101010111
1011110111100111
0111011111101100
1110100011111101
0110010111111011
0100010111111111
1011000111111011
1011111111001010
1111001111011101
0111111111101011
0101011011111101
1010111101001011
1101010111101001
0011011110111011
0001011110111101
1100111111111001
0111110111110101
0011110011110111
1110101011111001
1100111101011111
1111101111101101
1101011101111110
0111111101111101
1001000101011111
1110001011111101
1111001011001011
1011101111110111
0110010111011111
1101011011101010
1101011011101001
1100101111111111
1111111101110101
0011111011011110
1001111111101111
1111110111011110
1110101101011111
0101111101101110
1111110111111010
1110100011011111
1110111110111110
1111010111001001
1000110110111111
1111011011110111
1011111011010101
1111100110110101
1111111110101111
1111110111101110
1101111101101101
1101000111101011
0001010111110111
1011011111010111
1110111110111001
0111011111011110
1111101101011101
1110101010111011
1111111101011110
0110010111111101
1000011110111111
0110110111011001
1000111111011101
1111110101111001
0110011101111011
1101011111011101
1111111001111111
1001110111111110
1111111110111010
1111111111001100
1011111010110110
1100111011111100
1111010111110101
1001111011111101
1101111111101000
0010110111111111
0011011011011011