0011101011111011
1111110011000011
1010110111100111
1110101011101111
1001111101011110
0111110101011111
1111011001011011
1111111110011010
1110111010100101
0110010111010111
1110110110011111
1011011011010111
1111111001110110
1000011111010110
1111011011100011
1111111101111100
1001101101110011
1101111010110011
1010110111011111
1011111111100011
0111101101111111
1011111001010011
1101110111100011
0001111011111010
1111101010111111
1011011011110010
0100010111110111
1000011110111011
1100111110100111
0101011111101011
1011011111111100
1011101110010111
1010011111010001
1111101111111110
1010111110110111
1110101011010101
1010111001111111
1110110111010101
1100010011111111
1011111000110111
0111011111010110
1001110010111011
0000110111111011
1011110101011101
1010011101111010
1101010110011011
1011111111011010
1101011111001111
0111111001111010
0011111101110011
0000111111110111
0011111111111101
1101110101111011
1111110111111110
1111011010111110
0110111101011101
1110111110011110
0100111111101010
1010111101110110
1001011100011011
1110101110011101
1111101111111001
1111010101110111
1111111100010011
1100111110010111
1101111111111101
1111010111001111
1011010111111111
0011110111110111
0010111101111110
1001111011010110
1001101111011111
1111110011111001
1010011011100111
0111011111001101
1011111100110110
0111111111100101
1101101011111111
1111111111110100
1110101101111111
1110101111111011
0011111111100111
1111011011111101
0110111101110001
1101011110111010
1001011001111110
1111111110101011
1110111000110101
1100110101111111
1111111010101110
1011011101110101
1010111110011001
0101101111011011
1001111110111110
1100111011111110
1110010011110111
1110111011111011
1110111110110011
0101110011111111
1001011111100111
0111111110111111
0110111101110110
1111111101101111
1010011100111110
1101110011110011
1100011001010111
1111011101010010
1110110001011111
0010011111111110
1011110010010101
1111111011111000
0010011111110011
1111011011101010
1010110111110011
1110010101111111
0111110111001111
1010110100111011
1111001111111111
1110011101111001
1100111111100010
1101011011110110
1101010010101111
0001111111001110
0110011111110110
1110011111101100
1110110111010011
1100010110111011
1011011101011001
1101011000110111
1011111111100110
1111101111010011
1010110110111101
1100110111100111
0111111011110111
1011111110101111
1011011111001111
0001111001111111
1111011001111010
1111100111111111
1011101001011011
1110111110101100
1111011011010110
1010111010011111
0111111011011111
0100111111011011
1011110011011011
1111110101111001
1011111111001001
1001111110110011
1101101111001111
1101111011000110
1110111111001111
0111010111011011
0111110111111101