0011111100111110
1011111101011011
1111100111001111
1011101110011110
0101101110111010
1101110111001101
1001101111111110
1011101111110000
0111101101101111
1111110001011100
1111111011110111
1111100101011110
0111111101010111
1110111111111111
1011111010111111
1111111001111011
1011101111010101
1011110111100101
0111101110011110
1011111101011100
1111111001101110
0111111111110110
1101111111010101
0011101110111011
1011111101100111
1111110111110110
0011111111101111
1001100111111101
1111110110101111
0111110111100111
1011111001111111
0101111110101101
1011111110111001
1001111111101110
0111100111111011
1111101110011101
1111111010111011
1111111100011111
1101111101111111
1111110101101111
0111100111010111
1111100100111010
1111110111101110
0011110111010111
1111101100111101
1111100010111110
1011101101111111
1101111011111010
0101111011101101
0111110011111111
1001110011011011
1111111111101011
0111110110011111
1111111101010100
1111011111111111
0101111111110011
1101110110111111
1001111111111010
0111111110011101
1011110100111100
0111111010111110
0111111011011111
1111110101111001
0011111110011111
1111111001001101
1111111110110111
0111111111011011
1011110101111011
1011111011111110
1101110111111100
1001110111111110
1101101111110111
1101101011111110
0111111100101110
1111101110111100
1111101101011011
1011110111011100
1111111111100110
1011111110101100
0011110111110101