1101000111011111
1011011101111111
0011111101110111
1011110110101110
1001011111010111
1000111101111111
1101101110111111
1110011111001100
0111111011111100
1111101010111111
0011111011110101
1111001111001110
0110101111111111
1101011011011101
0011110101101111
0111111111011111
0101110010111111
0111110101111101
0110111110101110
1110001111110101
1011101101101101
0111100110101111
1111110110111101
1110110111111111
1010111111110110
1010111011111100
1111010100111111
1101110111010111
0011011111111110
1111011000111100
0011100101111110
1101111010011101
1101111110010111
1111011100110111
0101101111111111
1011011111000101
1011111111011100
0110011100111101
1111011110011111
1100101001110111
1111110111111100
1111100110011111
1111110101110111
0111111111100101
1101111111111110
1100101111011111
1111010111111110
0111111001111110
0111001101101110
0111101111110110
1011011011111110
1110111101101101
1001011011111111
1110001111011101
1010011010110111
1111111010110101
0001111111111101
1111100110101110
1011110111110110
1111110111100111
1111101111101100
1101001101110111
0101111111110111
1011111110011111
1010111011010111
1011101111110111
0111101111101101
0111100110111110
0111111000111101
1111101110110111
1110011001111100
1100011101110111
1011110000111110
0110011111101100
0001111100111111
1111001001111110
1111111111111011
0111011111110110
1111111101110110
1111010011111101
1010111100111111
1111010111110111
1111101011111101
0110111001110111
1101101111010111
1010111110101110
1111111011101111
1111111101011111
1111111110101100
1110111111100101
1100011111110101
1101111111101111
1111100011010111
1111101111000101
0111111100101101
0111011111110101
1001110111111111
0101011111111111
0111101100111111
1111111011010110
1101011010111111
0111111110110110
1111100100111111