1111100101001111
0111110111011110
1100110101110101
0101110001101111
1101110100111101
0111111101011001
1111111001110110
1010011101011101
1111011011100011
0011011111111011
1110101111111101
1111100110011110
1110101001110111
0011111011000111
1101011110110111
1111111101010001
0111111111111000
1101111110111110
1111111111001001
0100110101111101
1111101110111000
0111110101110011
1000111111111101
1111111101011100
1111101111100101
1011010111010101
0111000101111101
1101001011111011
0011111101111101
1101100101110111
0111011110111111
0101110010001111
1111111010011011
1010011101010111
0100111101010111
0111110110110111
0110011111111010
1111001101111000
1111011111000111
1111100100110111
0011111001111111
1111011011111110
1111011111110100
1101110101001111
1111111000110111
0111001111110111
0111110101100111
1111100111011101
1101110110011101
1110010111111111
0111110101111001
1111010111111110
1100101110110011
0111001101101111
1001111111111001
1010011110110011
0100111011111011
0110111110011111
1001011101111011
1101100111110011
1111100010000111
1111001111011101
1101111111111010
1000111110111111
1110101001011111
0111111111101001
1110111110111101
0111011001011111
1011111101110001
1110111111101111
1111111101011010
1110100101111111
1111111010100011
1111001110111011
0100111101011011
0010111111011001
0111111010110111
0111001101011110
1101101110001111
1110101001111110
1111011001110011
0111111101110101
0110111111110001
1111101111101110
1111111010101010
1101111111101101
0111101111011011
0101101111011111
1000111111110011
0110111110110010
0111101110111010
1111011110100111
1011011001101111
1110110111010011
1111010101111001
1011011111100111
0111100111011111
1011110111101111
1101110000111111
0111111011011110
1011111101111110
1111111100111100
1111111101000111
1100110101011110
0110011101010111
1001111111101011
1100101101011011
1110011101110010
0011111011110011
0101101111110110
0011111110111111
0111110110101101
1001111111011111
0110101111011111
1111011110011101
1110111111010010
0111110101011111
1111011011011011
1111010101101101
1001110111111101
0101100111110111
1111110110111010
1111101010111110
0111010111110111
1101100011111111
0110101101111010
1110101110011110
1110111001010111
1111001001111111
1111100111110010
0011111111001010
1110100111110011
1101111000101111
0111100111111010
1111111011111101
1111010110111111
1011110110010110
1010110111111111
1101101011001111
1011110101011011
1110011110011011
0111111101110010
0011111111000011
0111101011111111
1111111110000101
1110111001011110
1111101101110011
0011011111001111
1110111011110011
1011111100011101
1011111100010011
1110101010110111
1011010111111001
1111100110110001
1100011111111101
0111010001111111
1001011011111111
1111000101101011
1011110100111111
1111110101111010
1110011111011110
1111101001011110
0111110011000111
1011110110011101
1100111111111001
1101111101111001
1111111110001010
0011011101010111
1100100111111110
0111111100111111
1011111110100001
1011111011010110
0011111111000110
1110011111011001
1100100111010111
0111111101101110
1111101111000011
0110110111110110
1111111011010011
1101101111010001
1111101110110110
1101111110011011
1110110011111111
1011111110100110
1100111101011101
1011011110110110
1101111101100011
1011110110110001
1111110011101011
1011101111111111
0110100111110111
1110101011011010
0101101111101111
1101101100111011
1111101111011100
1101001011110111
1111000011010111
0111011001101011
0010111011111111
0111011111101110
1111110110110100
1111110100111011
1111101100101011
1110001111110011
0111001111111001
1110111110010110
1110001110111110
0101011111111111
1111110100101101
1110111100111111
0100101111110111
1111011100111111
1101001010011111