1110110011110101
1111100110111111
1101110001111011
1111111001110111
0111100111111100
0111110000011111
1111111110011001
1111101101010110
1111010100010111
1111011100011110
1110011011111011
0110111111011111
1110011111010111
1110100111010111
0111110011111101
1100111110111110
1111111100111011
0111100101011101
0101110101111100
0110111101111110
1111101010110011
1110011111110010
0111111011111011
1111110110111100
1101101100110111
1101110101111010
1111100011011111
1101101111110001
1101000111111011
1111111010110010
1110111011111110
1111001111111001
1101011111111110
1110111111011110
1111001111010101
1101110011110110
0111111101011110
1111110101110110
0111010011011110
1111101010011110
1110110101011111
1101101011111111
1111101111111010
1110010111111111
1110101101111110
0111011110111010
1110111110110001
1110111010111111
1111011100110101
1111001101111110
0110001011111111
1100011101110011
1101100111111101
1111010101111101
1110111110111100
1111101011011101
1110111001011111
1111001011110111
1111111111101111
0101101111111011
1101001101110111
1110100101111011
0111111111110111
1101111111011111
1111101110110101
1011111111111111
0111010101011011
0101100101111110
1111101001111111
1101011000111111
1110111111011001
1110110001111011
1110011111111101
1111111001111101
1111101101110100
1111110011011010
1111010011110011
1111110111010011
1111101101011100
1100101110111011
0101111110111111
1101011110111101
1100110110111111
1111011001111010
1111011110010100
0110101111111011
1101110111110011
1111111111111000
1111111101110001
1111010111110101
0111101100111111
1111010000011111
1111111011010111
1110101110111101