1110101011101110
1011011111111111
1011110011111101
0110111111100111
0111100011110111
1101101110111111
1000111111100111
1111011110111100
0110001111111101
1110100111101111
1111010010110111
1101111110111101
0110010101111111
0011111101111101
1011110101111101
1111110101110111
0111000111100110
0101101011101111
1011111111101010
1000111011101110
0011110101111011
1010111111101011
0111111100111100
1110110100111101
1111101010101101
1111111100110001
0111111111101001
1001101111101111
1111010111111101
1001111101110101
0001110111110111
1111011011110001
0010111101111011
0011110111111101
0011101010111110
0111011110111101
1100111101111111
1101111111111011
1110111111101101
1011110011100111
1001111011100101
1010101111111111
1111000101111111
0011111010100101
0101111111111100
1110110110110101
1111110111101000
0110111110110000
1111001110111111
1111011110100001
1111100110101100
1101110111111100
0111110110111111
1011100111111011
1111101111101011
1110010110101011
1011101100101110
0110011011110111
1111110111110000
0101011100111111
1111101011110101
1111110110100110
1101001111100111
1111110110100101
1111111010111001
0011111101101111
0101010111110111
1101011110101111
0011101010101111
0010111111111100
1101101111101110
0010111111110010
1110111010111010
0101001111101111
1110011010111111
1011111010111011
1011110111111110
1010111110111111
1010111111110101
1110110110111110
1111111111011111
1111111101100001
1110110111111100
1110110111100110
0111011101110001
1110101101111101
1111000011111110
1111111011111100
1110101101111110
0100111110110111
0110111101110001
0011101101111111
0010111011111101
1101100011110111
0111010111111011
1100110111111111
1111011010111011
0111111100100101
1101101101111111
1011110110111001
1111001011110111
1111001101111101
0111011011100101
0111101111110101
0100111111110110
1110011111111110
1111011101111110
0111110011101101
1101110011111101
0001111101111110
0110101010111101
1111101101111011
1111011010101101
1111101110110111
1110110111111010
0111111100111001
1100011111110111
1001110100111111
1111010011110010
1110001111110111
1111111101101010
1011101111111101
1011110111110101
1111111001111111
1101111110110110
0101100111111111
1100111010111111
0111011010111110
0011111110110001