0111111101111011
1111111001110111
1101011111011011
1011011110101101
1101111110111111
1101001111100111
1011111101000111
1011110101111010
1011011111011101
1110011011101101
0111110101111111
1110001111101110
1111110011101101
1000111111100111
1101011011111111
1111011111001100
1111101010111110
0101011111101011
1101011111000111
0011110011011011
1100111101101111
1110111110100111
1001011111111100
1111110101111101
0111011101111110
1011111011111010
0111111110101111
1111111010111011
1110111110110100
1011011111100100
0111101011101011
1001111111110011
1101101111011011
1011010111110011
1111111111010110
1000111011011111
1110110111111111
0011111111111100
1011011111101011
1001111111001011
0111011011001011
1101011111010101
1111101101111111
1010111011111100
1111101011010111
1000111111101101
1110111011001101
1011011111110010
1111111100101101
1101001111110010
0000111011111111
1111010111011011
1100111011101111
1010011111110111
1001110111101111
1110011011111110
1110011110111100
1110011111011100
0110011111111110
1101010111101110
1010011111011111
0011110111101111
1010111110111101
1011111111101010
1111010101000111
1111111110011111
1011010111001111
1001111011101111
1011111111011110
1101111101100110
0111001011111111
1110111000101110
0110101110111111
1101111011111110
0110011001011111
1011111010111111
1111010110111011
1111111001111011
0011111101011111
0110111011101111
1110111100111100
1111001011110111
1101101111011101
1001011111100110
0110111101001110
1111010111111101
1001010101111111
1010111101010111
1100101111100111
0111111111110111
1101110011110011
1101111101100101
1111001110111011
1111011011011100
1111111100110111
1110111111000111
1111001111100100
0101011111111010
1000111101110111
1011111001101110
1101111111100010
1100111101011101
1111111011100111
0111110111011010
1100011111110111
0111010111111110
1101110111000111
0101101111011110
1011101111111111
1110111101110110
0110111101101101
1110111111111011
1001110111111010
1011111100111111
1100011111101111
1111111111111001
0010011110111111
0111011111011110
1111101111011100
1010111011101101
1011011110110100
0101111111111101
0001111001111111
1111100111111111
1011011101111101
0111111011011110
1011110111110101
1110011010110111
1111010110110110
1110011111100111
1111111001001110
0101010111101111
1110111010110101
1101110111100100