1100111011101101
0011111110111110
1001001111110111
1111100111110111
0111011110111011
0101011100111111
0101111110011011
0111011111111101
1001110101111101
1101001111100110
1011101111000111
1101101111110100
0101011111110110
1111110111001010
1101011110001111
0111101111111111
1111110110111010
1101110101101101
0101111101111100
1101100011111111
1111101011101101
1011110111011010
1011011111100110
1011111101100111
0011111111101111
1111110111110110
1011111001111111
1111111011110101
1110111111110011
0101110110111011
1110111100011111
1111001110101011
1110101111111111
1011100111111110
1101100111101101
1100011001111101
1001101111100111
0111111111000111
0110111101111111
0111111011111111
1101110101101110
1011101111011101
1111111111010110
1011101111010011
1101110111101010
1111111100101110
1011011111101010
1110110111111111
1001011111111110
0110011111001110
1010111111110111
1001101011111111
1111111101001110
1100111011111010
1101011101100100
1101101101010111
1111001111001111
1101111110010111
0001110111110011
1110111111101011
1100111011101110
0001111101111011
1111110011101100
1101111001111110
1111110101011111
0111111111100101
1101011011101100
1000111101111100
1111111010111111
1100011100111111
1011101111101100
1111010111111111
1110111101010111
1111011011110011
1111110110001111
1111111110101010
1011110100111111
1001111111001110
1010011111101110
1011011101101110
0001111111111101
1101011110100111
0011111101011111
1111111110001011
1111110100101111
1101001100111111
1111110111100111
1111100111111011
1111111011011111
1110011101111110
1100111101011111
1110111101101111
0101011111011110
1001110110110011
1111111100110110
1011011110101011
1111111110111101
1111101101111011
1110011111011010
1110011011110111
1101001111110101
0110111110011010
1011111011101010
1101111111011101
1011111110010011
1111110001111011
1100111001110111
1101111100111011
0111111101101101
1100011111101111
1001111100110111
1111111111111001
1101101011110110
1111111101101010
0111111100111011
1011111011101101
1001111100011111
1111111111010101
1011111110101110
1101011101111011
1011100111101101
1010011100111011
0101110111101100
1101101111111011
1111100011101110
0101111110100111
1011101110111110
1001011111011111
0111110101110111
1101111101111010
1001101111101101
1101111110011110
0010011111011111
1110111111100111
1101111110101011
1101001101111110