1111010010101111
0111111101111011
0111000101110111
1111011110111110
1111010001100111
1111101011110101
0110111100001110
0101011111001110
0110001110011111
0110100111111110
1110111000011111
0111110101111110
0111010111010111
1110101101010110
0101100111110111
0111100110100111
1111101010111111
1111111110100110
0111010110111011
1101010111011111
1111011011111011
1110111001101111
1110110000111110
0111111010111011
1111101011010110
1110101110011110
1111111011110100
0110101110001111
1101111011001101
1101011110101111
1110111111110011
1101111011110101
1100101011111011
1111001011000111
1101101001011011
1111010111000111
0101011111010110
1111101011001001
0111101111110011
1101110111101010
1101011101110111
0111111110011011
1110001111111011
1101111000111111
0110100101110111
1110010100111111
1110111111000101
0101111110101111
1110100011100111
1111101001010111
1101111101110010
1110111111000110
0101011001011111
1111101111001110
1110011110110111
1110111101010101
1110111111101011
0111111111110010
1100110010111111
0111111111111101
1111111101100000
1110011011111110
1101110100111011
0111101011111110
0100111010111111
1111100101101110
1111110111111101
1111011100101111
1101111110111010
0111100110111010
1110111011111101
0101101100111111
1111010111111110
1111110000001111
1111110011111010
0101110101110111
0111111101000110
1111111111010011
1110110110110111
1111001111111110
1111111000110101
1111111001000101
1101110101111110
1100011010111111
1110011111011110
0110111111010111
1101111001110011
1110101011011110
0110011001011111
1111100111011111
0100110011111111
1110111110111100
1111101101011001
1101111101011110
1111101111100011
1111111111011010
1101011100011111
1101110011110011
1011111111111111
1110101100101111
0111100011111111
0100011111111011
0111010001011111
1100111101111111
1111101100010110
1110110111011110
1101111111000110
1110101001111110
0110101101110110
0110110001011111
1100111010111011
1111110110110010
1101111100101011
1110001101010111
1100011111110111
1111011111111101
1111010101010111
0111111001010111
1101100111110110
1110011111011011
1110111111111010
0101110111101111
0111110110001110
0110111010001111
0101011111110011
0101111111100110
1111101001110010
0111110101000111
1111111010001011
1100101111010111
1100111011011111
0111111011110110
1111111011101110
0110011111101111
0101110111010110
1100101111101101
1111111110101101
1111001001011111
1111110111001011
0111001111001111
0101111111011011
1111101110011011
0110110110111111
0101101111101010
1101111110110111
0111111110101011
0111101011101111
1111111000111011
0111110010010111
1110011111001111