1110011100011101
1111011111110110
1011001111111101
1010111011011110
0101011110111111
1001101111111111
1010101011111110
0111111111100111
1111100101101111
1111101011110110
1101111111110111
0111111110110101
1110011101001101
1001111101111111
1110011111110101
1011111011011101
1111111001101111
1111111101100101
1110011100011110
1101101010101110
1111110111110110
0110011101111111
1111101101110111
1110101011010111
1110101110011111
1011111011000111
1010111001111111
0110101111111101
1111110101101110
0111111011111111
1111000101011111
0111111111111110
1111011010111111
1011011101010111
1110111111000101
1011111110111111
1010101101111110
1110111110110111
1110101100111110
1100011111111110
0100010111111101
1111110110111111
0110110111101101
0111011110001111
1011111101101101
1011110111111111
1101111001111110
0111110101001111
1101011011101101
1111101010011111
1111111000011111
1110111001011101
1011111101101110
1011111011100100
1110000111011111
1101111011101100
1101110111101110
1011011011111111
1111110011111111
1010111111111101
0111111101010111
0111000111011111
0011111111011111
1010111011110110
1111111110111100
1111111011000110
1101001110111111
1011111101011100
1010011101110111
1101111110101101
1101111111011111
0111111101111101
1011101111110111
1100111101111111
0111101111101111
1010001101101111
0101100101111111
1110011001111100
1101111101101101
1100111111101101
0011011101101111
1111101111011110
1110001001111111
1111111111111011
0110011111110111
1111001011111101
1111101111011101
1111111111010100
1011111001010111
1111011011010111
0111001110010111
1111011011101110
1111011111100111
1111111110010101
1011101011001111
1111001110111101
1101111100101110