1101111110100101
0101111111111111
1110101001110101
1111101001110100
1101011111011011
1101101111110101
0010111110011111
1010110011111110
1100111101101111
1111101011100011
0111110111011101
1000111111111111
0110001111111101
1011110111000111
0110111111101100
1101110111010101
1111111111110001
1101111111001001
1110001111001101
1001010101110111
1110111000111111
1010011111111111
1011001111111000
0011011110101101
1111101111100101
1100001111011101
0110011110111111
0111011110111110
1111100011011111
1101101111110010
0110011111111010
1101110110011111
1010101111101110
0111010010111111
1111011101111011
1100111111100100
1101100111111111
0110010011011111
1001101111110011
1001111111100111
1111011100101111
1100111111001101
1100111110111011
1111010100111100
1100101011111111
1001111111001111
1011110011001011
1111001101111111
1110111101010111
0011100011101111
1010100011111111
1111110100110110
0110110111101111
1110111011000101
1100110011101011
1110011101011111
1101111011111110
1110101001011111
1101011110100110
1111110010101100
1101111011110011
0111110110111100
1101110111011100
0110111011101111
0011111111111011
1011111111010010
1110111111011010
1111111101001101
1111011111011001
1111110000101110
1100101101111011
0111110111001110
0111001011111010
1011110011001110
1111011011110111
0011101111111110
1111011111110010
1101011101101110
1101111010111001
1011111101100110
0111011111011110
0011110111001111
1010111111100111
1111011001111111
1111110011000101
1110010111101111
1111001111011110
0111111011011110
1101101001111001
1001110111111110
1110100011101110
1010110111110110
1101110110100110
1001111001101011
1110111001001110
1111100111001110
1111111001101001
1001111111011110
0111101111011111
1101110110111101
1100111110011110
0110101011111100
1110010011111010
1110011111101001
1111000011111000
1011110111111010
1011110101011110
1011111011100111
0111010111001111
1110101111101001
1111111101100101
1011101001011110
1101111100111001
1011101011110011
1101011111101100
1001010110111111
1110111111010110
1101010101111110
1101001111111110
1110110110111101
1011001011111101
0110111011111010
1110110100011011
1101111010110101
1111111101111010
0110100111111010
1111001111100111
1101111011001111
1011110111111101
1111110101011100
1100111001111011
1111111111101010
1010100111110011
1111111110011101
1011010111111110
1111000111011101
1111111011100100
1100011111111010
1110110001111100
1111100101111011
1110011110011111
1110011111010011
1110110011101101
1110000011111101
1111110000100111
1110000111110110
1111001111101100
1110111101001011
1010111110111100
1110101101111110
1110111011110011
1011110110111011
1111101111010100
1100011100111111
1111111001010011
1110111111011100
1101011100111110
0010111111001111
1100111110101110
0111010111111011
1011011111110101
1111110000011011
1110111010101110
1110100111011111
0110110110111110
1101110001010111
1010101111101011
0111111111110111
1110110010000111
1011101111110110
1110111011111000
1011100011111011
1110101011000111
1011111110100110
1101111100101011
1101101011101111
1111111001101100
0111111101111111
1101110101000110
1111111011010010
1110101001101011
1110111010101011
1011011011101111
1110110001101011
0110111010111001
1111011011101001
0110110110111011
1111101110111111
1100111011011111
1101101111010110
1110111100001111
1110001111011011
1101010111111101
1011101101101110
1011101111011011
0010111011111111
1101111100101100
1001110011101111
1111010110101001
0011010111111111
1100110111111101
1001111110111100
1010111101111111
1111111110111010
0011111111011101
0110011111011101
1110111100111110
1010111011101110
1101011010111111
1010110010111111
1001111001011111