0101111101111111
1110101011101110
1110110010111100
1111011101110110
0011111111001111
1001111101011111
1011010110100111
1111001110110011
1111010101101101
1110010001111001
1011111101000111
0111111111100111
1011011101011101
1101111111110110
1001101111111101
1101101110111111
1111111010111001
1001010110111100
1101111010001011
1100011100110111
0111101101111111
1110110111001011
1111101010111111
1110101110111010
1110110110111011
1110110011001111
1111110001001110
1111000101100111
0110111001011111
1101110100111110
0101111010111010
1001110101111111
1011110101111110
1011111001111111
1111100111010110
1001111110001111
1110010110111101
1110111111110010
0111110011111100
1111110100100111
0111111110101110
1111111111110001
1111111100011111
1110001110101011
1111111001010111
0101101111111101
1101001111111111
1111000101011111
1101011011111000
1111110100110011
1111110100111101
1110111101100111
0101110011011011
1101110011110101
0111111001011001
1101111000101110
1100111000101111
1110111110011111
1001100111111111
1011101101111110
1111110110011011
1111101111111000
0000111111011111
1011110010011111
1010111110111111
1101110110011111
1111101011010111
1100011010110111
1101111101111101
1101111010011101
1000111111101101
1111101100111111
1101111101011011
0110111101110011
1101111111011010
0111110111010110
1001111011010111
0110111111001110
1111101110101110
1011101011011111
0111100110111001
0111011111111111
0011111011010111
1101011011101110
1110111111110101
1111100001101011
0111101111101011
1101111111001101
0110110101111001
1110110101011111
1101101011111111
1110101101111110
1011011101101111
1111111111101001
1010010101111101
0111101111110111
1111111111010010
1010100011111111
0111111111001100
1111100011001011
1100111110101110
1111001101010011
0111110111101111
0110111111010110
1100110111111111
1111011000111011
1010011111101111
1111011010111010
0111110010110111
1111011111011110
1101110011010111
0011101111011110
1011010110001111
1111111110010111
1100011010111101
1110111011000111
0110111101110110
0011111011111110
1110011111111110
1111110111000101
0111101011111010
1111011110011011
1110111001011010
0111100110111100
0111101111101101
1101100111010111
1111111101110101
0011111101011101
0111111000111101
1011111101110110
1011110011110110
0101110011110011
1111111111100011
0100111011111111
1111101101101110
1101110001111110
1111001011111111
1011111111100101
1110101111011111
1111110011101010
0110111111011101
1010111111001110
1011011011101111
1101111100111011
1111101111110100
1111110010100111
1011111100111111
0110110100110111
1110110111011101
1111101011111100
1110110111101101
1111101111011101
1110011010101111
1100111011011111
1111110011110010
0111111101001011
1111100011111010
1010111111010110
1111111110101101
0111111101111000
1110100001111011
1110101011100111
1011111111111011
1001011111110111
0111110000111110
0111110011111010
1011011110101110
1110111111111000
1010101111111101
1011111010110111
1111111001111000
1110111011001010
0110110111111100
1101010110111000
1011111101111100
1000111111110111
1111111011010110
0111111110110110
1111111111100110
1101011001110111
1110010100101111
1111111011101101