1111110001110101
1101110110110011
1011011111111111
1101110110111101
1101011011011111
1101010111100111
0101011101001111
0111011011001111
1100110111110101
0111011111001011
1011100111111001
1010111111101101
1111101101010110
1101011110001111
0111010100111111
1110110110111011
1111011101110101
0111111001011111
0111101001111110
1110101111010011
1101111010110111
0111110010111111
1111111011110100
1111010110110011
0101110100111111
1111010011111111
1101110001011111
1110111001010111
1010101011111101
1111100111101101
1111111000111111
1001111111111100
1111110010110111
0101111111111011
1101000111011011
1111111101100110
1111100010111111
1101100101110111
1111011100010110
1111110111111110
0111111010110110
0111011100111110
1111101101001101
0111100110111111
1111011111010001
1100111101110010
1101101111110001
1010111110111110
1110110101011101
1101101001011101
0111110111111011
1101101111011001
1111011011001101
1111100100110111
1101111110100010
1111011101111010
1011111111010011
0111111111111101
1111011111110100
1110111111011110
1011101011011110
1000111111111011
1111010101101011
1111001111100001
1110111111110100
1111011101100011
1101101110110010
1011111111101011
1011111010001111
1110101111111010
1111011001110111
1100110111101111
1111111010001101
1101010111110101
1011100110111101
0101101111001111
0110111111111111
1101011111110011
1101011010111110
1110101011100101
1111001111010011
1111101100101001
0111111110011111
0111110111101111
1011111011110111
1111011100101100
1101001101010111
0111000101011111
1110101110010111
1111111011111011
1010111110111011
1111101110010100
1101110111010011
1110111110111101
1101011111101011
0111011011011110
1111001101110011
0101100101011111
1011101111010101
1111111101011011
1111001111111100
1110011111111111
1111010110011001
1101111100100011
1001111111010111
1111011011011100
1101011111010110
1111111101001100
1111111111000111
0101011011111111
1100101111111111
1111010111110001
1101101011010101
1100110111011111
1111011110001101
1101111110011011
0001101111111110
1111101111101110
1101111100101010
1110111011101100
1101111111011100
1100111101100011
1101111111101101
1111001001111110
1111011100100111
0111011111110111
0001111110101110
1101111001110111
1001101110110101
1111111110111000
1101101011110110
0011110110111111
1111011010101111
1011111101111111
1011111111100110
1010111111100111
1101101111010110
1111110111100011
1111011100111001
1110100111111111
0101111100111110
1111011011110101
1011110111101111
0001101110111111
0111101011010111
1111101110100101
1011101010101101
1101101100111111
1111110110101011
1101011100101111
1110111111111001
1111100001100111
1001110111111111
1011110110011111
1010110111011101
1111101011001101
1101110101101011
1111110010111101