0011101110111101
1111110011110100
0011111110011100
1111000001111111
0111011111110011
1001110111110010
0001111111011010
1011101100110111
0011001011111111
0110110111111110
1010110111111011
1011100111111001
1110101011110111
1110110011110110
0101111101111100
1001111100011010
1101011111111011
0010010011111111
0011000111111100
1100110111110111
1001100111111101
1111110101111101
0101010111110110
1101111011110100
1111111111110000
1101110001011111
1101101110111000
1110111001111100
1000100111111110
1111001101111011
0010111111111100
1111111111010111
0011111011110110
1011011001111110
1001011100111101
0001111011111100
0111101011111000
1111101100111101
1010111011111101
1010111010111011
1010101101111111
1101110011011101
1100111111111100
1011100111110011
1011110111011011
1110101100111110
1110111111011111
1111101010110001
0111101111110001
1101001111111100
1111100011110001
1111110110111111
1011010111111010
0100101111111010
0111111110111010
1110110111111101
0110111100111110
1001011010011101
1100111100111101
1000101111110011
0000011111110111
1111000111110111
1001110111110100
1000111101111101
1111111010111110
1001110111011101
0011111111111000
0100111101111011
0101101101111101
1111011111111001
0101110011011111
0011110111011101
1110011011111100
0011111101111001
1001110011111001
1001101011111011
0110101110111110
1111111001111011
1101101011111100
1100111001111110
0001011111110100
1111111111101111
0111011101011011
0111111101110111
1110011101111111
1001010101111111
1011001011111110
1111010111011111
0111000111111011
0011111110110110
1101100011110101
1001001111111111
1011111101011101
0001101111110011
1101011100011111
1010001011111111
0111011110111100
1001111110111001
1100101111111101
1011101101110011
0101011011111111
1001101100111110
0010011111111101
1111110101011011
1010101110111011
0011110011110101
0101110111111000
0011110101111111
1011100011111010
1001111101110111
1111011001111100
0011111110110101
0101111110111101
0111110111011011
1100110001111111
0110001111111111
0111001101111110
0011111001011110
1001110111111000
1111111101110110
0111100011111110
1111101111110110
1100101100111011
0011011110011011
1100011110111101
1011011110110100
1110101000111111
0001111001111111
0111111010111111
1001100111110111
1111111100110011
1101101101111100
0111011101111010
1110111111111001
0011011011111100
1011111010110111
1011010001110111
1111010101111011
0110110111110011
1111001110111101
1011000101111110
1011110011110010
1111101111011111
1101101010110111
0010111111110110
1101111011011001