0110111110010101
0111111101111011
1101111111010111
1111011110111110
1010101111011001
1001111111011110
1111001011111011
0101101110111011
1001111101100101
0011111111101001
0101111101011100
1111001111101101
1111011101010101
1111111101110011
0111111111100111
1110011110111101
0111101101111111
1101111100011100
1111001011011111
1111011110010001
1111110111110111
1110111101111111
1111101111111110
1100111111001010
1011111001111101
1010001111011111
1111001111000011
0111111011111111
1110110110111101
1101011111001111
1111100010111111
1011011111101010
0100111110011110
0011111101111101
1001011111111111
0010111111101101
1110010110111111
1011111110111111
1111111011111110
1111111111110110
1111111101111001
1101111111110011
1110010111111000
1111001110110101
0101110111111110
0100111110110101
1110010011101111
1101011011111011
0011101111110111
1010011111110111
0001101111111001
1101001111011111
0110111111011011
1011001111101111
0111011111111111
1111011111011100
1110101110010001
1101101011111111
0101111111101111
1010110111111001
1101000111111001
0111111100111101
1111011001110111
0111111110111001
1110111111011100
1111011011111101
0110100111101101
1101101111100101
1100100111111101
1101110101111111
0111110101101111
1011111011110111
1111000110111011
0110101111110101
1101101111011101
1100001111110111
1011101011101111
1011101111010101
1111101101100111
0111111111001110
1111111011100101
1111110010111011
1110001111111001
1011101111001111
0111110100111110
1100110111111010
1111110111011111
1111011011001111
1011101101010111
1101110111101011
1111111110101111
0111101111001011
1110110011101011
0111110110111010
1110011111100011
1110000111111111
1111011101101011
1101101111001011
1111111110111000
1111101011111101
1100111010111001
1111101111101001
0101111100111111
1010111011101101
1010110111101011
1111001110011001
1110111111100101
0101101110011111
1011011111001111
1011001001111111
1101110110111111
1110101011100111
1011100101111101
1111010111101110
1010010011111111
0111111111101000
1111001000111111
1001110111111111
1111111111001101
0010111111011110
1111111010010001
1111101000011011
1110111011001011
1101111101111011
1011011111100001
0101101111110111
1010111111010101
1100111111011101