1101101111100101
0101111111110101
1001111111100101
1001101111111111
1111111111111110
1001111110111111
0010101111101111
0110101100111111
0111101111100101
1011111100110111
1111001110000111
1000111101111111
1000111111110101
1110011110111101
1101111101011111
0011011111010111
1011101101011111
1101011100110111
1011011110111111
1011011101001111
1011011111111101
0110111111010101
1010011101011111
1111101101110111
0110111101101111
0111001110100111
1110011101110111
1011001111110111
1101111111011101
0000111111110111
1111110111111111
0111011100111111
0101011110000111
1111111111111011
1011011101010111
0101101101101111
1011101111001101
0000111111011111
1111111011111111
0101101110101111
1011011111100111
1111111110101101
0110111110011101
0101101110011111
0010101110111111
0111111101011111
0011101111101101
1111101101111101
0010011111110111
1110111111001111
1100101110010111
1010111101111101
1100011100111111
1111011100110101
1001111101111101