1100110110111101
1111111110000111
1111010101100011
0111011111111101
0001111110010111
0111111111100111
1011110011111110
1110110101101001
0111110111111111
1100111111101011
0100111101111100
0101111101001011
1111011101001101
1110110110111011
1101110111101101
0001111110110011
0110111111011111
1101110111110111
1001111110110110
1111101111111111
1111111100011111
1101011111101101
1101011101100111
1001011111101111
1111011110111111
0010011111101111
1010011111101011
1011011101010111
1001111100111011
1010111011111101
1110111111110111
1011110011111011
1111111111011110
0101111011110011
1001110111101111
1111110001111101
1001011111111001
0001111111010011
1111111111110101
0101011101111011
1011110110111011
1111111010111111
1011111101101111
1010111111011111
1100111110101111
1111110001111110
1101110101111111
0001111111111100
1011110111110110
1101111011111101
0111111111101001
1111111011111010
1111111001011111
1111111111101110
1100111111011111
1001010111111110
1111011111111010
0110111110111111
0111011011111111
1111110100101011
1001111110111001
0110011111111011
1110111101001101
0011111101010011
1101110111011111
1111110110101101
1110111011111001
1001110110111110
1011110111010111
1110011101111001
1110011111111100
0111111101001101
0101111011111110
0011111001110011
1111111111011001
1101111100101011
1110110101111110
1010111101111001
1011111100111101
1011011111001011
1101111011011111
1111111011101111
1011111101111110
1111111100110011
0100011111111111
1000111011111111
1110110011011111
1001111111101011
1011010011111101
1011110111101001