0111111101111011
0101111101111111
0111110110101101
1011011101111110
1101110111110100
1001101111111111
1011101111111011
1110111101111101
1010011110101101
0110101010111011
1011011111011101
1011111111100010
1101101100111110
1010111111100011
1111111001101111
1001111111111110
0011111101110101
1111100111101110
1111010101101111
1111011111101110
1111011011100111
1011111011111011
1111111011110101
0111100101111111
0111111011100110
1011101111100110
1001111111110011
0011111111110010
0111101111111100
1010011101111011
0010111111110011
1010111101011111
1111101111100101
0010111011110111
1101011111001111
1110110111111111
1101110110110111
1111110110100011
0100111111101010
0101101110101111
1110101111111001
0111110111111011
1111011010111101
1110011110110111
1111011110110110
1100001111110011
1011100001110110
1111111100101101
0010111111111110
1111111111011110
1011111100101110
1111100110110010
0101111111001011
1111011011111110
1111011111110101
1011011111110111
0101111110011101
1110101110101111
0111011111111111
1110111111110101
1101111110111011
1110111011111101
1111011110000111
1111110101101011
0110111111000011
0111111111001101
1101110111101111
0111101111110111
1011110111100111
0101101111111001
0111111111110000
1111110100110110
1100111111100111
1110001111111110
1111110101111010
1011111111111100
1011100101110101
1110111010101110
1011111110111011
1010111101110010
1111100110101111
0011111111011111
1111111110111100
1101111101111001
1101101111100110
1111001111111101
1110111101101111
1111101111100011
0101111111110111
0011111110110110
1111111110101001
1110101111100110
1010111111010011
0011111101111110
1101111111100000
1101100101111110
1010101011101110
1110111011011111
0110101011111010
1111101010101111
1101111100110111
1101111011111111
0111111101101110
1001011111011011
1001111111101111
0111111000111101
1110101101111011
1111111110010001
1111110111011111
1101010110111101
1111011001110011
0110111110011011
1111011001111101
1011111111010101
1011110111101101
0111110110100111
1001011110111101
1111111101101001
1111100101111100
1100011110011101
1111111001111100
1011010111101111
0111111011101011
0111110011111110
0110101111101101
1111101011111101
0111101001111111
1101001101110010
0100111111001111
1110011111111010
0100111111111101
1111100010110110
1101110110111110
1011110110110111
1101110111110010
1011101110111111
1111010101111011
0111111000110110
0011110100111101
0110111110101011
1111101111011111
1111011100111111
1110011101110011