0110101111111000
1111100110011101
0100101110111011
0111001100011111
1111111011110111
0110111111100111
1111101111110011
0110111110110101
1110010001011111
0111110111111110
1111101110000110
0111011001101111
0111111110010110
0111110101011001
0110101110110111
0111101101100111
0111110010111111
1110111111001010
1111111101111110
1100111100111011
0111011110011011
0111100110011011
0111111100011011
1111111011111101
1110101110011100
0111100111001111
1111010100111111
1100111111111101
1110111100011101
0111100111010101
0111000001111111
0111011101101011
1111110011001111
1110011110011111
1111111011011011
0111100100111101
1110111110011000
1101111100111101
0110011111111111
1101111110111001
1111101010011110
1101111111111110
0110101111011110
0111110011011111
0111111101110001
1111111101010111
1110011111110111
1101111100101111
1110110110110111
0100111011111011
1111111111101101
1100101101111111
1111011111011110
1110100111011111
1101110111111111
0110110110111101
0101001101111111
1111111001111011
1111011110101111
0111111110100110
1101001100111111
0110111100111111
1101101111011101
1110000010111111
0111001111100110
0110101110011111
1111100111000110
1110110111111001
0111111110011000
0111101011111011
1011111111111111
1111110111111000
1111111100110111
0101111111010101
0111001011011111
1100011011101011
0101011111111011
1111101101111011
1111111110010000
1110110011111110
0110111110011011
1101011100111011
1111011111111101
1110110111101111
1111110011101011
0101001111000111
1111110111110100
1110101111110101
0110111010001111
1101111101001011
0101001110011111
1110110111010010
1110110111011100
1101111001011111
0111111110110000
0111101010101111
1111101010111011
1101111001101111
1111101111011000
1110110110011101
1111001011001111
1101111010111111
0101111001111111
1111110100001011