0101111101111110
1101111111010111
1111011111110111
1001111011111100
0101011111001111
1110111111111111
1111101111110010
1101111101110111
0111111110101001
0111111110001100
1111011111001101
1011111011011001
1101011011011101
1111111011110110
1011110011011101
1111101110111001
1111111100011111
1111101111010001
1111111101011101
0101110111011111
1011111110111110
1111101101111111
1111111010111101
0111111111000001
0111110011011100
1111111100101101
1111011011111110
0111101111011100
0011111111111111
1111111110011000
1111011110011111
1111111110110111
1011011111011111
0111110101001111
1111111101111011
1011111111110111
1111010111111111
1011101111101101
1111111111010010
1111100111000101
1101111111100110
1111101111011010
1111011101011111
1001111101101111
1101101111111111
0111110011011001
1011011110111111
1111011111111011
1101011101111111
0111111110011001
1111110110101111
1011111110111001
0111110111110111
1101111111111011
1111101111101110
1111011111111100
1011011001111111
1011111111111000
1011111111001111
1011111100111101
0101111110001101
1111110111100011
1111111011101111
0101111100111111
1011100110111011
1101011110111101
1011101111011011
0111110000111111
1101110101011111
0111111100101110
0111100010111110
1101111111110100
1111111011010111
0111100110011110
1101110111100101