1100111011101101
0100111111111111
1010101110101110
0111101101011111
1110111110100001
0011101011000111
1001101111111111
1101101110111101
1110111100011011
0111101110101111
1111100100111101
1101111011101110
1111101110100001
0010111111101110
1110100111010111
1110111010011001
1011111011000110
1110111111111100
1101111110111110
0111111111100000
1110111101011101
1111011110111111
1001111111111101
1010111110101001
1011001111111001
1111110100111100
0110111011010111
0111101100110110
0111111010110101
1111011011111111
1001111011010111
1101111111011011
0111111110111011
1110001111001011
1111110101110111
1101101001110111
1101111110111001
1100111110111011
0101011101111011
1110101111001001
0111111100111101
1010100110111101
0011111011001011
1100111100101111
1101101001101011
1111001111010011
1100101101111111
0111111001101101
1011001111101101
1101110111011101
1101011101101011
0111011101011011
1100111111011111
1011111111010010
1100111011101011
1101100101111111
0110111110111111
0011101010111111
1111001111100101
1001110111111011
0111110111110110
0111011111011001
0111111101110101
1110011101111001
1000111110100111
1011111111010101
1110101101101110
0011101111001001
1111100111110011
1110110101111110
1111101010100111
0111011111000101
0111111011011001
1110111111111010
0111111001101011
1011101011111010
1011111101111111
1101101111100010
1111011111111110
1111110011110110
1011111010101011
0110111111010001
1001111011111110
0111100110110111
1101101111111001
1010111111100001
1111100111111000
0111110111111100
1111110111101111
1010111110100011
1110111111100110
1111110010111101
0011111011101101
1011110111111001
1111111101110011
1111101011110110
1111101100111010
0011101111110110
1111111101100101
0111011111101011
1101111111010100
0110111011111001
1100110111110110
1011111111000011
1110111011110101
1111101000011101
1111011111100011
1111111110000011
1011100111111110
0110111101111111
0010111111001011
0111111111000110
0010101111110001
0001111011110011
1010101111011101
1111100001011111
1110111110011110
1101111010110101
1111101110010011
1000111011110111
1111111101001111
0101110110111101
1111111000011001
0111110111111011
1101111101111101
0101111011111100
1110111001101011
1111111100101000
0111111011101100
1110110101011111
1100011111100111
0101111111101111
1011110110111010
1111101111010101
1011101110100100
1011000111111011
0111111110011111
1001010111011111
1101101101111110
1011110111110111
0011101011101011
1110111110010111
0010110111111101
1111101001100111
1101110011110011
1111101101111001
1100101111111101
0011111111011010
1111000111111101
1011111010110011
1110010101111111
1110110111111011
1100111111100011
1110001111011001
0111001111111111
1111101001011011
1111111001111110
1111110111010010
1110010111110111
1011110110111100
0001011111111011
1011101111011010
1110001111110011
1101101100111111
0110111111101001
0010011111110111
1011110110011111
0101100111111110
0111111000110111
0111111100101110
0110100111011101
1001111111110110
1111101110110010
1110101011111111
1010111011101111
1101001111111011