1011111011011110
1111100110111111
1101011100010111
1111101001101110
1111110011101111
1111110111110001
1011110111111001
1101110111110101
1110111111111101
1111101111111100
1011101110110111
1111011101101111
1011111111100010
1111101001110110
1110101100111010
1111111000111001
1011110111011110
1111011110111101
1101100011111011
1100111101101010
1100010111011111
1101011111111011
1110011100011110
1011101110101101
1110111110100111
1011110100110110
1101111000111100
1010111011111010
1001111001111110
1000111101111010
1001101011111101
1100111110111110
1101110001011110
1001100111111110
1110010111111011
1000110111010111
1101010101111110
1111100111001010
1000111111011010
1111110000110011
1101101111101111
1011101111011101
1111111101011100
0111111111111111
1011101111010011
1010011001111111
1011110010110101
1111111100101110
1111100001011110
1101011111010101
1101110111111010
1110101110010011
1001111110111010
1111111101001111
1101101101111011
1010011111011011
1000111100111011
1111010001111101
1110110101010011
1101111011010100
1101101101010111
1011101111101110
1011010101111110
1110111000110011
1111101111100111
1001111011010111
1111111101100001
1111110001111100
1101110111001011
1111011011011001
1110100101010111
1100010111101110
1111011111011100
1111111011110001
1110111111110110
1011011111011110
1101101001011111
1101111100011010
1111101110001010
1011100011111111
1101111011100011
1111111111010010
1110011111110111
1101010111010110
1110110001111111
1110110110001111
1111111111000001
1110101001011110
1101101101111110
1111010100111011
1111011110101111
1111110011011101
1101110101011101
1111110100101111
1111010111110011
1111111010110110
1001111111110101
1110100101111011
1011011110111111
1110010111011110
1100011100011111
1001111011111010
1111101010101111
1110110110010111
1111010111101011
1011011001011011
1110101110101010
1110101001010011
1111111010010101
1100101111111111
1001111111101111
1010101100111110
1010110111110011
1011111101101010
1110110111111010
1011110100111011
1010101101010111
1111001111111111
1101011011001111
1111100001110011
1101111111010011
1011101110011010
1111011100111010
1101111111101101
1111011110010110
1110011101011010
1100111011110111
1101100111011111
1010101011111011
1100111110110011
1011111111001101
1101111010111001
1001011101011101
1001110101011111
1111101101011101
1111101110001101
1111110111101100
1101111001101011
1110111011101111
1110110010111110
1110110011110111
1001101011011111
1101110110111111
1010101111011011
1001111000011011
1011011111101100
1100110111110011
1010010011111111
1111111111111000
1111110110011101
1111011111100111
1011101011111001
1111110010011011
1111110101010101
1011111011101111
1111011001111001
1011010111110110
1111111011101101