0100111111111111
1110100111110111
1000111111011111
1111110111101011
1101110110111100
1001111101011111
1111110101110001
1011101111111011
0011110111101101
1110110111010110
1101111101110111
1111101011110111
1111101010111110
0111111111111000
1110111011101010
0110110111100111
1011110011011110
0111011111110001
1011110101111111
0111011101111111
0111111111100010
0111111111011111
0101111110101101
1110011111101111
1111001111101000
1101111011110101
1111001011101101
1111010111111011
1101111100011111
1101101111101111
0101101111111100
1111111100101111
0111000111111101
0111011111100111
0111111011111010
1110111110100101
0001111101111001
1001011111111110
1111101101111111
1111111010011011
1100111111111110
1011111110111111
1111010101110111
1101111111110011
0011011111111111
1101011111100100
1111011110011010
1111111110011101
0011110111110111
0110111111111101
1110011110011111
1101111101101011
1110110111111101
0110101011111111
1001111111100111
1110101110101111
0101001111111001
1101101011111111
0101011111110100
1011111101101111
1011101111101100
1011100011111110
1111110111100101
1110111010111110
1010111111101011
1110111111101001
1110110110110111
0111011111101100
1010100111101111
1111111101101101
1111011010111011
1110011111011110
1011111111110010
1010111111111101
1100111111111011
0111111110100101
1101111011111110
1101101111111000
1010111011110111
1111111100110010
1111111100010111
1101011111101011
1111111010110110
0011111111111010
1110111101011011
1111010111111100
1110101110110001
0111111101110111
1010111111010011
1010110111101110
1111010111011110
0111111101111100
1110001111111001
1101101110110101
1110001110111010
0111110100111111
1111011101100111
1101110111011111
1111101011111010
1111110111111010
1111111010110001
1100001111110101
0110011110111110
0111110011101110
0111111110110011
0111111110111100
0111011110101111
1101011110111110
0111111011110101
1111111011100111
1111011111110010
1011111101011110
0111110110100110
1101110110111001
1001111011111001
1101011111011111
1011011011011101
0110111111101110
1111111111001111
1111101111110110
1111110011011001
1111000111111110
1101101110111010
1110101011111100
1101111011101011
0111111011110110
1111111111010101
1000011111110111
1111111010101000
1011010011111110
1010110111011110
1111010111101111
0111100110110111
1000110111111111
1111111001111111
0101110111101100
1111100110101100
0111111110101010
1101111010111111
1011111011101110
1011011111111011
1111101111011111
0111011010111110
1101111011011001
1001110011101101
1111110010111101