0100111111111110
1101111110100101
0101111010011111
1111110011101111
1110111001110111
1110101110100111
1100111111001111
1001010111101111
0111111111100110
1001110111111101
0111101110101110
1010110111111010
1101111011101110
1111100010111101
1001111101011101
1110110111110111
1110101101110111
0100111111011111
1101111010110111
0111001101110111
1100111110111101
1111011111101110
1011110101111110
1010111111001101
1110111111111100
1110111111110011
1111111001110010
1011111001111101
0110101110110101
1001111011110111
1111100111101101
1101111100011110
0110111111000111
1111011110111111
1101010101111111
1111111011101001
0111111011111011
1010110111101101
0111110110101001
1100111010101111
1111100000111110
0110111101011101
1010111111110111
1111001111100111
1011111110111111
1110111101111010
0111100111111001
0111111000111111
1111111010111100
1000110011111111
0101000111101111
1111011011111111
1100011101111111
1110110110111110
0101111011111100
1011001101111111
1111100111110100
0011111111111111
0101111010111110
1111110111110010
0111101110110011
1101111001111110
0100110110111111
1101101111110111
1111111110000110
0111111010101111
1101111011010111
1111010111111110
1011100011111111
0111111111001100
1100111111100111
1111111010101110
1111100000111011
1111101110101001
1011111111111100
0110101110111110
1111011111011111
0111110110110011
1111111100010111
0110111011101111
1110111011111011
1011111101110001
1110111010110111
1110111010001111
1110100101111111
1111110110110001
1101111011100101
1111111101101111
0110111100111011
1111111011111000
0100101111101111
1111000101110111
1111111101110100
1010010111101111
1101111111111011
1011110011110110
1111110111011111
1111111011011101
1001101011101101
1011111111010101
1001110111100110
1111100101110011
1111011111111101
0110001101111111
1111101001110001
1011111111001110
0110111111101101
1111111001011011
1011111011100011
0111111011110111
0111101111111010
1111001111110010
0111111110011100
1101110101110110
1100110111111101
0111100110110111
0101100100111101
1111111111000011
0111111111010001
1100111111110101
1100111000011111
1110111111001110
1001101101111111
0111101011101111
1111111011001011
1111111110010100
1111101111011111
1110101011111111
0101111110001110
0111111110110110
1111101111101010
1111111011100010
1111111101011001