1111011010010111
1101111111010110
1011001011110111
1001111010111011
1110101111111101
1111101101010110
1101111011011011
0111111111111000
1000111111111110
0111111111011111
1000111001111111
1101101101110110
1111001100111101
1101101110111001
1101111101110101
1111111000111111
0100111011110101
1101101111011011
1111101010111101
1101001111111111
0010111101111101
0011111100111011
0001111011111101
1000111011011111
1010011100011111
1111110111111111
1010011101010111
1011101001111011
1111111011111110
1000111011110101
1101111111111100
1110111110110111
1111011010111101
0110111001111001
0111111101110011
0111111111110010
1011111110011011
0001111111110101
0111101011111111
0111101110111100
0111011111111111
1011001111010111
1100111110111011
1101101011111111
1001111001111001
1110101111111011
1111111111011101
0011101101110101
0010101101111111
1011111111110011
1111111010110101
1100111101111001
1111111111101111
1111111101011011
1111011101111110
1111011111111011
0100111111110110
1011001110111101
1100101111111111
1110111110111110
1111101110110111
1011011100111101
0110111101110101
1101011111110111
0111101110111011
1110111111111010
1111101101110100
1110111101110110
0100111100111111
0011111001110101
1011111101111110
1101011110011110
1101111010111101
1110111101110001
1000011111011111
1111101001011111
1100111110011111