1110011110111111
1111110001101110
1001110011110111
1111111001110111
1011111011111001
0111011101111100
1101111110111111
1011101011111110
0111111101100111
0111100111110011
0010110111101111
0101011101110110
1111101110111011
0111110111111110
1011111011100111
1101011001111111
1111111100100111
1111111011101011
1111110000111110
1101101111101101
0001111011111111
1011011111111100
1000111111111111
1111110111110110
0011110101101111
1010111011111011
1101101101110111
1110111111111100
1111011110100110
1111010011111110
1111011101101001
1111111100111011
1010101111100111
0111111111111010
0101111101111011
1110111101100111
0111100111100111
0011111101110011
1011011111101011
0011111111111101
1101110101111011
1111010111100111
1011101101111110
1011011110100111
1111011011100101
1100111101110011
0111110101111011
1111101100111111
1110111010110011
1001101111101010
1100011101111111
1111111111011111
0101110011100111
1101100111111110
1111110111111101
1001111001111011
0010111011101111
1111010001111111
0111111001111111
0101110111110011
1110101010110110
1010111111101010
1111111010101110
1010011111101110
1100110111111111
1011111111110010
1101111011111110
1101101101111110
1101111011111101
0111010110101111
1111011100101110
1110111011111010
1111101001111001
0010111101111011
1111101101101100
1111111110101000
0111111110111110
1110011001111110
0111101011111011
1111010111101011
0111011111111011
0101011011111111
0110101010111101
1111111101110101
1011110110111111
0110101101110111
1010110011110111
1111111111100011
1111001111111111
1011011011111011
1101101011101111
1110100011110111
1110110101111111
1101111101101100
0110111101101101
0100111111100111
1110101011100110
1110111110101101
1011101010101101
1111111000101101
1110111111111001
1010111011110101
1110011111100111
1111011011101110
0011011111110111
1111101111110000
1001111101101110
1101111111110101
1101010111111111
0100101111110110
0111111110110111
0010111111110110
1111111011101100