0111111111111011
1110001011111011
1110000001111111
1110001101101101
0110011111111101
1111101111110001
1110111010011111
1111110110011111
1111001111101110
1010011111011110
1011101001111111
1011011101011101
0010110111101111
1110010001011111
1110011110111101
1101111111101010
1111001011011011
1110011111110101
0110110110101110
1011111011011101
1101011110110111
1000111110101111
1110100011111011
1111010101011010
1010011011111101
1101101110101011
0001011110101111
1101011111111011
0010010011111111
1111011111110001
1001011010111110
0110001101110111
0111111110010111
1101110111110111
0110111111011110
0110101001111110
1010111111110100
1011111001111110
1111101110011110
1111100111010111
1111110010101010
1110010001111011
1110100001101110
0110011111010111
0111101001111101
1111101110111001
1011010111001011
1111011011111001
0001111110111110
0110010101111110
1101111001100111
1010001111110111
0001010110111111
1110001101111011
1111101011101010
0111111010110110
0010110011111110
1111111101001111
1011011111011010
0011001111111110
0111100101110111
1110101101111000
0110111110101100
1111001110110100
1110111110110111
1101111111111101
1111111010111101
1011110011111010
1011010101111111
1111111110011101
1110111111101011
1010111111011101
0111101110011111
1111011001011100
0011111010110111
1011111101101101
1111100111101011
1011011001011111
1101100011101111
1111110111111101
0011111011101110
1111111011110010
1101101111110111
1110010110111011
1111101110010111
1000100111111011
0110111111001101
1110000111011111
1111111111101000
0000110111111110
1110100001110111
0111010110110110
0110111110011111
0100011110101110
1100110101111111
0010010111110111
1110001111111110
1111100010111011
1110101111011011
1011111111110011
1110011101011110
1111111110110001
1000111110111110
1011100011011011
1110100110101111
1100111011111111
1010111110111011
0011110001110111
0011110011001111
1111010101110011
1010111010111111
1111000010111111
1111110111100111
1110101011111000
1111011010011011
0111101111110100
0101010010111111
1010111111010111
1101111111011111
1110011011011101
1101100101111110
1110111001011010
1110111111000111
1011101111110110
0110010111011111
0011011101110111
0111101111101111
1111111101110101
1111000111110011
0111111101101111
0110110111110110
0011011111111101
1110100011011110
1110110111111010
0101111010110111
1111101101011111
1001111110100111
1111011011110111
0011000011111111
1111101010100110
0111011011111101
1010111111111001
0111000011011111
1111111100111111
1101000011111111
1111111101110110
0001011001111111
1110110011011011
0111110001111110
1111011010101111
1111110111010011
0111011111011110
1111111101101011
0111000011111110
0111010101110111
0011101011110111
0101110110101111
1111100010110110
1111111111100101
0110111011111100
1001011111110110
1010010011111110
1010111101111111
1011101111111101
1111001010111010
1111011011101101
0011001101111111
1011101110111111
1111011011101110
0100100111111110
1111011110100010
1001110110111010
1011110101010111
1011111101111100
1001100011111110
0111101101111100
1110101011001101
1110011111001111
1111000011101111