1111110100110111
1111100110111111
0111111111111011
1101011111110011
1111110011110101
1111110111111011
1001101111111110
1011111011110111
0110011111111101
1110111111111110
1111110100011111
0111110110111100
0011111111011111
0111110101111110
1011110111011111
1111111111101111
1101101111011100
1111011110110011
1111100011111110
0111111101111100
0010111101110101
1000011111111101
1111110011111100
1101110101111100
1100111100110111
0101111111011110
1011101101110001
1111001100111101
0111110111110111
1110101111111111
1100010101111111
1001110110111110
1101111110011011
1101101111011011
1011111111011011
1101011011110111
0011101111111111
1011011110110111
1011001101111001
1101011111111001
1011111101011110
0110010101111111
1100011111110111
1110110111110101
0101100111011101
1111100101111100
1101101100110111
1101001111011101
1111111111111010
1011001111010101
1110111101111001
0111100011111101
1111111111110110
1111111110111001
1101110110011111
1010111110111111
1111000101110101
1110010111110111
0101110111111110
1111111110011101
0011110011111101
1101111101010001
1110111111011111
0101001111010111
1111011001111111
0101111110111110
1011011110111011
1101011110111101
0101000111111111
1111011111111110
0111001100111111
1001111111011101
1101100111111110
1010010011111111
1100110111111101
0111100001111111
1101101101111100
1101010110110111
0010011111110111
1001101101111111
1001000011111111
0101011110011111
1111111010111111
0000110001111111
1001111111110111
1111111011010111
1011110100111110
1001111101111100
1111011100110101
0110111001110101
1101001101111111
1111100001110111
0101111100111101