1010001111111101
1001001110111111
1100110100111101
1110011001011011
1011011101111111
1010111011011111
1101111111101001
1101010111100111
1011010110100111
1111110001101110
1110001110111100
1111111101110010
1011101001111111
1111101110111011
1111110101010111
1110101011001110
1001111100101111
1111110110111011
1111111111010001
1111001011011010
1011111110101011
1111111100100011
1110001111001110
1010111011111010
1100111111110010
1011001111011101
1011101111111000
1111111011110100
1111011111010111
1011111100110011
1101111100111010
1100111110111110
1011101011110011
1110011001101111
1011010011110111
1111010101001100
1100110101101111
1001111111110011
1001010110111111
1111001111001100
1011111011100001
1111111101010011
0111111111111111
1110111101100111
1110110111001101
1010101111011100
1101011101110111
1000110111110111
1111111111000101
1010111011111101
1010011111011010
1100101111110011
1111010100111111
1010111110111111
1010110111111110
1101110100101110
1100101011001111
1001110111011111
1111010111111001
1110010011101110
1101111101011011
1001111111111010
1111101110101110
1101110111001011
1110111111110101
1010111111000111
1110010001111110
1110110111011011
1111011111101001
1000111101111100
1111111010111111
1010101011110110
1011010111001111
1111111110011111
1101101111101011
1101011110111011
1111101111100001
1011110101101000
1110110110110111
1111011101111001
1110001111011101
1110101111011011
1111111110110001
1011001111101100
1011111100111010
1101111011111110
1101111011111101
1011111001110101
1011111001001111
1100111101111000
1001111101001101
1001111111001100
1011111001101000
1011101011101111
1100111111011110
1001001011111111
1000110111101111
1111110100110101
1110110111101100
1111011011011100
1111010111101011
1010010111101101
1111011111011000
1011101111001110
1101101111111110
1010101111001111
1111101101111011
1011111101110110
1111110011100101
1111001100101111
1111110101100101
1010111101101010
1110101100111100
1110101001111111
1111011111001011
1110111111100011
1100111011100111
1101011111110110
1011110011100111
1111110001111011
1100111111101101
1101111101101100
1110110011101010
1101011111011111
1011111011001011
1110010011111101
1111011101101011
1111101011110010
1011110001011110
1111101011111101
1001111111000111
1011111011100010
1101101111010111
1111011110111001
1111110011110010
1101111011101011
1101010101111100
1111001111110111
1110110011110011
1100110011001111
1111100111111111
1000110001111111
1110001011001111
1010101101110111
1111010111110101
1111010101111010
1110011100111111
1101110110100110
1101111111110100
1111111011010111
1111011001001111
1110111001001110
1001101110101111
1110111111100110
1111111101011001