0111110111011111
1111100110111111
1011111110010110
1011011101111111
1001111111011110
1101110001111011
1101011001011111
1110111001110111
1100100111011011
1111110100011111
1111000011111111
1111111111111101
1100111111110111
1001111111100110
1110001101101111
1001111110101110
1011101101011111
1111010011011110
1101101011100010
0111010111110111
1111110000111110
1111110001110111
1001011110111111
1110110101110011
1111110111001110
1111110111110110
0110111111011111
1111011111101110
1110101111111110
1101001001111111
0101011111010111
1010111111011010
0111111111111010
0100111111111011
1010101111010011
1110001101111011
1101110101010111
0111110101111011
0011011111111111
1111010111001111
1110001011101111
1011010111111111
1101111111011010
1101010011011111
1110010101101011
1111011110011110
1011001111101111
1011111011111111
1111110010101111
1101111011001011
0111001011011011
1011100111011111
1111110110100111
1110010111111110
1111001110101111
1101101001011111
0111101111110111
1100110101111111
1011001110010111
0111111110011111
1011110111001111
0101001111111110
1101001101010111
0011111101011111
1110111001111011
1111111010001110
1010101111101011
1111111000001111
1111100111111010
0110111111110111
1111101101100111
0101101111111011
1101001111110110
1110001101011111
1101101100101111
1110111011011111
0100011011111111
1111111010010110
1111111111000111
0101011111111011
1001011111011011
1111000111110011
1110111110111111
1101111101111110
1110011111011010
1100110011111110
1111011001110010
0011101111111111
0001111100111111
1100101001101111
1111010101010111
1111101111011110
1111111011010010
1110110011101010
1100110011101111
0111110011111111
1111001101101011
1101101011010011
1101111010001111
1100111111101110
1111100001111111
1110010001101111
1101001110010111
0111010110111111
1110101011100111
1001011111110110
1010111101111111
1011101111110010
1101100111010011
1001110111111111
1111111110111011
0111111111101111
1111010110110111
1101111010111110
1101001010110111
1010110111010011
1111011100111111