1100111011101101
1111011101110110
0111011010111111
0111011011110111
1111111001110111
1010111011111001
1110111101111100
0011011001111111
0111111101100110
1011111010110100
1111111011001000
1100111110010011
0101111000111111
0110111001111101
1100011011111111
1111011111001100
0011111110111101
1011011011110111
1001011010111111
1110111001101111
0110111110010111
1101111111010101
0110111011111001
0011111101101011
0110111110001100
0111111111100010
1010111111001101
1101111110111101
1011111100110011
1110011111101111
1111101111111111
1111011110100110
1111111100011110
1110111101011101
1001111111111100
1010111110101000
1110011111110010
1100111010101111
0001111111110111
1001111111011011
1111110111111111
1101011101011111
1111011001101111
1111111101111010
1011111010111011
1110111100010011
1111011110011010
0111011110101100
0010111111111110
1101111100100111
1111011011111110
1010111100101011
1111011110110010
0101011110110111
0111111101011111
0011011100111111
0101111110101011
1101111111001101
1101111100011011
0100111110110110
1101011111111101
0111011101101101
0001111101111101
0001011111101110
1110111011011001
1010111111110010
1111011100100011
1101011110100111
1101111011111110
0011111111011110
1010111010111110
1011111000111111
0111111100111110
1111111010001111
0111111111001010
1110011011011101
1111011011010011
1110011110110110
0111111010110000
1101111100110110
1111111111000111
1111111101110101
0101011110011011
0111111010101011
1110011111011010
1010111010111101
0101111111100001
1010111011101011
1100011110111111
1100111111101100
0101011110101110
1111111011100111
1111011101111100
1011011010111101
1011111111100101
1111011111100010
0001111110101110
1001111110110111
0101011101110011
1011011111100111
1100111001011111
1011111011101101
0011011111011101
0010111011111111
1011111101011001
0101011101101011
1011111011011100
0010111111110101
1111011110010100
1111111111100100
0111111110010010
1110011001111011
1111111010101000
0110111011110010
1011111101111110
0111111011011111
1111111100111101
1001111101101101
0010111101101111
0110111010111111
0010111111010011
1111011011101101
1010111011110100
0110111110101010
0111011111010011
1011011111111011
1101111110011110
1110111111100111
1110011101111101