1101111010101011
1110011001011011
1001101111111111
1100011111011011
1111111111111101
1101111111001111
1111011101101111
1111011010101011
0111010100111111
0111011011101111
1011001111111111
0111110111010010
0100001110111111
0110001111110011
0000111111101111
0110101001111111
0011111001101111
0110110011111110
0111111110101111
1010011111111111
1111101011101011
0110111011010111
1110010100111111
1011011101010111
0111100101110111
0011101101110111
1011101011011111
1111100111101011
1001111111100111
0011010110011111
1101101111110111
1100101011111110
0111101001110111
1100111011010111
1111011001110111
1011100011111111
1110101111011010
0010111111100111
0111111101010111
1111111110010111
0001110110111111
1010111101010111
1111011000011011
0110111111110010
1101110001110110
1010111011010110
0111100101101111
1011111000011110
1110101001100111
1110110001011111
0111100111000111
1111100111011010
1110110101011011
1101110111011111
1110101101111011
1001110110111110
0000111101110111
1111110011000111
1011110011011111
1110101110111110
1110010011011011
0111111011110110
1111011111111110
1111110111001011
1111001111011111
0111111010111111
1011110010100111
1111100001100111
1111011111100111
0110101111011111
1100101011011011
1110111110011011
1001011110011111
0011101101101111
0101100110111111
1101111100111111
1011101011111110
1111110000111110
1011110100001111
1011110100110111
0110101101100111
0111110110111011
1110000011111011
1111101000011110
1111111100111010
1110111001010110
1110111100111011
1101111001100111
0011110111010111
0110111011111010
1101110110110111
1110011011001111
1100011101011111
1111101101000011
1111110100011011
0101111101100111
1110111101111010
1011100101010111
1010111110111111
1111111110110110
1110010111001111
1110011100110111
1100111010110111
1101011010110111
0010111111111110
1101110101100111
0111101110011010
1101011001111011
1111100110110011
1011110101000111
1111011010001111
1111111011110011
1010111101101111
1011101101100111
0111010001111111
1111111000101111
1100110111111111
0010111101011111
1111010010111111
1111100101011110
1111111110001011
1110011110101111
1111111111101110
1101110010111011
1101111111011110
1101011010011111
1101110101110011
0100011101111111
1111110001011110
0101011111111011
1111101101111010
1110110111111010
1100111011100111
0111111101111110
0111110100110111
1101011111101111
0111110100011111
1011011100111111
0110101111111010
0101111101011111
1011111111111011
1000111011111111
0001110111101111
1011101110111111
1011100101111110
0010110111111111
0011111001110111