1011111011011111
1111100110111111
1111011110111110
0110101111011111
1111110011101111
1011111010110101
1011101110001111
1111011110111101
1110110110111010
0111011011101111
1110110011110110
0110111111111001
1111101011101100
0111111011111000
1110111110100110
0100111111011110
0111111111100010
1001010111010111
1111111101111111
0101111111101011
1110110010011111
1110111111010110
0100101111111101
1101111011101001
1111011011111001
1110101111101111
1111111110100100
1100111010110101
1101001111011101
1110110011010111
1101111011111010
1100111011111011
1101111111111100
0110110111111011
1111101111001110
1101111010110110
0110110110011111
0100111011111101
1100101010111111
1100110011110111
0111001011111101
0110101011111111
1111101111111011
0110100111111111
1111111011110010
1100101111011111
1111010111111110
1101111110010101
0111110011011111
1101110111101111
0111010111111011
1110111110101011
0110110110111101
1111111111011011
1111011111111010
1011110111101011
1110011111111111
0111111111001111
0101111111110111
0111111110111110
1101011010011111
0110111011110110
1110110111100010
1111001011111100
1011111111111110
1010111111111111
1001111011111011
1100111111000111
1101101111111110
1111111010010101
1111110111011110
1110111011111001
0110110111110111
1101010111110001
1101111110101111
0111111111110101
1101111111100011
1011111111111001
0111011111110111
0111111111011100
1110111110111001
0110111011101010
0111011111011111
1110101011111101
0101111110111111
0111001111101100
1001111110011111
1110111111100101
1110110110110101
1111110110110100
1011111010101011
1011110110000101
0111001110101111
1001001111101111
1011101111111101
1111010010110011
1101110010010111
1111101111110111
1110111010011101
0101011111111110
1011011111111011
1111010110101011
1111110010111101