1101101101101111
1111011101110111
1111001011111010
1101110011111011
1111010111101101
1000111011111100
1010111011111000
1111110100011110
0101111011101011
1001010101101110
1111111101110011
1101001111100111
1010010010111111
1011111101000111
1100111101110111
1110110111010111
0111101110101111
1111101100111011
0111011110100111
1001111100101111
1110011111110101
1101011011111010
1110110000111110
1011111010011011
0111111110010111
1101110111001110
1111100111101111
1111001100111110
1111100111010111
1101111111001010
1011111110110111
1011011101011110
1111101000011111
1100111110111111
1110101111111110
1110001111001101
0111111000101110
0111010111101011
1110011101001111
1011010111111100
0101111101111011
1101011111001111
1011011110001110
1110111111011000
1101110110110111
1110001101111011
1001111111001011
1011110000101110
0111100100111111
0111101011001111
1111100011011111
1001111110111011
1011110111110011
1110101110010011
1101110101010111
1111011110101010
1101110011011101
1111111111110110
1100111101111101
1111110011100111
1011111111110101
1111001101001110
1110111010110011
1101111101011011
0101101101111111
1010011110111110
1100011111111111
1101010011011111
0111111111111101
1011010111111010
1011011000111111
1010010111111011
0011111111111111
1110011110110011
0111111101011110
1110101101111101
1010110101011010
0111110101001111
0111001001011111
1101101011111110
0111101101101110
1111001110101111
1101111011010111
0111001011111110
1010111111101011
0110111111111111
1111110110001111
1110011111111000
1111111101101100
0111001101111011
1011110101001111
1101110010011111
1101111011110011
1101011011101111
1101110111011100
1101111111111001
1111101011011101
1111111100001010
1111101011111000
1111111010001110
1101101111010011
1110100111111011
1110011101111110
1111101101100111
1010111111010011
0101111111001111
1111101100101111
1110011111011001
1111110111111001
0101111011011011
1101100110011011
1001110011111111
1111111110111101
1111111101001101
1110101100010111
1111011011101011
1010010111101111
1100101101011111
1001111101001110
1010110110111110
1111011011001111
1101011110111111
1110110110110011
1011110111101101
1110100111111101
1111100101111100
1101110001111110
1110011100111011
1111001001111110
1000111111110011
1111011101011010
1111111001111101
1101110100011111
1011101111111111
1110011111101100
1001111000111110
1111010011111101
1111000111111111
0111110011111111
1111010111110111
1111011010101110
1010011011011111
0111110111000111
0111011111011110
1110101010111011
1010111110101111
0101111110111111
1111111111010101
0111111011110111
0111111111001011
1101110111100111
1101010101011110
1110111011101111
1110011010011111
1101101110101111
1111010001101110
1010111011011100
1101100111110101
1101110111110011
1100110111111101
1000110111111111
1101101111001111
0111101111100111
1011111001111010
1110110010011011
0101001111011111
1000111111011110
1111101111101011
1111010110011111