0111110111011110
1111011101110111
1111110111101011
1011110110101110
0111011111110011
1101111110111111
1010101011111110
1111111111111101
0101011111110110
1101111111001111
1010101110110111
0111110101111111
1101010011110011
1111101011110110
1101110011100111
0110101101111111
1111010110010110
1101011001111110
0101111011110110
1100111001101110
1110110001110110
0111011111101011
1111101011100011
1111001111011011
0001111111111011
0011111111101110
1010110101111111
1110010011111111
0111110110111011
1110100001101110
0110001111111110
1001110111010111
0011110011111111
1100110101101110
1111100111110010
1010111111101111
0111111111000111
0111111011111011
0010101011111111
1000011101111111
1110111110110110
1110111010110011
1110111111011111
0000111011111110
1011001111111011
1011111101010110
1101100111111111
0111111101011110
1101011011010111
0011011111111010
1100001101101111
0011111011010110
1101010111101110
0101111001101111
1111010110111010
1110011111101011
1101110011011111
1111101010011111
1101101011111111
0111100111111110
0111101111101010
1011010011101111
1011111010001111
1011111001101010
1111111001010011
1011111001011111
1010100011111111
0001110111111110
1110111110101010
1111011010111010
0101010111111111
1100111111111010
1100011001101111
1011111110111010
1110011010111011
1101011111101011
1010111010111111
1010100111110111
1101111101011111
1001010111111110
1110101111100111
0000111101111110
1101010101101111
1111110011100110
0010100111111111
1101101111111110
1101101111110011
1011011010101110
1111110101011010
0111110111110111
1111010101111110
1011011001111111
1001111011011111
1110111011100011
0111111010011111
1111011111110010
0111001111101110
0011110111111010
0001111101110110
1111001011111111
1111101011011010
1111111100111111
1111101001011011
1111011111011010
1101111001110111
0101110111101111
0110111111101111
1111000111111111
1111101110111110
1110101111110110
0111011010100111
1011111111100111
1011011111001011
1011101101101111
1111110010111111
0101111111110011
0111100111101111
1111101001110111
1111100011010111
0001111011101111
0111101010110111
0110111010111110
0101111111011010
1111111111001110
1001011111011111
1100101111111011
0111101001001111
1101111101111011
1101010001111111
1011110111010011
1101110011111010
0111100110011111
0111011010111110
0101111001111110