1011111011011110
1101101101101111
0110111111111011
1111011000010111
1111011110111110
1101111111101001
1101110011111011
0101011100111111
1111011101010101
1111011111101111
0110101101111111
1111101011001111
1100101110111110
1101111011101110
1011001111111111
1011111011011001
1011101110101101
1011111010101111
0111111110010110
1110011001011001
1101111101101110
0100111111011111
1111111011001101
1011111110110101
1111111100111011
1110111110110100
1100111100011110
0011110100110111
1000111111111101
1110110101101111
0110111100110111
1101100111101101
1011111100010111
0100101111111100
0111111011111111
1110100111111100
1110101111101110
1111111100101111
0101111111111010
1010101111011101
0101111101010111
0101101110101101
1001100111111111
1110010100111111
1001111110111011
0011011100111101
0101110110111101
1101111101110011
1111010101110111
1110010111111001
1110111110011101
0111110111111011
1011111111110100
1111101100111111
1101101111011001
0001111111101111
0010111111111110
0011101111111100
0111111111110011
1111011011111110
0111111110111011
0000010111111111
1000111101111110
0111111111011011
0111011111111110
1011111100110110
1101111110111001
1111101111111010
1111010011111011
1111111010111110
1011111101101110
1001111111001111
1110001101111111
1100111011010110
1110111010111111
1110111111101001
1111011011110011
0101111110110111
1110011111110111
0101100110101111
1111011010011001
1011100111101111
1001011101111011
1101110101111110
1111110110101001
1010111111111100
1100101101111111
1101111110110101
1101111001001011
1100111111111010
1111011111011110
1011111110111010
0010111111011111
1101111011111101
1001101110111100
1111111110110010
1111010101111101
1100111110001110
0011011110011111
1000010101111111
1111001101111101
0101011111011111
0001110101110111
0011111111111011
1110001111111101
1011111001101001
0111010110110101
1011101011101110
1101011101111110
1000111111010111
0011111110110110
1011111110011110
0100111111110111
0111000101111111
1111110011110011
0111100101101111
1100011110011011
1111011101010011
1001110110111101
0101101111101110
1101111010111011
1111110111011111
1101101101011111
1010110110111110
1101011000111111
1101111011010011
0111111101001101
1111101101101110
0111111101111110
1100111101101101
1111111111100111
1101110100110111
1111111001111110
1010010110111101
1110101101011101
0100111100111111
1110111111010101
1111110101101100
1101100011111110
1001111101010111
1111110010111111
1100110110111111
1101111000110111
1111001111011111
1010111111111011
1001111011111111
1110110110101010
1111101111110111
0001101111011110
0011101110101111
1010111101111101
1011111110001011
1111010101111011
1011111101111100
1101010001111111
0111101111001111
0001110111110101
1110101011111111
0110111111110101