0101111111111110
0110110111011111
1101011100010111
1111101001101111
1001111111011110
1011011111111111
1101110100110011
0111100000111111
1110110111110001
1111110010010001
1011100110101101
1111011101010100
1110111101111110
0111101111100110
1011101011111110
1101111010010110
1111101011110110
1001111101111110
1101100100110111
1101111011101110
1111011111001100
1111000110101011
1101100111000110
1111110011000001
1111001111011011
1111110001010101
0101101101011101
1111011001100011
1011111011111011
0111111011100110
0111111110101111
1101110001011111
0111111101100101
1100111100111011
1110101111111111
1101101100010111
1000111111111101
0101101110111111
1101001101111010
0111001111101111
1111100111001011
0111011111010111
1111001011011101
1111111100101111
0111100111100111
1100110101111011
1111011001011110
1111001110110110
1110111110011111
0111100111111010
1111100011100111
1111111101001111
0111001101011101
1101100101011111
0111100101110111
1111001011101111
1110111011111111
1010110101011011
1111100110011011
1111110001100110
1110111110110111
0111111010110100
0011111111111110
0111101101111011
1111110110111110
1101111101011011
1001101111011011
1110111111101011
1111101101100110
1100011111111111
1101011111000011
1101010011011111
0111111110111011
1111011001010011
1111110111111100
1111100101101110
1101001111011110
1101101011111101
0111100001111110
0011110010111111
0111011111111110
1101100011010111
1111110100011001
0110111100111101
1011111111110111
0111000100111111
1101001011111111
1011111100011101
1001111101111101
1111101010110111
1111101111100001
1101011111111101
0111011111101101
1101101011101011
1111101011100101
0011111111111001
1011100111101110
0111101111001110
1011111010011100
1111101010101101
1111110101111010
0111011001111001
1100110111111110
1011110111001111
0011111111011111
1000111100111111
1101101011110011
0110111111110111
0111101110011110
1110011111111110
1110010111011111
1111100110001111
1011110001101110
0111101011111010
1101110011111101
1111011110011011
1111011110001110
1111011101010010
0111011101110101
0111110101101101
0111100110111101
1111100101010011
1101011001010111
0001100111101101
1001101111001111
1011100110011111
0111111101101110
1111101010011011
1001111101101011
1111011010100011
1000110110111111
1111110101100101
1101100101101001
1011110001101101
1111011001110010
1101011011001111
1101111011011100
0101111011111111
1101111110101111
1110011111111101
1001101110011111
1110011110111011
1110110111101111
1101110011111110
1111100111100010
0111011110110101
1010111101111001
1001111011001111
1110111101110111
1001110111111010
1111110010100101
1001111010111111
1111010111110111
0100110101111111
1011110001011111
1111001001111101
1111101111011100
1010111110101111
0110011101101111
0101011111011011
0101111100111111
0101000111111111
1101010101011110
0111010111111101
1101111011011010
1111111010101000
1111101110100101
1111101001110111
0111111011011111
1111111100111100
1111100101011001
1111000101111101
1011111110001011
0111110111110011
0111010101101011
1110010101111011
1101111111110101
0011110100111101
0111111001110101
1011111101011010
1111000110101101