1111101101101011
1011011101111111
1110100110111111
0111101011110011
1111111111111110
1110011101101111
1111111101111101
1111101100011111
1100111010111101
1111111110011001
1111101100111011
1100101110111111
1110111111010001
1101011011111111
1100111001101111
1110111011101011
1100111110100111
0111110111011101
1101011110101111
1110010111111011
1110101010110011
1111101011101011
0101111101111011
1110101111101111
1111111100101111
0110101111110011
0100111111010111
1001011111111111
1000111111001011
1111111011000001
1101100110101111
1101110111111011
1011011110100111
0100111101100111
1101101110011111
1110101111111001
1100111110001011
1100111110010111
0001111101101111
1011110111011011
0111111101110011
1100011101111111
1110011101111011
0100111101001111
1111101111100111
0110101101010111
1010011110111111
0010011111100111
1011111101010111
1110011110011111
0111011001111111
0011100111111011
1101011110010101
1011111011111111
1010011111011111
1111100111010011
1101010111101111
1111110001011011
1001101110111111
1101101011111111
1001110110011111
0111011011010111
1100111011010111
1110011011111101
1011011111000011
0000111111111101
1101100111111101
0001111111110011
1101110101111111
1111110110101001
1111010110111011
1110011111100101
0111110001111011
1010111110000111
1110110101100111
1111101110110001
0111100011011111
1111100010011011
0111111110111111
0101101111111011
1011110101101111
0011101111111101
0100111001011111
1111011110011011
1011110110100111
1111111010100011
0111111011011011
0111110111101001
1111011011011101
1011101111110111
1000111110111001
1111111101000011
0011111111011001
0111101111101111
0011011111110011
1110110111011111
0111110111110111
1000111101101011
1010110110111111
1111001111111111
0110110011101111
1111100011111001
0101111111110001
0110111001010111
0000111101110111
0111010111111111
1110011110111011
0111011011111101
0001111111111001
1111111001110011
1100011111011111
1000101101111011
1011111100111111
1101111101001011
1011101110111101
0001110111101101
1100111110110011
1111010111110111
1011010110011111
1110110011110111
1001111111011101
0100111111011011
1100011111101011
1011010111101011
0100101111110111
1111100001001111
1100111101010111