1010001111111100
0110111111111010
1110011111001110
1111110011110100
1011101110101110
0111010011110101
1101110100111101
1001101111111111
1011100111011110
1001011100011111
0110111111100111
0111100011110111
1101111110111000
0111101111100110
1001111111100110
0011010111011110
1101000111111111
0101111001001111
1111111011010101
1111111110100111
1111010101011011
1101011111000111
1011101111111001
0111111111100010
0011001111111111
1110110111010101
1011000110011111
1111001111110101
0101111111111011
1101110011110101
1111101110101101
0111110001101111
0111111101011100
0011111111101100
0111011110111110
1101111111110010
1001111111001001
1010101111101110
0110111111111100
1110011011111111
0110110011110111
1111100111011101
1011011101101111
0111010111101110
1111011011110011
1111110110001111
1000111111110110
1101011111010001
1111101011011110
1111010000111111
0111110001111010
1101111010101100
0111010011111100
1111110001111000
1101010011101111
1110111011011111
1111111101001100
1101101111111101
1110111110111111
1101110111011111
0110111011101001
1111111110010001
1101110110101100
0111110111001111
1101111101011100
1101011101001111
1111011010011000
1111011111110010
1011111110011100
1111010100101111
1110110101111111
1110101111011110
1111010111000101
1001011111011101
1111011101101011
1111111101110111
0111110111110001
1111101011111101
1111010101001111
1111011000101111
1101110110111010
0111100111011111
1111101111101000
0101011011101111
0110011111101111
1011110111101111
0111101111111010
1111110111101000
0100101011111111
0111111010111111
1011111101111110
0100011111111111
1110111111111000
1101101111111010
1100111101111011
1111011111100110
1100010111111111
0101111111100100
1111011001001111
1101111111101000
1100110011111011
0111011100101111
1100111111010011
1000111111011110
0011111110111111
1101101011000111
0111011101111101
1111011010001001
1111010101101101
1111101110011001
1111001111101111
1111010011111000
1111111000011101
1111011100111101
0111110011010111
1100011111111011
1110101111101001
1101101110101011
1101101110011110
0011010111111011
0111110110111011
1011111111000001
1110000111011011
0111111111000111
1101010101111111
1101011001111101
1111111111010110
1101100110111111
1111010111011000
0111111110011011
1111110111000011
1111101101111111
1101011110101101
1011110111111101
1010110111111110
1101101010111110
1101011001111011
1101011111111110
1111100111110101
1110011111010011
1111011010001110
1100111001111111
1011111011111111
1111011111101010
1111111101001010
1111111011110010
1111010110111000
1011011110011011
0111111011001001
0101110111111101
1101111100101111
1111111110101010
1111110110110111
1111111100101011
1110100011110011
1101110011101011
1101110101111110
1111011101011110
0111001111111011
1110100111100111
1011110110011110
1111110101011001
0010011111110001
0111011011011111
1101011010111101
1101011011110101
1011011110011101
0101101011100111
1011101111110111
1111100011101010
1111010010111011
1101101110110110
0111110011101110
1110110011111110
1111001011111111
1111110000011111
1111010111101001
1110100111101101
0101111110010101
1100111011110111
1101111110110001
0111111101101101
1111111001011011
1100111111101111
1110111101011111
1100011111110101
1111011100011011
1011011101111101
0110101111111011
1011111111111010
1111101111110000
1101111101111010
1101010110111001
1010001111011011
1111011100111110
1010111111010101