1101001011111110
0100011110111111
0111111111100110
1111110111010111
1011110111011110
1111011110110011
0001110110110101
1101111011101111
1111111011101011
1101111111001010
1011101111111001
0101110111101001
1100111111001001
0110111111100011
1110101111111111
1111010111111011
0011101110011111
0100111111111011
0101111111111010
1110111110100101
1111001110110110
1101111011111011
1101111111110011
0011110111110110
0101101111111110
1111101000111011
1110011011111111
1111101011011100
0111010011011111
1101111110111011
1101101110111100
1110010111111110
1111011011111100
0111110110011100
1110011111110110
1111010111011100
1011111111010001
0111001011111111
1111011000111011
1011110111001111
1001001111011110
1101111011111101
1111111011111010
1011111101001001
0111110111110100
1110011100101110
0110111100111111
1111110111100111
0111011111011010
1111111101011010
1111101110101010
0101111111001111
1111111010101101
0110111110111110
1111111100001111
0111101110111001
0011101111100111
0111101111101101
0011011110111000
0010111111011011
1001111111101111
0111110111001110
1101110111011111
0011110110101110
0110111110111101
1111011011110110
1011001111110111
1101011111110110
1001110111111010
1111111101110111
0111101011110101
1101111011011110
1111100111111111
1100111110110111
1101101111111011
0111101111001111
0011011111011111
1011010111110111
0011101111111011
0101111101111110
0111011010111111
1111101110011000
0011110111101100
1011011111010011
1111101011001111
1111101111010110
0100111011110111
0100111101111101
0111101111011001
1111111100111010
1101101111101111
0111010111110101
0010111111111101
0001010110111111
0111111001011001
1111001111010111
1110111110011111
0111011100111111
1010110111111101
1010111111110111
1111111111000101
1110111101111011
0111001110011011
0111110110101010
0111101110011010
1111110011101100
0100111010111111
1111011111101011
1011111011111111
1111111011110011
0100110110111111
1111101101111110
1110111110110001
1111001110101111
0000110111111111
1110111111011100
0101111110110110
0010111111001110
1101011010111110
1011011111110101
1111011101011110
1011001101011011
1111011100101101
0111111111010111
1111010011001111
1111111010110110
1001111111110100
1101101101011101
0111010110001101
0101011110101101
1111010110101100
0110111011110110
0011101101011111
1011011110011101
0101111101011011
1011101111001111
0111111101101111
1111111111100010
1111111101101000
1011111110100111
1111011101111100
1101111111011100
0011101110110111
0111111110110010
0111011011111101
1111110101111111
1111101010010111
0010011110111111
1111011010101110
1111001011111101
1110111011101111
1110110010111110
1111011110010100
0010111111101010
1011011110010111
1101111110011111