1010101110101111
1110010111101100
1110111011010110
1001101111111111
1111100111010101
1101111111001111
1111011101101111
0111110101111111
0101111000111111
1011110110001110
1010000111101011
0101110111011101
1111111110100111
1111110101001011
0011110110111110
1111111111110010
1111111111001001
0111110011001011
1011110001010111
1011001011101111
0110010111101011
0110111110101110
1001111111111100
0111101111111101
0111111111111010
0101111111111011
1110010111100111
1111101011101010
1111100110011001
1101110111111010
1011101001111010
0111101110101011
0011110111110111
1110110100111110
0011111001111111
1110011011111110
1100101111110111
1100100110101101
1101110110011101
1011010100111110
0110111001111111
1011010101111101
0111010111101110
0111110110011100
1111111101010110
1010011111110100
1111101011011111
1100111101111010
1111011111100101
1001110011011111
0110111011101110
1110110101100110
0111011001011110
1111111010001111
0110111111110111
1011011111001110
1110101111100110
1110110001011111
0111101010110011
1101100111010110
1011110011110110
1111011110001100
1101111101011101
1111011011110111
1011111011101010
1110101101101111
1111011110111010
0111101111001011
1101111111101100
0101101101101111
0111111111101100
1110111001111110
1110001101110110
1101111001101011
0101110111010110
1011011111111001
1010111111111010
1001111011111110
0010100011111111
1110111111111001
0110001111111011
1110111110111011
1011011111111010
1110011101111100
0110111101111011
1110100111001110
1010011101111111
1101110110111100
1111001001111010
1111111101110011
0001111010101111
1111101011110110
1001111101111110
1111101100111011
0111101101111110
1101101111101001
0111000011111011
1111010001011111
1110100011111011
1011101111011111
1101100011111111
1011101001101011
1110111100101100
1010111010101111
0011001101111011
1101101010110011
1011010111111100
1011110111101100
0011111111111100
1111101100101101
1111011010111111
1110111110011110
1111111000011010
0011101101101011
1000110111110111
1111111011111101
0101111100101111
0111100111001111
1101111101111100
1111010111001111
1111001111111001
1101011111111111
1011111111010011
1111111100101000
1011111111011100
1111100111110100
1111110111110011
0111110111101101
1101111100111101
1011111110111101
1111110111011010
0110101111101011
0011001110111111
1111101111010100
1110111111011101
0110110011011111
0111000110111011
1011011011111110
1111110110110111
1111111000101110
0110101111001110
1110011111011111
1101110101111111
0111000111011111
0011111111011111
1100111011111111
0111010110101111
1101101111011100
1110111101011011
1111100011111110
1011110101101111
1010110111101110
1101110010111111
0101100111011110
1111100101111111
1111001101011110
0111111111010101
1110101010101111
1001111101101001
1010110101110101
1011101111110111
1111111111000111
0011011101110110
1011101110111011
1111000111111101
0100111101101110
1110100111011011
0111010111011110
1111011110110101
1111111011010011
1101110011101111
1011110000111110
0111010110111100
0101111100011111
1111011110010111
0111111001010111
1010001110111111
1110101101110101
1011111111111000
1111011101011011
0101110111101111
1010101011111011
1011111001001011
1111101110111110
0111011100011101
1011111111100110
1110110010111110
1000111101010111
1111101111011000
0111111100101101
1010111101111110
0110110110111111
1110101100011111
1110010101111011
0101110011110111
1101111110011110
1001111001011111