1111100101110111
1010011101111111
1001111101011111
1111011011011011
0110101011111101
1111010101101101
1001010101101111
1101011101011011
0011011011111111
1101111101110111
1011110111111011
1000011111010111
1110110111010111
0011010111011110
1011111101101100
1111101111010111
1110101011110110
1101111011011011
0111111011111100
1100010111011111
0110111001011111
1100001011011111
1010011111111101
1111100101001101
1011011111111100
1110001111110110
1110011111010110
1101110101011011
1110111101011101
0011111111110010
0101111011110101
0011111011110110
0100110101011111
0111111011010110
1100011101011111
0101111111010111
1011110101111100
1010111011111101
1110111101111011
1000110111011111
0001111101101111
0011111011111010
0010111111111110
0101101111111111
1111111001101011
1111010111011011
1011111111011101
0111100101101011
1001111111111011
1011110011101110
1101110111001011
1111100101101110
0001010111111111
0111010011101011
1110000011111111
1000111101111101
1101111111111110
1101001011001101
1110110111111110
1010111111011110
1101011111110011
0111100111101101
1101100101111101
1111001111011100
1101001001101101
1111101011011110
1011110101110110
1111010011110110
1101110101011101
0111101011101101
1101110111010011
1110111111101111
0111111111001111
1110011001010111
1111110011111100
0100011101111111
0111000101011101
1111000111110011
1101000101001111
1111110101011010
1111111110111111
1010110011110111
1110100011110111
1111111111100111
0011011111101111
1110101101110100
0111001111111110
1011101111111111
1111111001111100
0110011111110111
0111111111011100
1110010011110011
1110010011111101
1111000111111110
1111111111111001
0011110001111101
0101011101111101
0110011111011111
1111111001011011
1111111111010100
0101011011101111
1111011011110101
1111100001111011
0100111111110011
1010011011110111
1111001111110010
0011111101111011
0011111101101110
1001111011111111
1011111011110100
0110110011111011
1011011101011011
1111110011011111
0001110111110101
1100011011111101
0111011101010110