1111101011101111
0110101111111001
1111101111110001
1111110110011111
0011011001111111
0111000111101111
1111111111111100
1110101110111011
1001111110101111
1111111011101011
0110111110010111
1001011111111101
0111001111110011
0101111111111011
1101101110100111
0110111001111011
0110110110110111
1100110111010111
1001111001111111
1001110011011011
0110110111010111
1001101101011111
1100011101111110
1111101000111011
0111101011011001
1011011111110111
0110111101011111
1101101011111101
1001110101111011
1011101101001101
1011100111011111
1111101111001001
1001111111001111
1001100110110111
1011001001011111
0101111111110101
1101111011111110
1000111111110101
1011101111101011
1110111111101111
0111111111001110
1011011110111111
1111011000011011
1011111111010111
1110111111011011
1011111100011011
0110011011111111
1111111100001111
1111110011111110
0001101111111110
1101011110111111
1101011101001110
1110110101111111
1011010111011111
1101111111100011
1111001001111110
1011011011011101
1010101111111111
1111100111011011
0110110011111111
0111111111101101
1111011111100001
1111111101110111
0111111011011110
1101011111010010
1101110111111101
0011001101111111
1101101111111011
0100100111111111
1111011111100110
0111110111111101
1101001101111111
1011011001111011
1110100111110111
0111110101011111
1011011101111110
0011000111111111
1111011111010101
0101101010111111
1011111011111001
1111111011110111
1110111000011111
1011101011111110
1101101100111110
0101100111110111
1011101110001111
1101111111101010
1110001110010111
1010011011111101
0110010111110111
1110011111010110
1100010011111111
1011001111011110
1011111110001110
1111101000011110
1111111011001110
1110111100111011
1011100001111111
1011111111011010
1011010111111101
0011111110111010
0111101001011111
0011111111111101
1010111111110110
1001111100111011
0111101010111110
1011111010111011
1110111101111010
1011110111111110
1010110111111111
0111111011001111
0111101101111011
1111110110111110
1101111101011011
0011111011111011
0101101101111111
1000111101111110
0011101000111111
1100111001111111
0111101101101110
1110101101111111
0111010111111010
1001111101101111
1011111111001011
1100111111111010
1101111001111101
1111111001111001
0111111101101010
0110101110111111
0011111100101111
0011111111011111
1111010110111011
0111110011111011
0111001011011101
1101011111101011
0111111111110110
1110110010111011
1110010111011111
0110011110110011
0111111111010101
1111110001011111
1111111110111101
1111001010111110
1111000111110011
1111110111011110
1110111011111001
1110100011011111
0111001111011011
1011111001101110
1111000101101010
0111011110101111
0111111000011111
1111110101001101
1111011101011010
0111011011011011
0111010000111111
1110111111010101
1011101111100101
1111100011111011
1110111110010110
0110111010111110
1001011011011011
1100101010011111
0101011111111111
1111110111010001
1110010111110101
1101010001111111
0011011111101010
1101111110011110
1110101011111110
1101011011111101