1000001111110111
1110110010111101
0110111001111110
1000111111111001
1111001110110011
0101011110111111
1110111001110111
1011110011111101
1111100111010101
1100111111110110
0111011011010101
1111111010011101
1101111111001111
0111110101111110
1011111111101101
1111110001101101
1011110110110110
1110010011011111
0111001110111011
1101111011101111
1011011111110011
1100111000111101
1111010111010101
1011110101111111
1010111100111101
1101111111110001
1000111011011111
0111111011010110
1111101110101100
1111001110110110
0010110011111111
0111110110110110
1110101111111001
1011101011101011
1001001111111110
0111110111010110
0111111110100111
0001001111111011
0101111000110111
0111101001110111
1001110111011101
0101101111111001
1111010111011100
1101011111111100
1111101010101101
1101110111111110
1011011011011011
1101101011110011
1111100111100101
0101111111101101
0111101111001101
1111111000110110
0101111010110101
0110111111110111
1111001111111101
1111000111010111
1111111011100001
0010111101111111
0011001011101111
1111010011101111
1111011110011011
1111111010100011
0110111110111111
1111101011011001
1111100011011101
1101101001111101
0110010111011110
1101110111111001
0111100110111110
1111011010000111
1101110110101101
1111111110010001
1110101111001101
1110111110111110
0011100111110011
1110110101111111
1011001110111111
1011110110101011
0110001111111111
1100111110011011
0110100011111101
0001111110101111
0111111111101110
1110110111011100
0110011011111110
0101101111110100
1011011111001011
1111111101011111
1110111111100101
1111110011110111
1001100111110111
0111111110101011
1101111010111110
1011111101111100
0101111101111110
1011101111011001
1100101011011011
1101101101110101
1001110111110011
1111110110100100
1101111111101011
1111101111010110
1110111111010001
1111001011011011
1110101010111111
1000011011110111
1010011011111100
1000101111011110
1101111111010101
1011111101111011
1110011111010111
0011010111111011
1110010110111101
1101111101110100
1111110010011110
1011100111111110
1110000110001111
1001011111101111
1111101010110011
1111010111011001
0111111011111011
1010101111011101
1111110111000011
1111011010111110
0101111110011111
1011111011110011
1110111101111001
0111101010111110
0101111101100111
1101111101110011
1011101101111101
1110111110110111
1111101100111110
0100101101111111
1010010110101111
1111001011011110
0111011111010100
0101111110110100
1110101111101100
1110100011111110
0110100011101111
1111110001111100
0111111111011011
1011110110010101
1110010110111011
0110101111011110
0111110011011111
0001110111111111
0010111011111100
1100011111111101
1100110111111111
1011110110011110
1011111010111111
0011111111011111
0101110100110111
1011111111110001
1011010011111111
1001101101101111
1101010111110111
1111101101101100
1010110111101110
0111111101111100
1111011101111111
1111100101111111
0111101111010111
1101001110111011
0010101011111101
1101101110110100
1001011011011110
1100111011111001
1011100110011111
1011101001110111
1111101111000011
0011101100101111
1111111011010011
0111111110110011
0110010011111111
1101111101101101
1011101110011011
0111101100111011
0111001111111110
1111111111111010
0111100011111100
1011011011101110
1110011111101100
0101100110111011
1010111011001011
0101011111110011
1011111111100111
1110110111101101
1101100010011011
1111110101100011
0011111110110111
1111010110101001
1001011011111101
0111011011000111
0011111111110101
1111111111001110
0101001111011111
0011111001110110
1101011011110011