1111110010110011
1001111101011111
1101010110101111
1111111001001111
0011101111101110
0001011111111111
1101001011111101
1111100011110100
0111110100101111
1101100111111011
0111110111011101
0010111111101110
0001110111011111
1111110101111101
0010111111010110
1101111110111110
1110101111111110
0001110101111111
1111101111100100
0101101111110011
1111110100110011
1011111011011011
0111111001111010
0111011110111111
0101111110101111
1101111011111010
1001101111110111
1111111100011101
1010011111111100
0111111111110010
0101101111111010
1101110100111011
1111110101110110
0110011111111110
1111100011110010
1111111101010111
0010101101111111
1111101011100101
0100001111111111
0101010111111111
0111111111101010
1101110111111110
0101011011111100
1111100111011111
0101111111101100
1101110111010011
0011111111111010
1011101111101011
0111111101110111
1110111101101110
1111011110011011
1111110110101110
1101101111111100
0111100110111110
1110111110111111
0001101111111110
1111100110111011
1111010111010110
1100110011111111
1111110001111011
1011001110111111
0010101111010111
1001110110111111
1110111001111101
0111011111110111
1110111111111011
1011111101100110
0101111111100111
0110011111101111
0001101110111111
0111111011011111
0000111011101111
1001111111101010
0111100111110101
1110111111001111
1011111100001110
1111111110010101
1111111100011011
1101011110000111
1011111011101110
1000111111011110
1101001111111010
0101110101101011
1111100011100011
1101001111100110
1101111101110110
1011101110110110
1011101011111110
1101010011110011
1011110101011110
1011111011100111
0101111011110111
0111100110100111
1101100110111101
1101101111101101
1110110111110110
0100111111011110
1101111010110111
1111101110011110
1111011111101101
1101110001011111
0111111100101011
1110111011110111
1010001111011111
1101101011000110
1111110110111100
1111101011001011
0111110110101011
0011111011111011
1100011111111110
1010111111011101
1011111111010011
0111101011111111
0011100111111011
0011110111101111
0111110111001011
1111101001111010
1111101010110110
0111111111000011
1111111111011100
1101011111001011
0111111110011111
1011110111110111
1011111010111111
1011110110011101
0010110111111101
1000111011101101
1101001111001111
0011111110110110
1111111111011010
1111011101111111
0111111101111101
1100111011011110
1011010011111011
0100111101101111
1111010011110101
1111000111110011
1111101111000011
1101010110111101
1100111011011101
1011000111111111
1111010010011110
0111111110111101
1111101101101111
1101010011010111
1010111101100101
1101001011010111
1111000111111110
1111111111111001
1011111111001101
1111111001011011
1110111101011111
0101011111011011
1111000110101111
1111111110101101
1011101110100111
0111110011100110
0011111111110101
1011101111111101
1111101110011011
1101110101110111
0011011011111100
1111111110111010
1111011011101111
0101100111111111
1101111001011101
1101101111010101
1001011011111110
1111100100111111