0100111111111111
1011101111011001
1111100100111110
1111110110111001
0011101110111101
1111001110110010
1101101100111101
1011110011111101
0111111100101111
1110111111111110
1011011011101010
1111001111101111
1111011101101111
1001111100101111
1111101000111110
0111010111001111
1011110011101011
1111111000100111
0101011110111101
0110011101111111
1111110111110111
1101111110111100
1011111110110110
1101011110101111
1011111110001111
1111111011001111
0101111000111101
1111110010011110
1011100111111111
0111101011101011
1011010111001011
1011010111111100
1111100111001011
1111001110011110
1011110010111010
0111111111111110
0111011110001101
1001011111111111
1101101110110111
0111110010111101
0111111001100111
1011111011110010
1010101101111111
1111111101111001
1001111010101111
1111101111100110
1011001101111010
0110111111111101
1001111011010110
1001101111011111
0001111110110111
1111001010011001
1111001011110110
0011101010111011
0011010110011111
1111111111110101
1011101011110111
1011111010111000
0101111111101111
1110010111111111
1011111000110011
1001110010111111
1001111101111101
1110111111010011
1111111111101000
1111011011110011
1111011011111100
1111101010110110
1001111110010111
1001110111101101
1111111000101110
1111100111111001
1110101111011011
1100110111111111
1101000110111101
1111100110101110
1111100111011110
1110110111011001
1111011110101110
0111110001111011
1001111110111101
1011110110011100
0111001111011001
1001111111001100
0101110011111111
1101101111011101
1111010011101011
1011011111001110
1110111111101111
1111100011111111
1111111010101101
1111111010100010
0111011110001011
1111101100101111
1111101010101111
1101101001111101
0111011011111111
1111011111011000
1111001000111011
1111010010111011
1110111110111111
1111101111001100
1011111101101010
1101110111011110
1101111111111011
1011001011011011
0011110110101111
1111101100110010
1001111101110111
1011110000111111
1101111101101101
1011001100111111
0010110111111011
0111011111110111
1100111011110111
0111111111010011
1111000101111111
1110001001111101
1011101010111001
0101101110111101
0111100111101011
1111101111101001
1111111101011111
1111101101101101
1011011101110010
1010111011011101
0011111101111011
0111111011011111
1101111000110110
1111110100101110
1111111010010011
1111010010111110
0111111000110111
0111101110101101
0111101111001111
1011011010011111
1011111110101101
1011111100100111
1011001101110110