1010111101011010
1111011010010110
1101111010101011
1001111101011111
1111101100100111
1111001110110011
1001111111100101
1110111101111101
1101101111110101
1111111101111100
1001111010111010
1101111010110010
1111111011001001
1111101100111011
1111101111010110
1111011110111101
1010001110011011
1110101111101001
1011101101011011
1000101111011111
1011101110101101
1110111110100111
1011001011001101
1111111000111101
1010001111101011
1000111110110110
1111011011100111
1110111111111100
1000111110110101
1111111111110001
1101111111001001
1110111100011111
1010111000110111
1001111110101000
1100001111111111
1110101010110011
1101001111111110
1011111011011011
0111111111111111
1110101111101110
1101111011100111
1111110111111111
1001011111111111
1101111010011110
1110111110011110
1111111011000011
1110011110101010
1110111010110010
1101111100011001
1011101011101011
1001111110010101
1100111101011011
1101111110100010
1111011111000110
1100011111111110
1011111111011100
1011111101010111
1101011011010110
1011101101111001
1111111001110101
1011111111000101
1101001011001101
1011111101101111
1001111010011101
1011111011100100
1111011011110011
1110011111110111
1111001010011110
1101111110000011
1101011110100111
1110101001011110
1000111100111111
1010111011001111
1100111011111111
1001101010110111
1111111100010110
1011111011101000
1001101111101110
1111111010001111
1111111101101110
1111001111111100
1101011011110100
1010111111010011
1101101101100111
1111101110101010
1111001011010101
1011111110011110
1111011101111111
1000111110011111
1011011010010111
1011111000011111
1001101111110110
1100111101111110
1111101010011011
1110011111111101
1011011011111011
1110101101101111
1101011010111011
1000111111110010
1110101111110101
1111111001110011
1111001110001110
1101111101001011
1100111110011001
1110101110111110
1101111001011111
1011101111100100
1111101110001101
1010111110101110
1111001010010111
1110111101101011
1010101101011111
1011001110001111
1010101111011010
1101011110011111
1111111010011100
1001111110110011
1101101111111011
1110011011101111
1010101111110011
1011101011111001
1000111111101011
1001101111101101
1110111001001111
1110111000111011
1101101010110110