0111101111111000
0010111100111111
1110011110111111
1110111001110111
0110110101111111
1011101001111111
1001111110101110
1111100101110101
1001111010011011
0111111011010001
0101001110111111
0111100011110101
1011110101111111
1110111111110011
1101110111010101
0110111110101111
1110101111111111
1111001110110111
0100111111111010
0001101111111111
0111101011011111
1111101110101100
1011011100011110
0111100100111111
0110111001001111
1111111000111100
1111100100110111
0011110111110111
0011011110101111
0110011001111111
0111011110111001
1001101111110011
0001111110011111
1100111111111000
1111111001110101
0111011101000111
1110011101101110
0011111001100111
1111101010011111
1011110111001110
0111111100111101
0101100110011111
1101001011111111
1111010111111111
1001111011101110
1101110111101111
1100110010111001
0111101110111110
1010011101101111
1111100110101110
0011111010011011
1111111000110110
0110011111101110
1111011010011111
1101111011100101
1011111111010111
0101101111011001
1010111111111110
0111011101001101
1101101111111110
1110111010010101
1111001111100110
1111111101110100
1110110111011111
1101001111110101
1111011111111100
0111111010111001
0110111111011101
1111001110001111
1111011111011011
0101011011111001
1101101110111011
1111110010111110
1010111010011111
1010111111111011
0111111111101000
0111011001011101
0111011110011110
0110111110110111
1101111010001100
1110111111100111
1111100111110110
1010111001011111
1111101100100110
1111110011101111
1001111011110011
1111110111110001
1111110101010111
0001111011111111
1101110111110110
1011111011111010
0111001110011101
1110011001101111
0111011010111011
1110110000111101
1101101111101111
1111100000111111
1011110111110011
1111011110101011
1111001100111111
0111110111111011
1111011010111101
1111101011001011
0111100110101101
1011011011001110
0111111011001010
1111001111010101
1111110111111100
1110111011011011
1110111001011110
1011001111101110
0011101011100111
1111111101111011
0111101111101010
0110111011101101
1110111001011101
0101111111101111
0101011110011111
0111111010101111
1111011010100111
0111111110001111
0101110111111101
0010111111001111
0111110011011110
1001011011111111
0111001001111111
1111101111011010
1011111010111110
1101011111101011
0000110110111111
0011011010111111
0111111101001110
0101111011111000
0011111001111110
0111111111110110
1110011011011101
0101111011011011
1011101111001111
1101111101111111
1011111111111101
1111100011111001
1100011111110110
0010111010111111
1111011100100111
0011001011110111
0101011111110011
0101110010011111
1101111110011001
1110111100001110
1011111000101111
1111110110110101
0110111010111110
0110111111101001
1101111110110111
1111111110111010
0111001111111010
0111101101111101