0110111111111010
0001111001111001
1010111011011111
1001111111111000
1110111001110111
1111111001001111
1001111111100100
0110011111110011
1101001101100111
0111101111100101
1101111111001110
0111000111101111
1011110101111010
1100111111110111
1100111110111001
0111110101111111
1000111000111011
1101111101010101
1111011111001101
1101111011101110
1101110111100010
1110110011110110
0101111001110111
1101011011111111
1111100011110101
1111010101011011
1111011011111010
1101011111000111
1111100010111101
1110110101111101
1010110101111111
1011101111111001
1111100111010111
1101101011111011
1110101111111111
1101101100010111
1011010101110111
1001111111110011
1001111011011110
1011110101100111
1111101011101011
1110011111110010
0111011111100111
1011100111101011
0110111101011101
1111100110101010
1111101111111000
1110111100011101
1011110110001010
1111111000110011
1111001111001111
1010011111110011
0111111111110010
1100111011101111
1111011111110101
0111111110111011
0111110111010111
1101001111011111
1111100110011111
1101101001110110
1001101100110111
1101010111101111
0010011111111011
1111111001110101
1111011101101101
0111001001011111
0001011111110111
1101101001011111
1010111111101011
0111001101101111
1111011011111101
1101100100111110
1101011101110011
1001110110101010
1011101111010110
0111010011111111
1111111010101111
1010110111110111
1111101101000111
0110111111010111
1000111110111110
1010111010111110
1110010011110111
1111111100110010
1111111100001010
1010110110111001
1111101111100010
1111011010011011
1101111110101000
1110111101101110
1111110010111011
0010111001111111
1111110011110011
0111111011001110
1110011110110110
0110011011111111
0011101111100110
0111101010111101
0101100011111111
1100111101111110
0011011111110011
1111010100111001
0011011001011011
1011111011101011
1100111111011001
1111011111111100
1110110101111110
1110110011101011
0011111011100110
1111100111011011
1111110111101101
0011110111111001
1011100110111011
1110111101101011
1011111100100101
1000111111011101
1110111110101100
1101100101111011
1111000100111111
1110111111001101
0101011100111101
1101110111111100
1110110100101111
1111111101110000
1011111100001111
1101110001011011
1011111101111100
1111110101010100
0111101001111001
1100111110011111
1101101110001011
0101101111110111
1011110010111111
1110111111100111
1111010110011111
0011111110111111
0001011111011111
1110011110011101
1111100111110110
0101010110111101
1011111101100001
0100111111011101
1011010110111010
1111111110000111
1101011110010110
1010110110101110
1010011111011101
1011101011111111
0110110111111111
1111011010110111
0111001111010110
0111111110110101
1110110110111010
0000111011111011
0111100110100111
1011111100101011
1100011111101110
1111101000011111
0011111101101001
1010010111111101
1101111110010001
0010111111111100
1010111111011011
1111101010110010
0111000111111101
1111001111111011
1001111111011011
1011110111110011
1101010100111011
1111000110111110
0101110011111011
1011001110011111
1011001101111111
0111000111111110
0111101110011111
0011110011011111
1111111011011010
1010010111111011
0101001101111101
0011100111100111
1011111000011011
1101101100110101
1111011111101011
0011101111011111
1110010110111001
0011011101111101
1111111011111100
0111111011100011
1001101101110101
0101111111101111
0001111101010111
1011110011010111
0101101100111111
1111110101101011
1101111110010100
0111111101110001
1011101110100101
0110111100011111
0011111111000100
1101100001101111
1101101100011011
1111110111011001
0101110111111010
1111011101111110
0111111110111110
1001011100010111
1001101111110110
1111111010010110
0011011011110110
1011111010110010
0111001011011110
0011011101110111
1111101101111010
1111111010110001
1111111011011101
1110010111010111
1011010011011011
1110111011101101
1101111110011010
1111011100011001
1111110001010111
1011011011101111
1101001111101110
1111101111011101
0100111110111111
1101111001011110
0111111101001010
1111101101101001
1110011010011111
1111100101110001
1100110110111111
1111110110110100
1001111111011100
1111110101001110
1011110110110111
0011111101101110
1001111110111100
1011011100100111
0011111111010011
1110111011001011
1101111000011111
1111101110111100
0111101101110011
1110011111001111