1101100011111001
1100110100111101
1111001011011001
1011110110110101
0100011111110111
1101110111110101
0011001111111011
1111001111101110
1010101011111110
1111101111111100
0101011111110110
1001111111100110
1011111111100010
1110001101101111
0101011101110111
0110110111111111
1011100111111001
1011111111101101
1101011111100001
1100111111101010
1111011110111101
1101011001111111
0000111011111011
0101111011110110
1111100101110101
0101111101110011
1100011011111011
1011011101111000
1100101011101101
1011011111110011
1110110111110111
1111110111001111
1110101101110111
0011111101101011
1001101111111001
1011001111011101
1001110101111110
1110111111110001
1011111001111101
1101111011110101
1010111001111110
1100011111101100
1111011110100110
1101100011100111
1010101011111101
1111100111101101
1110001111110101
0011110011111111
1110110010011110
1110111000111110
1011101111100111
1110011101110110
1111111111010111
1010111111011011
1111111001101101
1111101111100101
0110111111111110
1110101111101110
1101111000101110
1011110010101110
1110100010111111
1101101110110111
1001100111111111
1011101101111111
1001101011111111
0011101111101011
1011110101111101
1010110111111111
1011110111011011
1110111000111101
1011111100101111
1001111010101110
0111111101110010
0011111001111011
0101101010011110
0111111111111101
1011011000111111
1111001111001011
1101100011101110
0111110101100111
0101110000111110
1101111100111100
1111111001110101
1100011011101110
1110110111011011
1011111001110111
1001101110111111
1111101111111010
0101101100111110
0100101011101111
0111101001110111
1111010111111111
1110111111011101
1101101010001111
1011100010110111
1001011110110110
1101011101110011
1111110100110110
1011011111110100
1001011101111011
1100101111011110
1010101110011111
0111011010101111
1000111111110110
0101001111111110
1100111001111101
1111110010101101
1111111011111010
1101011101101011
1110011100101111
1111001011110111
1001001111111011
1111101111100011
1010011101110111
1100100101111111
1100101100101111
0110111011001111
1110111100110111
1111011011101011
1100101101111011
1101110111011111
1110111011111001
0101111101101111
1111101001111110
0011111101100111
1001111101110111
1110011101111001
1011110000111111
1111111011100110
1110110110111100
1110111111100011
1111111001100011
1100111011100111
0001111100111111
1011101010101111
1101111111011101
1101111101101101
1110110111101110
0011011111101111
1011100011101111
1111110111110100
1011111111001111
1101011111011111
1011011001101111
1101001111101101
1011011101100110
1110011001111111
1110111110001110
1111111101011111
1011110101101110
1110011010011111
1010011011110110
1001110101101011
1110100001111011
1101111010100111
1110110101111001
1111100010110110
0111110011100111
1101100101111011
1111001110111111
1101110111110010
1000111110111101
0001110111101110
1110011111100111
1011111010110110
1111111111001101
1111111110111011
0010101110101111
1111110001101111
0111100010111111
1101110110100110
1111001101110101
1101011010111111
0111100110011111
1111011100111110
0111111110110111
0100101011011011
1101011011111101
0011011111011111
1101001101111110