0110111011011101
1000111111111001
0011111110011101
1101101111001100
0011011001111111
1011111010110101
0011011111111011
1110001101101111
1101111111110111
1101111011101110
1111011111110001
0110011010011111
1011111001111101
1011011111111110
1111111101011101
1010111101011110
0011111101111101
1001011111111111
1111111111110110
1110011110110111
1011101111101110
0100101111111111
1010011111110111
0110001111110111
1110111111110101
1011111010001111
1101101001011111
1110111101010111
0111111001111110
1011011100110111
0001111010111111
1111001111111110
0011111111111001
1110111011011001
0011111110101111
1010111010111110
1111011000111001
0111011111011011
1001101111101111
1101011101111111
1110101101101100
0011101011111101
1111111010101100
0111011110111101
1010111110111001
1011111101001111
0101111101101110
0101101001111101
0101111110111100
1011101011101101
1101111011011101
1011111111010101
0110111110111100
1011011011010011
1011011011011101
1110111111111010
1111101101110101
1110111001111111
1111001001111101
1011111011101100
1101111011011110
0111111011110111
1101101001101101
0110111110010011
1111011001111010
1000111111011101
0010111110111101
0110101101111110
1001111011111110
0010111101101111
0100011111111111
0111011101111011
1000111110111100
0111111010111101
1110011100111111
0011101111111010
1110111111100111
0011111011111100
0011111110111110
0111101111011111
1111111000011110
1111111101110011
1111101011001111
0101111100111010
1001101111011110
1010011010111111
1110111100101101
1111011010111100
1110011111010111
0101111111011111
1110111011110111
0101111100111001
1111001011010011
1111111000000111
1111110111111111
1110111101111011
1011111010111011
1111011110000101
1111111111101011
0010111010011111
0101111011111100
0000111011111111
1100011111111110
1010111110011011
1110011010001111
1011101011110111
1111001011110101
0010101111111110
1100011110111011
1110011111011110
1111101111000111
1100111011111101
0101001111111111
0111111011101111
1011011101101101
1111101111011001
0010111111111011
0111111110011001
1100101111111101
1111101101111011
1010001111111001
0111111111110101
1111011100111010
1010111110011101
0110111111101110
1111101110111111
0111001111111001
0111111100101100
0011111111010011
1111111001111000
0110011111011101