1010011101111111
1111011101110111
1111010011100110
0110101111111001
1111110011110101
1110101101110001
0101111011101010
1111001111101111
1011110011111110
1010111111101101
1111101101010110
1011111011100111
0111101101111110
1011001111111110
1111111001101110
1111111101100101
0010101111110111
0011111101110101
1001111101100110
1111110101111101
1011111001111110
0111111011100101
0111010011101111
1110110101101111
1111001101111011
0111101111110011
1101111011101000
1011110101100110
0111010101111111
0110111001111011
0011111111101100
0101001111111010
1101111101110010
1110111111011111
1011010111111111
1111100101010111
1111011101101101
1110010111111110
0100101101111101
1111110011111011
1111011011111101
0011110111110101
0011111011111101
0000111111111100
0010110111111110
0111010111111010
1111110101111011
1011111011110110
1100111111111011
1101110111111111
1011111001110101
1110011111100101
0111101111101001
1000011111100111
1001101101101111
1111010111111101
0101111001111001
0110111111110110
1101001111110110
1110111111101110
0011100111010111
1111010111011110
1101111111011110
1110101101101101
1110110111111001
1001101111110110
0011101111100110
1000101111110111
1111111110111111
1111011011101010
1111111101110100
1010110111111100
0011011111111101
0110110111110111
1110110111111010
0111101101110111
1100011011110111
1111111101101000
1011111011010101
1111011111111100
1111101101101110
1110101111100101
0110111111101111
0111111101101101
1100011101101111
1111111111001111
0111110001111110
1110111001111110
1111110111011101
0101011111111101
1101111001101111
0101111101110111
1011111111111011
0111111011011111
0101111101011111
1111001111011111
0001011111100111
1011101111111101
1010101101110111
1111101011111111
1101111111110101
1010110011111101