0111111111111011
0100111111111111
1100110100111101
1111110011101111
1111011111010101
1111110111110001
1000111011111101
1011011011101011
1001110111110011
0101011111110110
1110101111111101
1111100101101111
1101101011011001
0111111010101101
0001110011111101
0101111010111111
0110111011111101
1111101100111011
1101111100011100
1101011001111111
1010011111111001
0111111011111100
0101111011110110
1101100011111111
1111110101001011
1011101011010001
1111111000111101
1011111101111011
1001101111111000
1011001111011101
0111011101111111
1001101011111100
1010111001111111
0111111101100100
1111111011001111
1111001011100011
1001110111010111
1111001111000011
1111011110111111
1111101010111101
1111001111110101
1111111100101111
1111100010111111
0001111111110111
0011111101111101
1101011101110111
0011110011111110
0101111011011101
1111011011011111
0101111111010111
1010110101111101
1001100111111111
1111111101111010
1110111111110111
1111101001010111
1111101110010001
1001101111110111
1010110101111110
1101111010010011
1110111010111100
1101111110010110
1011110111011011
1010101111101110
1110111111011111
1111001111111001
1110111111101010
0110111111111100
1100011101111110
1011001111111011
1000001111111111
1101111111011010
1100110010111111
1101111001100101
1110011011111110
1011011111110111
0111101111011101
1111110011111001
0110110111101101
1111011001101001
1101111110111001
1111011101010111
1101011011101101
1011110111111000
0110101101101111
0111111001111111
1111010111111111
0111100011010111
1011111111011110
1101110111101111
1101100100111111
1101101111101010
0011101101111111
1111110110110111
1111110111000111
1101100111111101
1111011101011110
1101101011110001
1100101101111111
1111110001011101
0110101110111111
0111111110100101
1011111011110110
1100111011111110
1000111100111110
0101111011100111
1011111010111110
1011111110000111
1101011111101011
1111001001101011
1011011111101101
0111111100111111
1111001111111100
1011101011101111
1011100100111111
1011100110111110
1111101101100111
1011111110100000
0011100111010111
1111110010111010
0011111111000111
0001001111101111
1101110001110111
1101110101111100
1111110110101111
0111111111010100
1111111010010100
1111110111011110
1000111111101111
1111111010110000
0011011111111101
1011100011111010
1111011001110011
0101111110111101
0011111110110100
1011110111101101
1111011111110010
1110111011101101
1011111110010011
1011111010101001
1101100111110111
1111100111111100
1111101011100001
0011101110110111
1111100101111101
1110110101101110
1111011101011011
1101111110000111
1101110100011111
1000110111111001
1011111100111101
1111101111110110
1111111001111110
1101101111001011
0011101011011111
1101101111101100
1010110111101011
1110101000111111
1101101111100111
1010110101101111
1001011011111101
1110111110101100
1010111010101011
1101100101111011
0101111101011111
0011111101010111
0011101111101101
1000111110111100
1111111111001101
1011101010111011
0011111111011101
0010011011111111
0111101011101110
1011011111111010
1000110110111011
0111110011010101
0101001111011110
0111011111011101
1111111101011001