1100101101101111
1110011110011100
1101001011111110
0011111101110111
0111001011101110
0101110011101111
0100011110111111
0111011011001111
0101101010111110
0111101110001100
0111011111111100
1111111101111101
1101101111001110
1011011111011101
1101111010010111
0101011101110111
1110101111110011
1101010110110101
1010110001111111
1001111111111111
1011110101011111
1111110110111011
1100011101111011
1010011111111101
1111110100111111
0111001110111111
1101111111010101
1011111010011011
1110110111110111
0010010111111011
1101011011011101
1111011111010111
1010111111001100
1111111011110101
0100111110101111
1110111011001111
1101010111011101
1111111100101111
0101110101101111
1111110111111110
0101111110011111
1110100010111111
1110011010111111
1111010110001101
0011001111111101
1111111101001110
1111111111110110
0101110111001101
1101101011001111
1011001110011111
1111111111101011
0100101111111111
0011100110101111
0011101111111100
1011001101111111
0010110011011111
1100111011101111
0101011111101111
1010011110111111
1111111010100111
1011110011101111
0111111101011111
1100001110111111
0111011011111011
1110101110101110
1101111110001111
0111011111001101
0010111110101101
0011011111001111
1111101010011111
1111111011110011
1111110111011011
1111110110100111
1100101011111111
1011101111101100
1110111010111110
0111111001111111
1111101111010101
1111001101111110
1111111010001100
1011100011111111
0011101111000111
1111111111010011
0110000111111001
1101011111110011
1100011111111100
1110010111011101
0110111110011111
0011111010111011
0100010111111111
1011000111111011
1111011101011111
1011111111110011
0101011110110101
0101011111111001
1011101110111001
1111111001011110
0111101111110101
0101011111011110
1101101101100111
1101110001001111
0111011101101111
1011111110011110
0011111110001111
1111110111000101
1111101110110101
0111111011011011
1110101010101111
0110111101101111
1011100110011111
1010101110111011
1011111010111101
0111110111110111
1111010101111111
1011101010111111
1111101001111111
0011100111111101
1111101101011110
0101110111111001
1111100110001101
1011111110100111
0111111101111110
1101111111011100
1111110011000111
1100110011111111
0010111010111111
1101111111101100
1110110111101111
1011111111100101
1111111111111010
1100011111011111
1110111101110111
1100001111101110
0100111111100111
1010101111001101
1011000111101111
1111101011111101
0110100111011111
1101111110011001
1111001111110111
0011110111111001
1111011001111111
0111111011110111
1111100101000111
1010111010011111
0111001111001111
1111101110011011
1111001010111011
1100101111111011
1111111100111110
0010101110101111
1111001110111101
1010001111011011
1111111000111011
0111011010111110
1011001111111100
1111110010111101