0111111100010101
0101111111111111
1010111110010111
0110011101110011
0010110011111011
1111111010011111
1011011011010111
1011011110101101
1110011101101111
1100111111110111
1101111111110110
1100011110001111
1100011011111111
1111111100100111
1100011111111011
1010111100101111
1110111110100111
0110010101111101
0111110111011101
1101111101101111
0011111100011111
1011111101111011
0010111111101111
1111011111101110
1111101111111111
1010111100111101
0011111111010111
1110111100011111
1100010101111111
1110010111111011
1111011000110101
1011011111111110
1010010101110111
1110111000111111
0111111111000111
1001111011011110
1111010111011001
0111011110001101
1100111010101111
1110110101110101
1111011001011110
1000011111101111
1100110111111011
1101111000111111
1111110111111110
0111011111111000
0011011101111111
0010011111111111
1111111011001100
0011111111111110
1001110111011111
1111111111101011
1010011111110011
0111111011111001
1100011101111110
0110111111111100
1011111100101110
1001011100111111
1101010011011111
1011111111011101
1111110110111111
0110011011101111
0110011001111110
1110011101010111
1100111111111000
1011010111100111
1111111111110100
1110011100110101
1101011010110101
1101111011101100
1111111111010011
0111111111110001
1110110111000111
1110111011100111
0111011101101101
1001011011111111
1110011011111100
0111110111101111
1110011111011110
1111111011000101
0110111010111101
1111111100010110
1101011010111100
1110011001110001
0111111111001110
1001111110011110
1011111111010110
1101011100011111
1100111011011110
1001110111111011
1110111110111110
1111111001011001
1101110011101111
1011110111010111
1110111111101101
1101111111011101
1100110011111111
1111011000101101
0111011011111101
1010111111111000
1011111111001111
1101110111000111
1111111101000101
1011011001101111
0110111111101110
0110110001111111
1110111101110110
1111010011111101
1111010011110011
1011110011011111
1011011101100111
0011110101110111
1110111101011110
1011111001101101
0111111011110111
0110010101110111
1110010111101111
0111111011011110
1111011101011000
1011110111110101
1111010011000111
1111111110111011
1001111111110111
1111111011010110
1111111111100110
1001111001011111