0111111111111011
1110110011110100
1111011111110111
1011101110101110
0111110101011111
0101110011101110
1010101111111010
0111011111111101
1101111100111111
0111111101100111
0110110111111110
1011111111101101
1110101111010111
1011111011100110
1110110111110010
1101111101010101
1101011001111111
1111011111001101
1110110001110110
1010001101111111
1000011111111101
1101111101101111
1111110111001111
1110001111001111
1111100111101110
1011111101111011
1111110101111101
1010110011011110
1101101101110111
1011111110110110
1111111111001011
1010110011011101
1100111011110110
1001111110110101
1111011101101001
1000100111111110
1111110111010100
1010010111111101
1001111111110011
1001111111111100
1111011110111111
1110001111111010
1011101011011001
0111111101011100
1111101101001101
1100111011111011
1010101111110101
1111101111001110
1110101111111001
1111001101001111
1111111110011101
1111111000110010
1111010011101110
1001111010101110
1001101111011011
1110111111101011
1010111111011001
1111010101011110
0101011111101110
1111110110111111
1011101011011110
0011111111111111
1010111100011110
1101101110000111
0110111101011110
1011100111110111
1100101110011011
1110010001111111
1101110011011111
1011011111011111
1110100111011110
1101101011111111
1111110111011010
1111101011110100
1011111101101111
1100101110110011
1110100001110111
1011010111111001
1011011011111110
0110001001111111
0110111101010111
0111001001111110
0110101111110110
0110110111101111
0111111101010110
1111110101111011
1010110111110111
1101111001111101
1111100101011111
1000111110111111
0111000111011111
1101011011101111
1001110011111011
1110111001111010
1100110111011101
1111001101111101
1111111001011111
1110001111011110
1001111101110101
1110111010110111
1110100111111011
1001110111101110
1100110001110111
0101100111011110
0111111110111110
1111101010101110
0111001011011110
1010111011110000
1111110011010001
1111101101111011
1011111010111101
1101101110110110
1111101011111010
1100101101011110
0110111110111101
1001110111011001
0111101101110111
1110011011011110
1001011011111011
0100111101110101
1111011001111100
1010101010111111
1001101111010110
0110010111111111
1101111111011100
1101111111010011
1101100111110111
1111100111111101
1101110111110000
1011111111001111
1111011111011011
1111111110111001
1010101110111101
1110101111011101
0111111001110111
1111111101101010
1110101001111101
1100111111101111
1110111100001110
1111110011110010
0111111011110110
1110111011101111
1111111110101101
1111111111100101
0100111101011111
0111101111100111
0101110111101101
0111101010110101
1101110101011111
1010111101111101
1111100111100111
1111111010110100
1110111000111011
1101010111111111
1110101011111110
1111011001111001