1011111011011110
0101111010011110
0101110001101111
0001100111011111
1000101111111111
1111011101101111
1111111011010100
1110011110111101
1011011111111000
1110011111001101
1001111110101111
1101011011111111
1001111111111110
1110001111001111
1110100111010111
1111111111001011
1110111111111100
0111011010011111
1110110110011011
1101110101011011
1011110011111001
1110011110100111
0111100111010111
1111100011110111
0111111011010110
0110101111110010
1111101111111001
1100101111110011
0110011111111010
1011110111011011
0101101111111110
1101101101101101
0111111111111100
1011011111110111
0100101111111011
1111101110101111
0111010011011110
1101101111110110
1100110001101111
0111011110111010
1011001011011111
1100101011111111
1000110111011101
0011100011101111
1100011111001111
1010011011111011
1110110101111011
0111001101111011
1010100101101111
0111011110110001
1100101101111111
0111111111101001
1111011011110001
0101111111110110
1100111111011010
1111001010010011
1011101011011011
1111011011010010
1101011110011011
1111000011001111
1111011111011000
1110111010010110
0111100110111110
0111101101101011
0101011101111111
1111100011011110
1111101101011110
1011111110011101
1011111111010101
1001111011011111
0110001111101111
0111101011110110
1111111100111111
1110101111110101
0111011111110110
1111110011011000
1111010111110111
1111101011111101
0111011110010011
1101111010001111
1010111111100111
1100011101110101
1101110111100111
0101111111110011
1101110111111100
1001111111101011
1111110010011011
1011110010111111
1111001110011010
1101001111111010
1101111111010111
1111001111101101
1111111101110011
1101011111100001
0111111011111101
0110111111011111
1110011111010110
0111101110110110
1011111101111011
1110101101110111
1001100111111101
0100111010111011
0110111011100111
1010001111011111
0011100011011111
1100111001101101
1100011111111001
1101000111011011
1111111101100111
1111001110010101
0110111011111010
1110001111111010
0100110101101111
1011010101011111
1110100001011111
1011111010111011
0011111111011011
1111111101111001
1010111110111111
0011001011111011
0111110111111011
0001111101101111
1110111010110010
1101101010111110
0011111011111010
0010111111111111
1000110101101111
0011101111110111
0111101110011111
1011111110011011
0011101110111111
1010010111111011
1110001011110111
1110101101111101
1111010110001111
1110000011111111
1110110111111110
0111111111001101
1101010110011111
1101100110111011
1011110111100111
0101011111100111
1101111111011001
0111011111101101
1101110101111110
1011100101110101
1011111011110111
1011000011111111
0101001111111111
1111010110111011
1111111001111011
1101010111001111
0111101101110101
1101101101011101
1111111111101110
1111011101111110
0100111111110111
1101001110111011
1110011111011001
0111111110011010
0111010110111101
1110011110111011
0111111110010001
1111110111110100
1011111111001111
1100100111011111
1001101110110101
1011101111111110
1011100111010111
1111001101110111
0011011101011101
1101100011111110
0011111110110011
1111111110101101
1100110001111101
1110110011110111
1101010111011010
0110011101111011
1111110110011101
0110110110111111
0001011110111011
1111001011100111
1111111010110100
1001100011111111
1011010011111101
1110101011111110