1111101101101011
0111111011011101
1110110110011111
1110001110111101
0110101101111111
1110010011011111
1111111111010001
1111110110111011
1110110111001011
0110010110111110
1011101111011111
1011111010101111
1011011111111101
1111111011001101
0011111001101110
1110100111010111
1011011101011111
1011101001111001
1111101110011101
1011110011010011
0111100100011111
1111010111111011
0110101111011010
1110111000111111
0111101111111101
0011111110111011
0111111011111011
1111100010111111
1111011110011001
0110111101011100
1111111110110101
0011111111011011
1011110110010110
0111111110101100
1111111101111000
1111101111001111
1111111100011100
1111011010111101
1110000111011101
1011111111011000
1011011011001111
1111011101111011
1011011000111110
0011110001101111
0110111100111110
0111101111101011
1111101101111110
1011101011110110
1101111111111111
1011010011101111
1110101011110100
1011110100111110
0111110011011111
1011100101101111
1111101011011111
0110111111101010
1111100110101111
1110101110010110
1011110110011100
0110111001101111
1110111011111011
1111111100001011
1011100110111110
1011110111101011
1110100111111010
0111111111110111
0111111011001110
0111111100111010
1111101110101011
1111011011011100
1010111111111111
1111111100110111
0111011110111101
1110110110101110
0111110100111110
1011111010110011
1111110101011011
1111000101110111
1111011110101000
1011101010111111
0110100110111111
1011111011101011
1111010100011110
0111111110011010
1111110011111110
1110001100101111
1111011011110110
1110111111101101
1011111100101101
1011011110110111
0111011111101001
1111111111100111
1111001011111111
1111001110111001
0111001111111111
1111110111110101
1111100111011011
1111110011011001
0011110100111111
1011000111101110
1110111110111001
1111010111110110
1111011010101111
1110001111101010
1110111111010101
1111110111101101
1011111001101101
1011100011110111
0111111101001011
1111011011110101
1011111101011001
0110111110011101
0011111111101010
1011110000011111
0011111111011100
1111111111001100
1011111010110110
1110010010111111
1111101110110010
0111110111111101
1111011111001110
1111101010111000