1110111011101001
1101101101101111
1011101110101111
0110111011011101
1111001110110011
1001111111100101
0101011110111110
1101011111011011
0110011111111100
1100111111110110
0101011111110111
1110011011100011
1101011110110110
1010011111111000
1101011011111010
0111111111111000
1111011100011111
1110001111001111
0101111110101110
1111101111111110
1110111111001011
0011111111101101
0110111100011011
0110011001111101
1111101111111001
1011111111101001
1101111110100111
0101111111001011
0111011011111011
1110111111110101
1101101111110111
1111111111110100
1110101111111011
1101111000111011
1110011001110111
1011101111101101
1111111101000001
1011001111100011
0111111111101010
1001001111011111
1111111010001111
0110111111110111
1100111111000111
1100111101111111
1001111111101110
1101111010011111
1110111110111110
0101101111011111
1110111110111001
1011111101111111
0101111111100111
1110111110001111
1111011011110101
1000111111010011
1111111100111101
1011011110101110
1111101011111111
0101111101101011
0111011011001111
0110001110011111
1101111100111110
1011111011100111
0110011101111110
1100111011001101
1111011111010111
1111111011110110
1111011111101101
1111101110011101
1111111100111010
0111011110011011
1001011111101111
0101111101111010
1111011010111111
1111110111111111
1111101101001101
1011111011111101
1011111011110011
1101011110101110
1101111101110010
1111011110101011
0111101101111011
1001111010101111
0101111011111100
1111111111011110
0001111110110111
0101011111101110
1111111010100111
0110101111011101
1111101110010111
1110011001101010
1101011100111111
0010111111001111
1100111110101111
0001111011001111
1100011111111100
1111111110101010
1101111111011001
1010101111010111
0101011001111101
1111111011000101
1010011111101111
1011111110111011
0100111111101110
0101011111111001
1111111110111100
0101101110101011
1111111001011111
0010111111111010
1010111110011111
1110111100110111
1111011101100110
0001111111010111
1100111011111001
0101111010101011
1111111111101100
0101011110101111
0000101111111111
0111111111110101
1001111111110010
1111101111110101
1101111101001011
0101111100111111
0111111100100011
0110111111101001