1010101110101111
1111111001101001
1100101111101111
0010111110111111
0111101111011111
1111111110011010
1101111101101001
0101011110111111
1101111100111111
1100111111101011
1111011100111100
1011111001011101
1101011011111111
1101010111011111
1111011011111011
1001111101011101
1111001111011011
1110100111101110
0011111111101110
1111011111101110
1110101110011111
1111111111001001
1011011100101101
1111111011001111
1110111001111100
1101000111111101
0011111111101101
1110111010111011
1111010111111011
0101110101111101
0111101111111101
0100111101111111
0010111101111101
0100110111011111
1000111101011011
1001011101111110
1111101101111111
1110111101111010
1111111111110111
1101111101011010
1011001111111011
0101111111001010
1100111110101100
1111110110111111
1110111100101001
0111111001011011
0110101011111110
0110111111011011
1101111110001111
1011110111111111
1111111000011111
1100111110111011
1111110111011011
0111111110001111
1101110111101111
0111111110111000
1111110011111111
1111111010101110
0111011010101111
1110111010101111
1011111101001010
0111111011101101
1010111101001011
1110101011011110
1100111101111001
1101111011111101
0111110111001101
0111011011011110
0101110111111011
1110011111111111
1010111111111110
1001101111001111
0011011110111111
0110110111001111
0101111101101110
0011011111111100
1110110111111011
1110101011111011
1000111110011101
0100111011111111
1001111001011011
1110111001101101
0001011111011011
1110110101111111
0011111000111110
1111011101011011
1011111111111000
1111110101111110
1111101011011011
1101011111011110
0110111111101110
1010111101001101
1101011111101111
1111101110111110
1111011110111001
0111111101001011
1111011001111111
0101000111111110
0110111110011101
0001111001111111
0001111111111110
0011111111101011
0101111101011111
1100110111111101
1011101111111100
0110111010111111
1101101111111011
0001011101111101
1001111111101011
0100100111111111
1111011100001101
1011111011101111
1101111110011110
0001111110111011