0111010011110101
1011011111111111
0111011111111100
1100101111110100
1101011111011010
1111011101010101
1111101111110011
1111011000110111
1111101111001011
1010110110110110
1111111011010101
0111111111111001
1111100011110101
1111011011111011
0011111111101111
1011101111111000
0110110011111101
0111110101111101
0101101011101011
1111001011101101
0111100010111011
1100110111010101
1010110101100111
1111110010110111
1001111001100101
1111011001011111
1111011100010111
1111100110011001
1001100101111111
0111101001110101
1010101111101110
1011100011111001
0100101111111111
1010111111101001
1101111110100011
0111111111110010
1111110110000011
1101101101101101
1001110111101111
0111111000100111
0111001111110111
1000111111111010
1101111110001111
1110101011011101
0101011101111011
0111101100110101
1111010111111110
1101111011100011
0101111111001101
1100110101111111
0110100110101011
1010101110100101
0111110101101111
1111010000111111
1101111011111110
1011101101110111
1110111111000010
0111110111110100
1101110111010010
1100010111110111
0110111110100110
0011110111111100
1110100101111011
0111100111011011
1111110010111010
1111110001111001
0110011100110111
0110011011111111
0110100100110111
1101011111010111
1011101010111111
1010110111110011
0111101001101111
0011100111111101
1111001110001111
0011100110111111
1111111101110110
0100111011101111
1000111000111111
1100000110011111
0101111111100111
1101111111101110
1111100111111110
1111111011101110
1101001101111101
1011100110111011
0111001100111110
1100110011111001
0111101001111011
1011100110101111
0111111011011111
1100111110110111
1000111110111101
1010111011110101
1000111001110111
1111110011011111
1010101110111110
1111011111100110
0101111101101011
1011111101111100
0110111111110100
1010111110100011
1101011101001011
1011110111101001
1101011110110001
0111111101111010
1100101111101111
0011101110111101
0100011100111111
1111011110010010
1111110011101111
1110111101111101
1001111011110001
1111110101010111
1111011100110011
1111101111010111
0111110110101110
1110110110111010
1011111100101011
1111111100100011
1111111100101100
1111110111001110
0110111111011111
0110101101100111
1110011111010111
1010111101111011
1110011111101111
1001111110110101
1110111011110110
1001111101111001
1101010101111111
0011101011111110
1011111111011111
1101111000101111
1110001111111010
1011101101111110
0101111001101101
1000101011111111
1100111101110011
1111111010111101
1111001101001111
0101110111111111
1110101101001110
1100001111111101
1110001011011110
1101111100100111
1100011111111010
0111101110011111
0110110111100011
1110111110110001
1110101001111011
1110101011110101
1111110111100101
1010110100111111
1011110000111011
1111001100011011
0010101111111110
0010110111111110
1110111010101111
1001101011111011
1111100101011111
1101011001101111
1110111110010111
0111101011101101
0110110111110101
1111111110001010
0000111111111110
1111110100001101
1010110111101110
0111000101111111
1111111111100001
0011111101111111
0111011010110111
1101101110110100
1110111101000011
1111001010111111
1001111110111000
1100101001111111
0111001111011011
1011110000111110
1111100110110101
1101011100011101
0110011110110101
1111011100111010
1100110111000111
1011110001110111
1111011100100111
1101011010100111
0110101011110111
1101000110110111
1101111100111011
0111111111011100
0111111111010011
0111100011111101
1111100100100111
0101011111111101
1011111111100110
0111111100111011
1100110110111011
0111011111101111
1111101101101000
1111111111100100
1110101011100111
1101101100111111
1101001110101101
0111111100101110
1101111101111010
1101001111111011
0101111100111101