0100111111111111
1001110011001111
1100100011011111
1101101111110101
1100111110111001
1011000101110110
0010111110011111
1111011110111100
1110011111110101
1011101101011111
1111110101001011
1001011111110011
0011111111101111
1010011101011111
1000111001111111
1100000111111101
1101111111110001
0101101110111111
0001110011111111
1111001111110101
1111111101011101
1101011111001110
1010011001111111
0111101011011111
0011111110010111
0011100101111110
1111011110110111
0110111111111000
1001011111111001
1110100111011101
0111011111111110
1011111111101010
0011101110011011
0011110101111011
1110011011111101
0011111111111001
1011010111011011
1110011101011110
0111111010111100
1100111110110101
0011010101110111
1011100011011011
1101111111111000
0011011110011111
1011011111101101
0011111010011011
1001111101110101
1110111111101111
0111111111001111
1011111101010011
1101011101111111
0010111001111110
1011110101110100
1101101111111110
1010101111110111
1101110111011110
0011100111111100
1111101111101111
1101000011011111
1001011110111101
1011011010111101
0110111110111100
0110111111011100
1001101111111011
1111111100111111
0001111001011011
1010101111111110
0110110011111111
1111110001101001
1011111011101101
1100000111110111
1101111010111111
1110101110110011
1101110101101010
0111100111011100
1001011111101011
1111110011101110
1000111011111101
1011111011111001
0101111111010011
1111111011110111
1000101101111111
1010001010111111
1101010011111101
1011100111111001
1111101111010111
1101110101101101
1011011011001011
0011000111111101
0101111101111101
1110010011111111
1101111101110100
1100111101110101
0110110111111001
1010110001111100
1110111010111010
0011011111011011
1111001111111010
0011101011111111
1011011110001110
0101111101111010
0001111111110111
0110100111111010
1110111101111011
1101111101110011
0010011101111111
0011111011111010
0011101111110010
0110101110011011
1111110110111111
1010111110011011
0011100111111010
0110101011111111
1011111110110010
0111101010111001
1111011111011101
1110110111011011
0111110011011111
0101110111111101
1110100011111101
0011101111011100
1001100011011101
1110010111110010
1111111110001010
1111100101111010
1011110101101011
1111111011011110
0111110101010110
1110011001111110
0010100111111111
1010110101110101
1100110111111010
1111101001111111
0101011110101111
0111111111110101
1111111111100111
1010010111011111
0011010111110011
0111011011111101
1110000101111110
1111101110111110
1010011011011111
1111010011011011
0010111101010110
1000110111111111
0101001111110111
1000011111011111
1101110011111010
0111111110110110
1001011011111110
1101111110011111