0101111101111110
0100111111111110
1011001110111011
1110111110011011
1010101111111011
1011011011010111
1111001010110111
1110111101110011
1110011101101111
1100111111110110
0001111111011010
1110011110111101
1101111111101011
0111111111111001
1101101111101101
1011011111111100
1111101011100011
1110011111010110
1000111111111110
0101101111010110
1111011001101101
1100011011100111
1000111001111111
1111111111001010
1001101011111101
1110111011001111
0111101110110101
1001101111100111
1111001101111011
1010001101111101
1111001111110101
1010111111011011
1101001111111110
1110101111101111
0100111111111011
0010111110111011
1111111110100100
0001111111110111
0011111101111100
0110101111111100
0110011110111111
1111110111111111
1001011111111111
1010111111110110
1011011101010111
1101111011111011
1111111101001110
1111101111111000
1111111011111110
1100011111100101
0011011101111111
1111111101111001
1111001011101111
1011111111110101
0001111101101111
1100111110101101
1110111011100101
0111011111100101
0110111110111010
0111101011111111
0110111101011111
1011011001011111
1000101111111101
1001101110111111
0111111011100011
1111111111101001
1010111101101111
0011111111001110
1111111111011101
1111101111011011
1011111101110010
1011001111100011
1011111110111010
1110101001011111
0101111011100111
1111111001111011
0110011011011111
1011101010110011
0111111101110111
1111101010110101
1100111111011111
1101111101100101
1111101010101111
1111111001000111
0111101111101111
1100101111111110
1011011110011110
1000111101110111
1110011001111101
1101101101011110
0111111110111100
1111101111101110
1111101101101111
1011111101011110
1111011101111100
1010011010110011
1110111110101110
0110001111111111
1110111011010011
1111111100111111
1001101101111011
0111001101111111
0011101111010111
1100111001110111
1111011111011011
0110011111110111
0110111111101111
1011101110111100
1111111110111001
0111111111101100
1110101111110111
1101011111101110
1111111110001111
0111011111011110
0110111011110111
1111001101110111
0101111110111111
1101111011011111
1011111110101111
0111011111101010
1110011010011111
0101111111111101
1111111110100011
1011011101110011
0110101101111110
1010111111111010
1111001111011111
1001111101101100
1101101101110010
1010101110111111
1101111010111111
1011111011101111
1110011111111001