1101111001101100
0110101101011111
1100110110111101
0110101111111001
1110111111111110
1111001101101110
1010110111111011
1101010011111101
0110110111111111
1101010111111000
1101110111100011
0101111101110011
1010011111111101
1101011111000111
1110110111001111
1001111111011001
1100001101011111
1101110110110001
1000111111111111
0111111101011011
1110100111101111
0110101101100111
0111001111110011
1101101101110111
1101111100111001
1110010011111111
1110111111110011
1101111100111010
1111011111101101
1110111100011111
1010111110001111
1110110101101111
0101101110111111
1110000101011111
1111111000111111
0111111111111010
1111110100111101
0011111110111011
1111001111111010
0101111111001001
0111000111111100
0101100101101101
1011011111110000
1100110101111011
1110111110110101
0101101101011111
1100110110011111
1111111101001111
1101101101111011
0011111010101111
0111100111001111
0011011111111110
1101101100011111
1101111010011101
0111001011100111
1011010111111111
1111111111011110
1101001111110011
1010111101011101
1111111011100100
1101100110111001
1110101101111101
1111111011000111
1010111111000111
1011111110111101
0011011101111101
1111000011111110
1100111110111011
0110101111101011
1001111111001111
0101010111011011
0111111001111111
1011111001011111
1101011101110011
0111001110001111
1111001101010011
1111111010101110
1011011111101111
0111110101101110
1111101011011111
0100001111111111
0101101111011011
1100111011111101
0111111111010111
1111111011111011
1100111101111001
1101110110011011
1101011011101111
1111111110110010
0111011011011111
0110111111001111
1110100111111011
1111101111101100
0101011101011111
1111101111100011
0111111111110110
1011111100011011
1110111111011011
1111111111100001
1110001111111001
1111101001111101
1111111100110111
1111010111101011
0111001010101111
1111100101010011
1111011111011001
1101001111101111
0100101111101111
1111001100101111
0011110101111111
0101111110110011
1111011001111101
1001111011011111
1101011111110110
1100111101101101
1110100111111101
0110001111101111
0101110110101101
1111011110100111
1011101111111111
0110011111110111
1111101111110101
1111111101110110
0110111111101101
1001011111011101
1111100010101111
1101111011110111
0111110011111111
1111010111110111
1111101110111110
1110001111101011
1111110111011101
1011111111100110
1110101110111111
1101101111010111
0111111100111011
0100111101110111
1111111111010101
0100011101101011
1111100001111111
1011110111101111
1010111011101101
1011111101011001
1111110110110100
1101110001111101
0011110111011011
0011111111110101
0001111111111111
0111011110110111
1101110010101111
1101011111010011
0110111010111111
0101110111101100
1001110111111110
1100010111111111
1110111011010111
0011111101101101
1111001111000111
1001111111110111
1101100111101001
0111011100101110
1110101011111111
1001011011111110
0101101011111101
0101111110111001
1010011111111011
0010011111011111
1101111110101011
1111110010111101