1110010111011100
1101110110111100
1110011111001110
1101011011011111
0001111111111100
1101111110110101
1001111110111110
1111010000111111
1011011111011100
1111011111100100
1101111111110110
1101011010101111
1111111100010111
0110110111111111
1111011010110111
1111111110010110
1111110111010111
1011110110110110
1111111110100110
1001011011110111
1011011111100110
1000111111111111
1001110110111101
1011011011011111
1010110011011111
1101110101111101
1111011111010111
0010011111111100
1111101111111111
1110111110111111
1011110011011101
0001011111111101
1011011111100101
1111111100011110
0111111011111111
1111011101111101
0111010111111110
0001111111110111
1111111100110101
1111111111111011
1111110101110101
1010111111001110
1101111001001111
1110111111110111
1111111011111110
1001111110110111
1011111101111111
0111011111011110
1111111111010100
1011010111111111
0101111110111110
1111010110011100
0110111101111101
1111011000011111
0111010101110111
1111110011110111
1011111010011111
1101011111110101
1101111000110111
0100011111111110
1111110101011111
0111110110111111
0111111111101111
1001011110101101
1111011001110111
1101010111111111
0111111110110110
1111110111101111
1110111101101100
0001110111111110
1111111011101101