1001010011011011
1010100111011111
1111111111111101
1101111111110111
1110101001110111
1000111111111111
1010111011000111
1011010011110111
1110101111111110
1011100111101011
1001011111111110
1101011001011011
1001100101111111
0111011111001111
0010011111111111
1111101011010111
1001101101101011
1110011111000111
0001111111101111
1011000111011111
1011101011011111
1100001101101111
1011111001110111
0111110011110111
1110101111111011
0011111111100111
1100011111001111
0111101111110111
1111110001111111
0001010011011111
1111010011101011
0111111101110111
1110011101111110
0010111101111011
0101111111001110
1110111111011011
0010110101111111
0111010011111011
1101101001101111
0111000011011111
0111011111110110
0111111001101011
0111110111000110
1011011111001011
1011110111101110
0001111001111111
1111011011010111
0111111011000111
1101011101001011
0011011111011110
0011111101101111
1111101011001111
0011101111001111
0111111001011111
1100110111001110
1101010111011110
1110110111110111
0011010111111011
1110010011111111
1100111011001111
1110110101101111
1010011101111011
0101001111101111
0101111101111011
0101110101011111
1111111101100111
0011101011111111
1111000101101111
1111001111010111
1111110111000011
1011110111110011
1111111011111110
1111001001101111
1011001101111011
1111100101010111
0011111011101111
1111111011110011
0001001101111111
1001100111111011
1100111111111011
1011111001001111
0111100011111011
0100011101011111
1100111101011110
0011001111101011
1010110111101111
0100011011111111
0111111101101110
1111111110111111
0111011011100111
1101110111101011
1101011011001111
1010010111011111
1111110101111110
1011001101011111
0101110111101110
1111111111111010
0111100111101011
1011101111011011
1011010101010111
0110111011011111
0101011111111110
0011011011011011