1111001011111011
0101101110111011
1001111111100101
1011101100110101
1111111001110110
1100111111001111
0111111110101001
0111111111100111
0101011111110111
0010101011011011
1111111011101010
0011111100110011
1111101011101100
1111011111110001
0101011110111101
1101001111011011
1110111111111100
1110101111111110
0111111100110110
1101001110110111
1001111011101011
1010011111111111
1110111010000111
1111001111110101
0110001110111101
0111111001111010
1001111110111011
1111101111111000
1111001111001111
1110111000111101
0010101101110111
1101111110100111
1000111111111011
0111111101101011
0111111100111101
1010111111101011
1011111111010001
0011111111111001
0101111111110101
0111111010110011
0101101111011010
1100111101111010
1010111110111011
1101101011111100
1111111100110010
1111111010001110
1001101111101111
1100101010111011
0011101011111101
1100001010111111
0001111110111111
1111101010100110
0111111111101100
0111111011110110
1100101101100111
1111111101011111
1111011111111110
1111111010101001
0101011011111011
1110111111111001
0011001101111111
1111011111100111
1010101110111111
1000111111110111
1110111110111010
0011001111010111
0110101011101111
1101001101111111
1111101010001111
1111101111101011
0101111101111111
0011101111110101
1001111111011111
1111111110011010
1101101100110011
0110101011110011
1101011110010111
1000111011111101
1010101101111011
1111111101111100
0110111110110101
0111111010101101
0110101100101111
0100111011110111
1111111001101111
0011101111001111
1010111100101110
1111011010110011
1001111110110110
1111111010111010
0101111111101011
0111101110110101
1110101010111101
0001111011111101
0111111110001011
1111110111111111
0110011101110111
1101111011001111
1100011110101111
1101111010110110
1111011010111101
0011111111111110
1111001111111001
0111101110011011
0010101111111101
1011101101100101
1110111111011110
1000111101111110
1111011111101011
1101111001111111
1111011111011101
1010111110111101
1111101101111110
1011011110011011
1110111011110010
1101101010111001
1111101111010101
1110111101100010
1100011111111101
0111111111110001
1110011111011111
0111011001111001
1011111111111100
1111101111000111
0111001111111011
1011111011110111
1010111101110010
1111111110111100
1111001011110111
0110111111001111
1010111111010011
1011011101110111
0111101111010110
1010111110011111
1011011011101101
1101001111101111
1000111111101110
0111011110101111
1011011110110111
0111101110010111
0111111111110100
1101111101101101
1001111111110010
0111111111011101
0101101111101111
1111101111010011
1101101111010110
1111111111100000
1101111111010001
1011111001111011
1111111010010011
1011101110111110
0110101010110111
1001101101111111
1111111011010110
1110101011001101
1101011011111101