0011111110111111
1110100101110111
1100111011100011
1110010111101101
1110010111100011
1111011100011101
1101110111001100
1011110101111001
1000010101101111
0100111101011101
0110111111100111
1101111100111111
1011011111011101
1111101110111010
1111110111010110
0111001111010111
0110111011111101
1110010011011111
0001100111111111
0111001111101001
1011101101011111
1100100110110111
1110011111110100
1111011111001100
1111111001101111
1111111110100111
1100011011111011
0110111110010111
0111111001011111
1111011101110101
0101001110111111
1100100111101110
1100110111110110
1101101101110111
1101111110111101
1111001000110111
1101111110111110
1111110011011011
1111111101111110
1011010110111111
0010100111101111
0000110101111111
1101101010110011
0111111111000111
0111111111111110
1101000011101111
1011011111101011
1111101100101101
1100101111000111
1111111110110100
0101100011110111
0111010111011101
0011011111111111
0000111101101111
1010110101011011
1101101011001111
0011100101111111
1110011110101011
1101010001011111
1101100001111111
1110100011111110
1111011101111011
1101111111011011
0111111111110011
1100110011110111
1100001111011111
0101100111101111
1000111111111011
1001011110101111
1111010111100100
1011111011111111
0110011111111111
1111110100011001
1110001111101101
1011111111110111
0111101001110111
1110001110101111
1111001011110101
1101001111000111
1101111011010110
0111010111101111
0111111011001001
0110110110011101
1001000101111111
1111110110111000
0111110011011111
1111111111010011
1110001110011011
0011110101011101
1110010111011101
0111001110110111
1110011101011111
1011110111001111
1010111111111101
0101010111111111
1110100111011111
1001001111011111
1111111001111011
1111111110110010
0111111101101001
1001111111101001
0110111100111111
1111001101111101
0101011111011111
1111100111111011
1110010011101011
1100111111011110
1101010111110111
0110111101110111
1111011111111010
1110100001111111
1111110011111101
1111001101011111
1100110101111101
1111101110101011
0111001011111001
1111001011110011
0111110111101001
1011111111111110
1110110110010111
1111110110101111
0101001111111101
1110001011001011
1010110100011111
0101011101111111
1111100011011110
1110011110110101
1011111101101011
1110111110111110
1111101100110011
0111111101110101
1101011011110110
1011110111101101
1100011111110111
1111011010011101
1100111111101101
1110011011110110
0111101101011011
1110110111110100
1111110000011111
1100110011101110
1110111011011100
1110111101000101
1111111110001101
1110101111110101
1101011111011110
1110111111111010
1100111001110111
1110000101111111
1111101111110110
1111011111100001
1111110101101101
1111101111011101
1001100110111111
1101001011110111
1111110101100011
1111111111010100
1010101101101111
1101101111101100
1110011010011111
1110011011010111
0111000111110101
1010101111011011
0001111111001101
0111111010111111
1101111001110101
1011101111111101
1110111111111001
1111111000010101
1111011011101110
1110100011101111
1110111111001110
0111101011101111
1111001110111101
0110110101011111