0110110111011110
1110110111101010
1101010011011101
0111011011010101
1100101110111111
0011011011011101
1101111011101111
1001111011011101
0011010011111111
1001011111111101
1010101111111001
1110111111110001
1011010011110110
1111110111010100
0110101011011110
0101110011011010
1011010111010101
0101111010011011
1001111010010011
1010111011011010
0010110011111110
1001110010110011
1110011111000110
0101101111111111
1110011011111111
1010101011011110
0111111110100111
1110101011010011
1101111111000010
0101011111110101
1101110111101111
0111010011000111
0110101011011011
1111001111111110
1111100110101111
1110110111011010
1011111011001111
1101111011111100
1101110110011011
0111111111101001
1011101010110011
1101111111111000
1111111010001110
1110111010110110
1111100111111011
1101001111110111
1111111011100001
0101111111110110
1111011111111011
1111101110101011
0110111110111111
1111110111111001
1000111110111001
1101101111111100
0011110011110101
1111011110001100
1111101111101110
0011111011111001
1111111011100110
0101111111110001
1011011011110100
0011111010111110
1110111110101111
1101111111101100
1110111011011100
0111111010111000
1101111011110110
0011011111110100
1010101110110011
0111111011000101
0101110111110101
0111111011110110
1111001010010111
0111111111001011
1011010110011110
1111110010111110
1101101111100111
1010111011010011
1001100111110111
1100111110110111
1010110111110101
0111101111100111
1010111011110101
1100111111110100
1001000011111111
1001111011011010
1100101111101111
1110100111110111
1000111111011111
0001011111011111
0011000111111111
0100111111011101
0110101011111101
0110101011110011
0111111111011000
0011111011100011
0011111011101100
1111001111101101
1111111011110000
0111100111111101
0101011110011101
0111111010101100
0111110010011111
0010111011111010
0011111111110001
1110110010011101
1011111110110110
0101110110111011
1111111101111111
1001100111111110
1101101011011111
1110101010110011
1010110111100011
0001111011110011
0010101011111110
0101011010111111
1111110111001100
1000111011110111
1101011110101101
1011110010011111
1011111010010101
0001110111110011
1101001111111101
1110100011111110
1001101111011111
0101111110010011
1111011010001111
0011011111001111
1111001110101111
0011011011101111
0011111111000101
0111011111101101
0011101111010011
1011111110111010
1111111111000001
1111010011001110
0011111111011110
1110111110010111
1101010110111111
1110010111111101
1101010111110110
1101001111001111
1010011111001111
1010111111010010
1011110110111101
0101011111000111
0111010111011110
1110111011111001
0010111011011111
1100110111011111
1100011111110111
1110100111111101
1101111111011100
0111010110111101
0011101110110111
1001111111010001
0111110011100101
0101110010110111
0110111111101111
1111101111110101
1111101111110110
1011000010110111
0011111110011011
1111101110111110
1111101111011101
1110110111101101
1011111110101111
1111011110010100
1011011110010111
1111101110011011
1101111110110110
0111111111010001
0101011111111110
1001111111110110
0111111110110110
1110110011000111