1101110010110111
1111100101110110
1001001111110111
0111101101011111
0101011110111111
1111110001100011
1001011101010111
1110101101010110
1111110001101101
1111101100000110
1110101110111010
1111100011110101
1111101011101101
1011011111110011
1101111101101111
0111101001111110
1101001111011011
1111111111110010
1011101001111001
0110111110101111
1011110011111001
1101101110111001
1001111111111101
0111101111111101
1100110111111011
1101111000111111
1001100101111110
1100100111100110
1110001110110111
1101110111111010
1011111001110011
0111101000111111
1011101001111010
0110011111111010
0101101111111111
1110110100111110
1011011001110111
0011111101000111
1110011011111111
1001111001111011
1110101011010011
1011100011111110
1101101101010001
1111001101111110
1101111011100011
1110011111110110
1110110110110111
1111110100110110
0111111100011110
1101100111111101
1011100111101110
0001111111110011
0110111111010110
1010111111110011
1011111100111011
1011111011001111
1011111001110110
1011111110000110
1110110101100111
1011101100011101
1111111100001011
1100101111010011
1111010111111100
0111111111001110
1101001101110111
1110001101011111
1001101011011011
0011101110111011
1010111111111110
1110101100101111
1101110111111001
1111110000101110
1110011110110101
0110101101110110
0111001011111011
0111111001111011
1011001111110110
1011111111010101
1011101010101111
1111011110111011
1101110001111111
1011110011100111
1111100111111100
0111011101111001
0011011111110101
1111101100010001
1001111010111111
0111111111101101
1111010111110110
0101111111100111
1001111110101011
1101111100010110
1110111110001110
1101010101111101
0100111101110110
0111111011110111
1111011011010111
1001100111110110
0111111101010101
1011111100001111
1111001110111101
1001101110101110
0111111101111010
0011111111110110
1101111111101001
1111000110110111
0001111111011011
1111011111101111
1111111011001001
0111111110000011
1111100000110111
0111110111111111
0111111011111101
0101111101111101
1111110011101001
0011001110110111
1111100101101011
0111101101100111
1101101110011101
1111111010111011
1010111110001111
1100101111101011
1101110101111011
0111011101110111
0101111110011111
1111101101001101
1011011110011111
1101011111010101
1111111110110100
1001101011111110
1111011111010001
1101111100110001
1110111101111011
1111010110111110
1111001100111111
1111111010111101
0111101101111011
1111001111111001
0011111011111010
1011010111111111
1101111101011010
1101011111111110
1011110100111101
1110110111111101
1111011011011001
0110111111011011
1011011001011111
1100111100111100
1100111001111111
1010011111011111
1010111111000111
1110111011111100
1001111101110011
0011101111000111
1111111111011100
1111101101100101
1111111110101010
1010101111010111
0011101111010011
0110111111101010
0011101011101011
1101001110111111
0110111111001111
1111111011011110
1111001010111111
1100101111111101
1001101100111110
0010101111100111
0010111011011111
1111110111011111
1111110101100100
1011100011111011
0101011111011001
1101111110011011
1101110111101011
1111011101110011
1100011111110111
1111001011111110
1111110011101010
0011111001011111
1001111110110111
1111101001111100
1100111100010111
1101110011101101
1111111001011011
1101010111110011
0111111110110001
1101001011110111
0111101010101111
1011110101100001
1110111011101111
1111111110101101
1110110011110111
1101110101110110
0011111110011111
1111111111111000
1010111101111111
0101111101011110
1111101001011111
1101111111110100
1011101000111111