0010111110111110
0111111101111011
1010110111100110
1101110110001011
1011111010101100
1011101101111011
0101011111001111
0100011111110111
1000110101111101
1101011110101010
1111111111110011
1011111010110101
1110101111111101
1111101110111011
1100111010111101
0110111011011110
0111110111111111
1010111110101011
1110101010111111
1001011110111111
0010111011111010
1101101111101101
0101011111101010
1001111111111110
1110111110100110
1010100111100111
0111111010111011
0011111100011110
0111011101111110
1111011110100101
1101111100111000
1010111101111010
1111111011001111
1111001110110111
1111110101101110
1110011101001111
0110111101111110
1010011011111111
0010111110111011
1101011111111001
1111110110111101
0111101011011111
0100111011111110
1100110111101010
1000011111111111
1111011010111110
1111110101110101
1111110100011011
1001111100111011
0101011011110111
1110111101111001
1101111011111010
0101111101100110
1111101111001111
1110010111111000
0100011011011111
1110101100111111
1011100011111001
1111011100110111
1011111100101111
1011011011111000
0101111111001011
0111111111111101
1110100011111111
0111101101010111
1111101110101110
1111100111110101
1100111100111101
1011111111000110
1111010110111010
0010011111111010
0011011111001111
1011111010111000
1100111110111011
1111101101111110
1111111111110100
1110111101001011
0111011110111010
0111111110001111
1011101011101001
1111111111011101
1010111111011111
0110011111100111
1110110110110111
0101011111100111
0110111110011111
1101101011101011
1011011111101110
1111101111011011
1100011010111111
1010111111111100
1111011100101100
0011001101110111
1110100111011111
1100011101101011
1111111110010111
1001000111111101
1010011111110110
0111111101001111
1011110101101111
1000110111101111
1101111111011110
1100100101111111
1101110011111100
1111111100001111
0111011011111110
1110010111001010
0011011110111111
1101110111111001
0100011111111011
0110111101101111
1101001111101111
1100101101111011
1111011110101000
1101111010111011
1011110110111110
1010110110111111
1111111101101000
1101011101001111
1111010100101111
1001110111100111
1011110011100111
1110011110111011
1111001011111111
1011111111100101
1001110110111111
0111001111111110
0011111011100110
0110111111101110
1110111101110111
1101111101001011
1011111100111101
1110010011111101
1111010111110111
1110101111110110
1011101011111010
1111110111101101
1110111101011110
0100111110111111
1111100011111010
0011111110110111
1111010011011011
1010110111101011
1110111011101111
1110111110101100
1101010111011011
1000100111110111
1111001111011111
0011111111101011
0001111111111111
1101011110011111
1001111011111111
1011110111110101
1101110010101111
1111111001111111
1101110101110111
1101111110110111
1100101111111010
1111011011101111
1001111111101011
1011110110011111
1111110010011011
1100110111011011
1101111111110101
0111101011101110
0110111110110111
1011010011111100
0111011100101111
1011001111111100