1111101101101011
0111001111101011
1000001110111111
0111011111110011
1010010110111011
1110000101111011
1100010011111101
1111001111101110
0011100110110111
1100111111110111
1110011011101101
0011011111111011
0101011111110111
1100101100111111
0101111111111001
1101011111111011
1111011111110001
1110110101111101
1011110100110111
1101110111110111
1011111101111010
0111111111100001
0011110110110011
1011000111110101
1110111100111011
1011100111111110
1101011111101101
1101101111101111
1111110000111101
1101110010111101
1111111100101111
0001101111111111
0001011001101111
1111101110100011
1111101110101101
1100111010101111
1000011101111111
1111000111101111
0110101111111100
0111011110111111
1110000110111101
1001110011111101
1111111110110101
1111111111110110
1100111101111101
0111101110101011
1111011010111101
0110010011110111
1010110010110111
1111111111011111
1011001111111011
1100110010111111
0010011111100111
1010001110110111
1011010011101101
1000110101111011
1011101101111001
1101011001100111
0111011111111110
1110010110111001
0001010111111111
1011101011110111
1111001111100011
0100111110101011
0111111101101011
0110101101101111
1101111111111110
1101110110101001
0111111100110011
1101110001101111
0111111110111001
0011100011101111
0000111110111011
0011111001111100
0011101101111111
0111000111111001
0010010111110111
1011100101101111
1011011101101110
1010111101111100
1100011001101111
1111010000111111
0110110110111101
1111111011111011
0110101100111101
0110001111100111
1111110111100111
1110000010111111
1111011111111010
1000110111101111
0011101111111101
1111010110101101
1111111010101101
0110110111101001
0011110110101101
0110011111111011
0110110100111111
1101000110111111
1001101100111101
1111000011110111
1111111110111110
0110100110111111
1111101001111111
1011110001101101
0100111011111111
1011011100110011
0011101111111110
0011111011110111
1111100100111011
1111011101111101
0110111110110011
0010111000111111
1001110110111111
0100101110111111
1001101101111011
0111111111101110
1110111111111010
1001111000111111
1101101110111011
1111101011111101
0110100011111110
1011010110110011
1110011011110101
1101110011101101
1110001101110111
0111111001110111
1111111101101010
1010111110101111
0011110111111000
0110011101101111
0100000111111111
0111000101111011
1101110001111101
1011011111111001
1101111101100001
1010101111111100
0101110111101101
1011010111101011
1111011011101110
1110011110101101
1001111111110111
1000100011111111