1111100011111101
1101111111011000
0010111111110111
1110010111011101
1101111111010111
1010110001111101
1111101111011011
0101111111011101
1111101011011111
1101101101111111
0011111111011111
1111010011110111
1111111001111011
0111110100111101
1111111001011110
0111110111111110
1111111111101111
1010110011111110
1011110010111101
0111111011110011
1101111011011011
1100111111011111
0110111111110110
0111111011111100
1101110010111011
0000111001111111
1011000101011111
0101111111110110
1101100011111111
0100111111110111
1011111101011101
1011011111111101
0110111101011011
1101011011011101
1011111011111011
1110111111111100
1111111011111001
1110111110111111
1110101111111111
1001111001111101
0111110111111001
1011111101110111
1010010111110011
1111111011011100
0001111110111110
0101110111110111
0101111011111110
1011011001111111
0101111101111010
1111100111111100
0011111111110011
0010110111111011
1111010111010111
1001110100111110
1100111111111110
1111011111011011
1000111011110111
1110111101111001
1100111011111011
1011110010011111
1011110110010111
0111110101111011
0111111000111111
1111101110111111
1101111010011101
0111111001110111
0110111011011011
1111011110110111
1111001111111001
1011110010110110
0101101111111110
1011011110111011
1010111111010110
1101011101111011
1111011111111110
1111111011011010
1111110111110010
1111110101110110
1011111111111010
1011101111111101
0101111111011011
0111011111111111
1111101111110111
1101101111111011
1111111111110101
1001110110011111
1111110111011011
1100010111111111
1110010101111011
1011100111111011
1101111100011010
1110011011111101