1100110111101110
1111100111110111
1101111101101001
1100111110011110
0101011110111111
1111111110000111
1111110101110001
0110110101111110
0101011111110110
1101101110111111
1111101011110110
1111101100100101
1100011011111111
1110111011101011
0111110111010011
0111101001010111
1110110111001111
1101110100111111
0111111101011010
0101101111010111
1110011111101111
0111111110101111
0111110101110011
1111111100011111
1101011111101101
1111101010111101
1111111111010110
1110011101110111
1100001111111110
1100101111101010
0101111101111010
0100111110011111
1101001011111011
1111000101101111
1101111001111001
1100111011111011
1101111001111010
1111111110110110
1111101111001111
0101110011111010
1111110011100111
0110110101010111
1110111101010101
1101110001101101
1111110101000101
0111011101101011
0111111111111101
1111011111110100
1101110011110111
0101111011011110
0110100111111111
0110110011110111
1111101010011110
1111100111011101
0101110110111110
1101111101000111
0101111111101111
1110111011111101
1111101001111011
1111111001011101
1111000111101011
0101110111110010
0110101111011110
1111100011111101
1111011111111001
1100011111111100
1100111111100111
1111011111011111
0100110101111011
1111010101110010
1101100101101011
1111111101101110
1110100111111011
1110111101101111
0111000111111011
1110111111011011
1111010001101011
1101111101100101
1011111111111111
0101111001011111
1100110110101111
1110111111000111
0110110100111111
0101111101011011
1111111011111000
1111110101011010
1101110111011111
1110010101111110
1101010110111100
1110100011011111
1111011010101101
1110110111111010
1101101101011111
1111110111100001
1111111011011100
1110101100111101
1110011111110011
1110110110111100
1111111111011001
0110010111111110
1101111111011100
0111001011101011
0110001111111111
0111111111101110
1101001111101110
1111110011011010
0111110001111111
1110101111110111
1111001001111101
1111101111010011
1111100111111110
0111111001110110
1111110101100011
1111111111100000
1101001101111100
1110110010111110
1111110001001011
1110101000111110
0101001001110111
1110011001111010
1101111000110111
1101111011000111
1110001110111111
1111011111100111
1111111110111011
1101110110100111
0101100111111111
1110010111110101
0111100110011111
1101011011110010