1111110100111001
1111011101110111
1111100111110111
1011011111111111
1111111011110111
1111000011111111
1111101111110010
0110110101111110
1111100110111101
0101111111111000
1011101110010111
1010110101111111
0110100101111111
1101111110111100
1111010011111110
1111001101111011
1010111101011110
1111110100011011
1111111110110101
1101111011111011
1011110111111110
1101101111110001
1010111101110101
1011110110010111
1001101111110111
1110000110111111
1110111011111111
1111011110110111
0011111100111001
0011101111111100
1101011111111111
1111011111110101
1101100111111111
1101110101111000
0111111101011110
1110101101111101
1001101111111100
1111110101110111
1101111100111101
0111011111111111
1101111110111001
1111010100111101
1111100011011011
1011101100111011
1111111111011101
1110110100111100
0011101101111111
0001111101111101
1111100111111001
1110001111111110
1100110111111111
1111011010111011
1010101110011111
0111101100111101
1111000100011111
1111111111101111
1011111111010010
1111011101111110
0111111111110111
1101111111011111
0111111110111110
1101110110111011
1011101010111110
1000111101110111
1111101100110011
1110011111111100
0011111011111000
1111100101111101
1001101101111010
1110111111111011
1111100101011010
1010111100111110
1011101010111001
1111101101010011
1010111111010110
1011101111011010
0010111110111101
0000101110111111
1011111010011111
1111111001111111
0110110110111111
1110101100011111
0011110100111101