1111100111110110
1111011100011101
0101101110111011
1011100101111111
1111001001111011
1111111100011010
1001111011110011
1111111001110111
0111011111111101
1111110100011111
1110111111111111
1101111100111111
1111111101111100
1111111111010001
1111001011011011
1101011011111111
1011001111111111
1101011111111011
1001111111111110
0111111101011011
1111110101111101
1111101110011111
0111011010011111
1111001100111101
1111101110111001
0101111101111011
0111011000111011
1111100010111111
1111001111010110
0011110011111110
1111111100110101
1111100011011111
1111111011111101
0111111101011101
1111101111111000
0101101010110111
1101110111010110
1101111111111101
0001111010011011
1111110000111111
0011111001111010
0011111100111001
1111011110110010
1111000111110111
1111101101111110
0001100111110111
1111001101010011
1101110101111110
1011111101110010
1111110111111011
0011010111110111
1011110110011110
0011101111011101
1111111111101111
1111011010011011
0011101101111001
1111011101111110
0111111110111110
0001111101111111
0001101010111111
0011110111011110
1011101111110110
1001110011111111
0011011011110111
0011111111011001
1101101111110011
0011111011011110
1011101110111010
1111111011010011
0101110110010111
1011111101011111
1111011111111100
0011101110110111
0111101111011011
1011010110111110
1111101001011011
0011101111010111
1011101100110011
1111101111011100
0111111110110001
1101100011111110
0011111100110111
0111001100111111
0101011111111111
1011111010110111
1001101101111111
1111001101110101
1111111011010110
1011011010011111
0111110111111101
1101111101010111
0011101111111010
1011011001111011