0111111111111011
1110100101110111
1101111010101011
1011110100101111
1111101001110101
1011110011111101
1110110011101111
1001011011101111
1111110100011110
1011011011101011
1011101001111110
1011110101111010
1111111101111100
1100111111110111
1101110011100111
1010110011111111
0111101101111111
1111110110111011
1111111100100111
1011011011111100
1011111100101011
1111100101110101
0101110111011101
0010011111101101
1111100111110001
0110011011110101
1111111111110010
1100111111001001
1110111001110011
1011101111100111
1101001111111111
0111011111010111
1101011111111001
1011111111011111
0010101011111111
1110001111111010
1101100111001111
1101110101111011
1101101100110111
1001101011111111
1111101111111000
1101111101110011
1001110111110111
1011101010110111
1111111100010011
1110111110110110
1110101100111110
1111011110110111
1111011111000111
1010101001101111
1100011111111111
1111101011101001
1011100001110111
1100100111111111
1111001111010101
1111111010100111
1111110111000001
1001111001100111
0110001111110111
1111111110000101
1110101101111101
1011110101110001
0011110111101111
1011000110111110
1110111111110100
0111100111111110
1101111111111110
1110111101010110
1110110111111110
1111110101101011
0010110111110101
1110110011111011
0101111101110101
0110111111010111
1101111110110101
1111000011110101
1111010010111111
1011110101110110
1111111110111100
1001111110111101
0110110101001101
1111111011111010
1111110111011000
1110111110111101
1011111011101001
1111111000110110
1111000110011111
1111111011011111
0111111110111111
1111111111101110
1111011011110001
1111101111100011
1111011101111111
1111010110101101
1011110001101111
1101111101100101
0010011011110111
1110111111000111
1101111111000111
1101101111111101
1010101111110111
1111000111111100
1111101101111011
1010111101110111
1010111010110011
1111101101011111
1111101110001111
1000111001101111
0101111011111111
1111100110110101
1010101010111110
1101011111110111
1100110011111111
1110111110101111
1110000111111111
1011111100111101
1111111110111001
1110101111110110
0111011111011110
0111111001110111
1011011110111010
1111011011110100
1010001111111111
1011011111111001
1100110111111101
1111100011101111
1011101111111101
1111101110011011
1101101111111011
1010111011110101
1011111010110110
0010111101101101
0111110101000101
1110010111110101
0110100111011101
1111101100110110
0101010111101111
1011000110101111
1011010111110111
0111011111011101