0111111101111010
1011110111100110
0110110111011110
1001001110111111
1111010011100111
1100001011111111
1110001011111011
1111110011101110
0100011111110110
1101011111011011
0111011111110011
1011011111010010
1101111101001110
1100111101110111
1110110101010111
0111111101100111
1011100111111000
0111111010101101
1111101111010111
1010100111111001
0110111111000101
1111110100111010
0110010110111110
1011001111111110
0110101101011101
0101111101110011
1100111001101111
0111010110111011
1101101111101101
0001011110101111
0111001110111111
0110101101111011
1011011111100110
0111111101011011
1111010101101110
1011111101111011
1111110101111101
1110111011110101
1101111110111101
1110010001111011
1101111101001101
0100111110101111
1110111110110100
1011010110111111
0100101111111101
0111101011011110
1010111111011011
1101001111111110
1110101111101110
0111110111010001
1111110111001100
1100101111110001
1111001111100111
1101111011111010
1110111101111001
1111110101010010
1110010101110110
1100111111111100
1100011110101111
1001111101000111
1111111101010101
1010100111110011
0111111011001111
1111111111101011
0110110111010111
1110010101011111
1101111110100111
1111100110110011
1111011011111110
1110101111101101
0111110110101111
1011001110110111
1101001001011111
1110011111010011
0111111101011110
1100001110111111
1011001111101111
1011111011111111
1111110001011011
1101111101110001
0111110011110111
1100111110111010
1101111111001100
1110111011110011
0100101011101111
0111101011111101
1111111110011111
1011101111101100
0111111001111111
1111100001110111
0101111110110111
1011011100110111
1111110100110111
1110110110110111
1101011111110010
1110111011100111
1011100111101111
1111101100110111
0111001011111111
1101111111100110
1010110101110111
1111101000101101
1111010000111111
1110100111011111
1101110111111111
1110110111011010
0110101110111110
0111000101011111
0111100011111010
1111010101110010
1111111100110010
0111011011011111
0101111101101101
0101011111011111
1101101101011101
1001111101110101
0010111111111011
1100111111011111
1011100100111111
0110000111111111
1111111001100100
1110100111111010
0111000101111110
1011011101001111
0001111111110000
1110110111101100
1111111001011010
1110011110110110
1101101001111101
0101111111010101
1011111110111000
0111100110111101
0111011111000110
0111101111101101
1110001110111010
0111101111101110
0011111111011001
1011010111101110
1100111011111001
1010010111101111
0111111100111001
1010111110100110
0011101111111111
1111101101101110
1111011111111101
1111010110101111
1110100100111011
1110110111110101
1100111111101101
1011010111011111
1010111101100101
1111111011010010
1111101011011010
1111110111110100
1101111011110111
1111101111110110
1011111111001101
1110111001111110
1101011111101110
1010101100111101
1111001101110111
0111100011011011
1100101110111011
1101011110110011
0101111100111111
0111110111011000
1101101111100111
1110100001111011
1010110101101111
0101101011111110
0000111111111111
1000011111110111
0111111010111110
1011111101111110
0011010111111110
0010111101101111
0011110111100101
1111100011101111
1111001101101111
1101101111001111
0111100110110111
1111000100111111
1111111101000110
0101111111011010
1110111100111110
1110011100111111
0111111110110110
1111011100111110
1110101011111110
0010011111011110
1011111110101101
1111110010111101