1011001101111100
1101111011101101
1111011101011111
1111001110111100
1010011111101111
1110111111111110
1101101101111110
1111011110101111
1111101100011111
1111101111001011
1111111111101110
1001111110011110
1110111011101011
1111101001111101
1011001111011100
1101111110111101
1101101111111101
1010111101101011
1001011101101011
1111111011011101
1111011001111101
1010111111011011
1111111001101101
0111111111111111
1101101011101111
1011111101011111
1111001110011111
1011001111001111
1101101111011010
1011001110111111
1001011111111110
1111110111111111
1111111100001101
1011011110011111
1001101111111011
1101101001111111
1111011111011011
1101111011111011
1100011101101111
1010111110111111
1111111111110111
1111111111111001
1011001101111011
1111011101111010
1110011111111011
1110001111011111
1111101110101111
1101101110011011
1011111011111111
1101101111001111
1100011011101111
1110111100111111
1100101101011011
1110111110111011
1110111001001111
1101011110111011