1111111110100001
1100110110110011
1011011101111110
1101110110111101
1001101111111111
1111001111101101
1100000111111110
1111101101110010
1000111101111111
1010110111111011
1101101100111110
1010110111011111
1111110111010111
1011110111011110
1110101110111011
1100101100111111
1110111101010001
1011110111100101
1110011101110101
1101011110110111
0101101100011111
1101010111011111
0001111101110101
1110111110100111
1111101111010010
0110011101111111
1011110101111111
1110011111101101
1100111111110001
1111011111101100
0100111110101111
1100101101010101
0111111100101011
1111101110111001
0101011101110101
1010101111100111
1101110101101110
0100111101111111
1111101111100101
1110110110111101
0111111111111110
1100101111101011
1110111100101111
0001111101111001
0111111110001011
0010111110010111
0011111111100011
1111101101001101
1101011111010101
0100111111101011
1000111110111011
1111000111110101
1101111101110011
1111111011111111
1100101111110011
1100011110101110
1101111111111100
1010110111111110
1011111101110100
1110111110110110
1111111110011101
1111110110111110
0110111101110011
1111111100101000
1110101111101101
1001111111111010
1111110101110111
1111011100101111
1010001111101111
0010011111001111
1111111101001001
0111101111101011
0111010111101111
0000110111111111
1110111111011100
0110111101000111
0100011111011101
0101101111111001
0010101111111111
1110111101101101
1110110110001111
1011011111110100
1110110101111011
1111101101011010
1111110101111010
1110011101011111
1010111111111101
1011110111110110
0111111111101001
1111001101111100
1101001111110111
1100111101011110
0111101111110101
0110000111111111
1111011111111011
0101111111001111
0101100111011111
1111001101011111
1110110111101100
1100011111010111
1111111100110111
1011101111001111
1001111111101111
0110101111101111
0111111110111101
1111101111101110
1111100110110101
1011111101011111
1111010110101111
0100101110111111
1001110110111111
1100100111011111
1110000101111110
1100001111101111
1011111111001101
0001111111010101
1111110111011101
1110101101110110
1100001101111101
1011011100111111
0011010111111111
1011011110010110
0010111101101111
1011011110101110
1111101110011011
0101110111101101
1001011111011111
1011101110111111
1101110101011111
0111010101011111
1111001110111101
0110110111111101
1010010111110111
1001111111110110
1111100111111000
1111011100111110
1011111110101100
1101110111100101
1110111111100110