1111110011110101
0111101101011110
0011101010110111
1101011001011111
1010110101111001
0110100101111101
0011101111101111
1111101111110001
1011010011001101
1110100110011111
0111111001001011
0110111001111100
0111111001110011
1111111011010101
1111101000111111
1111111011101010
1111110011001110
0110111111111001
1100110100111111
0011111011110101
0110101011011101
1111111000111101
1000110101111111
0111111111100001
1011101110010101
1111010111111011
1010100101111011
1101101111011011
0101110101111101
0101110101110011
1101111011101001
1101101101101011
1101011111001111
0111111011010111
0010101001111111
1001011111111111
1011011101101011
0111011111111001
1101111001001111
1101111011111010
1111010101110111
0111111000111111
1010010101111111
0001111111101111
1111001111001011
1101110011110111
0110001111110111
1101100111111110
1001111111100111
1101101111110111
1110100111011110
1111100111011101
1101101011111111
1011100111011111
0101111001110100
1101011111111101
0111001011111111
0111111101010111
1011010001111111
1110111111101111
0100100111011111
0011101111111101
1111110100110101
0011101011110011
0011011111110011
1011111101110111
0111111011001100
1111011011110111
0111110111011011
1011001110111111
0010111001011111
1110011101011011
0010101111010111
1001111011111001
1111101101110100
0110110011111111
0111110111000111
0111011111011111
0101111110111111
1111111111010100
1111011111001001
1111101010111011
0101000111111111
1111011111111110
1010100101111101
1111101100110101
1011100110101111
1101011110011111
0100011111111111
0101111111011010
0111101010110101
1111011111100111
1101111010111111
1110101110110011
1111111100100101
1011110010111111
1100000111011111
1001111100011101
1111110110111001
1101110110110011
0111011010111111
0111111001011101
0011000111111111
0100111111011100
0011011011111111
1111111010111001
0111110111111110
1011110101011111
1010110001111111
1100111111010101
1101101111101101
0011110111010101
1111000010101111
0010111100011111
1110110111110111
0110101101111011
1011101011111101
1001111110110101
0111010011101111
1010001111011111
0011010110101111
1110111100111011
1011100111100101
0110101111011011
1011111111011011
0111010111110101
0111100110101111
1110001110011111
1111001011011101
0101110101101111
1011110111110011
0101111001101101
1111111000011011
1111011110101011
1110011100110111
1011111110100101
1110100011111110
0111101110011111
1111110111111100
0101111111101110
1111110111011010
1110101111010101
1111110011111011
1110011011011011
0101111101001001
1110101010110111
1111111111010011
0111100011100111
0111100111101101
1111010101011101
1100111100110101
1110110011011101
1100111111111011
0011111100101111
1111111001111010
0111110100111101
1111110100101111
1001111101001101
1111110101100111
0111100011011111
0100111111110111
1111100101111110
1101001110111011
1011111111111110
1011011110011101
1101001111101111
0111100111111011
1111111110111110
0011110011001101
1110101101011111
1110110111111010
0011110101111111
1101101101011110
1100111101011100
1111111001100011
0101001101111011
1110001001111101
1111111110001111
0111111100111011
1111111111100000
0010101011011111
1111101101101101
0101011101101011
0111110101011101
1111011100011011
0110111011110011
1111110101001111
1111101001110111
1111011101011001
1101110101110110
1101101100111111
1111111001001100
1011011110010111
1011111001111011
1111101110011011
1111100011101110
1101111101111010
1101010001111111
0111101101110011
1001111001011111