1110100111110111
1011101110101111
0111101111011111
0011111010010111
1111111110011011
0011101111101111
1110111101110011
0011011001111111
1011110111111010
1111111111111101
1010110101011111
1111101011110110
1111101100111011
1100011001111111
1111011001111011
0111110110101110
0111011011101111
1000011011110111
0111101111111110
1011100111100111
1111101011100011
0110111111011111
1111011010110011
1100110111110111
0101111111011111
1011111011000110
1100111110111111
1010100101111011
0110111101111110
1101001111111111
1111011101001111
1110011111110010
0111010101111111
1101111000101111
0110101111110011
1101101110110111
1010000111111111
1101100110101111
1011101001111011
1101110110011111
0111101110110111
1101101010111111
0101110111111111
1011010101111111
1011101011101011
1111011111000111
1110110110111111
1001111011010111
1111111001101011
1011111101010111
1010001101111011
1111111011011010
0111111110111010
1111011110011111
0111101011111111
1110110101110111
0011100111111011
0111001111110111
1110111011011011
1111101000101111
1010101011011111
0111011011111011
1101111111111110
1111110111011010
1111110110100111
1110110111111110
1111110101101011
1110111101010111
1111101010110111
1111110011111111
1011011111101111
1011111110111011
1110101110010111
1011101101110111
1010111001110111
1111011110101110
0111011001011111
1010111010111111
1110111110110011
1011111100011111
0111111100111111
1111111101011011
1110111111101111
1101111101011111
0011000110111111
0101111111110111
0111111111110110
1111100101111110
1010111011010111
0110011011111111
1001110100110111
0100011101111111
0111111101101111
0111110111001110
0111110111110111
1101111111111011
1111101101011110
1111011111001011
0111010111111110
1011001100111111
1110011110111011
0111110111101011
1111100111100011
0011111011100111
1101011111101111
1111010111110111
1111101110111110
1110001101110111
1011101111011011
1111111110100011
1010001111111110
1011011101110010
1010111111111010
0001111011101111
0011111111101010
1111001011001111
1111000111111010
1111111100111110
1001101101111111
1111001011100111
1111111000111011
0101111001111111
1011001111110010