1100001111111010
1111111110011011
0110101111111000
0110111111011000
0011110111101101
1110010011111011
0111001110011110
0110101010111011
0001011111111111
0110101110101111
0110101101111111
1100101100111111
0111111110001101
0111001110111010
1111011100111100
0011001111011111
1101111001101110
1011001111111110
1110011011111010
0010111111101111
1011110101111111
1011011101011111
1111011101101001
0111010101101111
1111111011001111
1100110101101111
0010011011011111
1001011111101111
1101101111011011
1011101111011101
1011011001111110
0111101001011111
0111111001111010
1101001011111011
0011101001111110
0101101101011110
1110111110011110
1110011010111111
1111011001101111
1011110111111100
1111111011111101
1111011100101011
1111111111110111
1111001011101111
0110011101011110
1111101111001110
0100110111111110
1000110011111111
0110010111101101
1101110100101111
1110010011101110
1111111100101101
1101011001111010
1110111111101011
0000111011111111
1011110011101110
1101001111011111
1110111001011110
1100001110111110
0101111110011101
1100111111001100
0001101110101111
1100111110111011
1101101001011110
1101001110111100
1011111111011110
1011011111001101
1101101011101011
0111001001111111
1111001101011101
0111111111101011
0101001111111111
0111111011101111
0100110101111011
1101111111111000
1101101111011101
1110001111111101
1011101011101110
1111111101011010
1000110111101111
0010111001111111
0111111101111101
1011001011111111
1010111111111110
1101111100001111
1110111101001100
1001101100111101
0101011111111011
0000110110111101
1110101101011111
1111110111111010
1101010110111101
1111110111011111
1110101101111010
1111101101101111
1001110110101111
1111111110101110
1101111101101100
1110101111011110
1100110011101110
1111010111101001
1110001011111111
1111011111011010
0111111111101110
1111111111001000
1010111101001101
0110110011111111
0101011111111101
1110111100111000
1110110010111111
0111101010011110
1101110110111110
1111100111111111
0001111111111110
1011111111111011
0111001111111000
1101101001111011
1101111010111111
0110011111011100
1010101110111111
1110011100111111
1110111101011001
1110011111001111
0101111001111111