0101111111111111
0110011101111101
1111110011101110
1111001101101101
0111111110101001
1111000101111011
0110111110110101
1111011100001011
1111011110111101
1010111011100111
1110011110011110
1101001111111001
1110111001101111
1011010111010111
0011011010101111
1110001111001111
1110101111011100
1111010101101110
1111110101110011
1001111101100111
1110011111010111
0111101110001111
1111011011100111
1000111001111111
1111110110011001
1010111110110111
1001111110110101
1111110100100110
1000111110001111
0111011110011011
1110111011001110
1011010110111111
1011101110010101
1010011111111111
1011110101100111
1111111111010110
1101101110100111
1011111010100111
1110110111111111
0110011101110111
1111111100110100
1111100011011111
1011101101111111
1111111101111010
1011110101111101
1111110011010111
1100111110001011
1011101111101111
1111101100111111
1011010101111111
0111111111110011
0110111111111000
1011000111011111
1111010110100111
1111111110000101
0111101110111100
1110011111011101
1110111111110110
1101111101110001
1111000111110111
1110101101111110
1110101111010101
1110101011110101
0110101111110111
1110011011111101
1110111111010011
1110111101010111
0111111001111110
0111011011101101
0110111110111001
1011011111110101
1111011101011110
1110011101011111
1111001111011101
1111111111000001
1100111011111101
1111111011111011
1011101011110101
0111101011000111
1111111010110110
1110111101011011
1111010111111101
1111101101100111
1111011111111010
1101111100100011
0011100111010111
1111100001111110
1101110110000111
1111011010011111
1111110110110001
0111011100110111
0111011010110111
1111001110111011
1011111111111110
0111011101110101
0110011111111011
1111000110111111
1101101101111001
1101101111111110
0111001011011111
1100101101111011
0111110111001110
1101111101111110
1001111101001111
1111101101011111
0110011110111110
1111111011011101
1111101111101110
1001111110011101
1111111011100110
0111110001011111
0111001111100101
1111110110001010
1011011110110111
1110111011101100
0111111111110100
1101100011111101
0111011101100111
1101100111110111
0111010111111111
1101111111101101
0110111110111100
1111111100001101
1001010011101111
1101110100011111
0110111111101111
1001100111011101
1100101011110111
0111101001111111
0111110100011111
1110101110111111
1111110111101101
0011111001110101
1101111011011111
1111101111101001
1111110010111111
1100101111100011
1000111111011101
1111011101011001
1011111111111011
0111111001101111
1101100110011111
1101011100101111
1110011111100111
0011011111110111
1011011000101111
1101111010111111
1101001110101111
1110111110111010
1110111100111111
1101101111010101
1101011110000111
0111110111111100
1111011111001110
0111111101001001