0101111111111110
1111011110111110
1101111101110111
1001010111101110
0111100101111101
1111011101101111
1111111101111100
1010110111111011
0011111101101111
1010101011111111
1111111011010100
1111011011000110
1101001110110101
1111011110110011
1110101010111111
1101011001111111
0001111011111111
1111110100111111
1001111101111010
1001100111111101
1101001111011011
0110110111111010
0110110001110111
0111111111011111
1010111101111010
1101111011001101
1111101111111110
1101101011111011
0110111011100111
1110110110011011
1110111011001111
0101101110111111
1110111111010111
1010011111111111
1110111101100111
0111100011101101
1101011111111001
1110110111001101
1111110110111101
0010111111111101
1011111111011111
1001011101111111
1111000111101111
1111101100111101
1111011110011001
0111011110111111
1010110111111101
1100111111111100
1010111011110011
1110011000111101
1110011011100111
1011110011111011
1111111011000011
1010110111111110
0110110010111111
0111111000111111
1111111010111100
1111011011001101
1101110111101001
1110011101111011
0011111011111011
0110001011111101
0001111111110101
1011001110110111
1011011111110110
0111011001111111
1110111011011011
1110111110011001
0111011111111110
1011000110111111
1111011111011100
0110111111100110
1110010110111011
1011011011100101
1011101110110101
1111010011111011
0101011111110101
1101100011101101
1110101101111111
0100111110110111
1001111011101110
1100110111111111
1110011111011110
1100111101111010
1000111110111111
1101100111010001
0111110111110100
1011101010111101
0110111001101111
1101011010111101
1001011111100111
1111110111100111
1111010111111101
1110111000110111
0010111111111011
0111111110111110
0011111101111110
1101011111010111
1111100011010011
0100011011111111
1111110110010111
1111111010010110
0101001111110011
1101111111000111
1110011011101010
1111111011111001
1100101111111111
0101100111111011
1101110111011110
1111111110010001
1010110011110111
1111110011111110
1111011001110011
0111111110111101
1100111010111010
1110111111101100
1111101000110111
0011101111111111
1011011011111011
1111111110101111
1101110001111111
1110110111101110
1101111011110111
1111111001111110
0111111111101100
0110101111101101
1110111011110100
1001101101111001
0101100111111101
0111101001111111
1010111111100111
1100111111101111
1110100111111111
1111111101011111
1101111001101111
1011100111101101
0110110101101001
1001011011111101
1101110110111110
1011011111111001
1011101111110011
1111111111111000
1100011111011101
1110110110011110
0111110111110011
1011111101110011
1111001011100111
1001100011111111
0101010111101111
1001111111110110
1101111110011111
0111101111111001
0011110111111111
1111101111101011
1010111011101111
1011001101110111
0110111111110101