0111110111011110
1111011110011101
0011111111110110
0011111101110111
1101011011011111
1110111011010110
1101111100111110
1111110100011111
1001011111010111
1110111111111101
1111011011101100
0000011101111111
1010011111011110
1001110111110011
0111111110101001
0110110101111110
0111010111010111
1111111011101011
1011111001011100
1000011100111111
1101010101011011
0111011111101011
1011011011110111
0010111011111010
1110110101110011
0000110111011111
1001011111111100
0110010011011011
0101111111011110
0001010101111111
1100111111001011
1111101111111111
0000011111110011
1101111111001001
1101010011111111
0110111110101111
1011110011011101
1110111100111010
1111111010111011
1011111111101111
1101111101110101
1001110111010111
0101110101011111
0111011111100111
1111011010111111
1100110110011111
1111111111000101
0111011111111001
1111111101001111
1011111011110010
0110110101111011
1100011110101111
1011110011111011
1011111111110100
1101111000101101
1111110110111110
0101111011110010
1101111111011010
0010110011011111
0101111111001011
1011011111110110
1101111111100100
1111111110110111
1100110011011111
1101111001111110
1101111110111010
1111010101110001
1011111000111101
1100010101111011
0111111110001111
1111010111111110
1111011001110111
1001111111111001
1100111001100111
1011011110111101
0111111111110001
0011111111111001
1011011111110101
1010110101110111
1011111101110010
0110111111010111
0110111111101010
1100111101111010
1111111001111011
1111111110111100
1101110111011101
1001110011011110
0101110111111011
1011010101111011
0111111100111111
1101011110111001
0110111101110111
1011111110011111
0111111101111101
0100111011011011
0101111001011111
0100011011111111
1101110101111101
0110110111110111
1111110111111010
0011110101111110
1010110100111011
1100011011110111
0110111110011010
1101011110111110
1101111011011101
1011111011010101
1111011111110010
1011110011110111
0101111011101110
1110111101110110
1001111010111111
1111011101101011
0111111111100011
1101011111101110
1001011101011101
1010011011011111
0111011111011110
1110111101011111
0101111110111111
0100111111001111
0110010110111011
1011011110111011
0101111111111101
0101111101110110
1010011101110011
1010010111010011
0011110111011011
0011010001111111
1000110001111111
0101011001111111
1111111111001110
1000011111011111
1100111011110011
0111110101110111
1100110111011011
1111110111101111
1111110010111101