0110111111111010
1011111011011110
0100111111111110
1010101100101110
1111011110111110
1100111010101011
1011011111111111
0111111110010101
0111011001110111
0111011111111101
1110111101111101
1111111101110011
1111101111110010
1111011101101110
1011101110110111
1100011111100001
0101011111110111
1001101101111101
1011111111101100
1101111110011101
1101111011011011
1101101001100111
1011111001100111
1110111111100100
1101001111111001
1101011100110111
1001101111011110
0011111110111101
1111111110100111
0111011111101011
1010101111011110
0110101111111110
1101111000111101
0111001101110111
1101001111011011
1010111111110100
1100111110111101
1101011111011001
1111111011110100
1111111111001011
1011111011111010
1110111111110010
0011111111010111
1111111100111011
1110111011110110
1011111111011010
1110001010101111
0101111101111011
1100001111111110
1111110111111111
0110011101110111
1111001101100111
1111111111000101
1001111001111111
1101101100011111
0111101110101011
0111101101111011
0101101101111110
0111101111110001
0110111111110011
0010111101111110
1001101111011011
1101111111011010
0100001100111111
1011101001101110
0111101111011100
1110011110110011
0111101110110011
1111011101010111
1001111010110111
0111001111011111
1111111010111110
1110111011110011
0111111110001111
1001111011101111
1101111011010111
1101001011111111
1000111110010111
1010111001101011
1001111110010110
1110001110011011
0110001110110111
1101101001101011
1101101111100101
1110001111011101
1110001111010011
1111111101101101
1111111000101111
0111111100011111
1110111011011001
1001111101101111
1111101101000111
1110101101011010
1111111001111001
1101111011111110
1101001111101010
1110111011000111
1111001011110111
0101101010101111
1111111001011111
1111111010001111
0011111101111010
1001111101110101
1111001010011101
0111111111110110
0011101011111100
0111011100110111
1110001111111001
0100111110010111
1111011011010010
1111001101011110
1101011101011100
1100101111111101
1101101111110011
1111011011101011
0111111101101110
0101011101111110
1000111101110110
1111011000111111
0100111100110111
0111111001111011
1110101011111011
1111111011100110
1010101010111111
1111001011111110
1001101111111010
1011111111100101
1111011101011011
0110111111011101
1011111111001111
0111011011110011
0111001111111110
1111101111110100
1000111100110111
0110111111101111
1100001111101111
1011101010111001
1111101001111100
0111101001111111
1011111111100110
1110011011110101
1110111111010101
1110111110001111
1011111011100011
1110101011111101
0101111111111101
1111011001111010
0110101111111011
0111001110101111
0001111111111111
1100011111101010
1111111111111000
1111111111001110
1110011111001111
1001101110101111
1100101010110111
1100111111011101
1111111011101101
1100111101010111