1000111101011111
1101110010110111
1111101101101011
0101111111111111
1100001111111011
1110111111010010
1110101111101010
1101011011011111
1011111001111000
1101111101110111
1111011111101111
1101111101001111
1100111110011101
0111101011110001
1111011100110011
1011011111111000
0111110111111111
1111111011010101
1100110100111111
1110110000111111
1010010111111110
1001111101111010
1100110111001111
1001111001111110
1111101101110110
1111111000010010
0111111111011110
1110111111110001
1110111111001011
0111101001110011
0011111111110010
1111110101101110
0111111100110111
1001111111111101
1111011011111001
1111110000111101
0110111100011011
1100101111101011
0111111011111010
0111111010110110
1101101110110111
1000110111110111
1100111111111110
1101111011111011
1011111110111111
1110011000111101
1101111111111100
1011111111110101
1110011001110101
0110111111110011
0111111111111100
1011011011111101
1110011000011011
1011111111011100
1111101110101111
1110111110011001
0111111110100111
1010111011111110
0111011111111111
0110111111100110
1111111101001010
1111110101011110
1101010110110110
1101111110111010
0111101101101110
1101101011111111
1110101101111111
1101111100011011
1010111101101110
1001110111010011
1110101011110101
1110111010111110
1011111001011111
1010111111101010
1111100110110001
1011011011111110
1101011111110011
1010011011111011
1111111111101101
1101111111100111
0111101110111111
1111110101111011
1010111111111101
1111111100110000
1110100111100111
0111111101010111
1111010110111011
1011010001111111
1110010111111101
1101011010111101
1111001011110111
1111011000011010
0011111011111110
1111010111011111
1101011101111111
1011111011010110
1110011001010111
1110110011111101
1111111100001111
1111111101000011
1110110111011110
1111010101111110
1110111011111001
0110101111101110
1011110011110110
1111101011111010
1101010110111101
1011111101110111
1111101100111100
1110110111111011
1100011110111111
1110011101111001
1110100111111101
1110011110111010
1110111110101111
1111100111100011
1011111111001111
1011101111111111
1100111011110111
1111110011011010
0111111101100010
1110111100111001
1100111011011111
1001010111111011
1111111011101111
1111110010111110
0111111000011101
1111011011010110
1111001110111111
1110110110011101
1001011111110111
1110110011011111
1110010110110111
1110110101010101
1110010010111111
1111111110010101
1111110111010000
1111101111011111
1111111101011000
1011111101011010