0111111101111011
1111101101101011
0101111101111111
1000111111011111
1111011111110111
0110111011111111
1110010111101101
1111110011110101
1110110011101111
1110110100011111
1100110111110101
1011110111111011
0001011111111111
0111111001111101
1010110011111111
1011110101011110
1101111011101111
0001111011111011
1100111111010101
1101011011111111
1110001001011111
0111101101011100
1000011111111101
0111111001011111
1111011100011111
1111110111110110
1101111110111101
1110011101101011
1110111001111100
0100110111110111
0111101011110111
1101101011011111
1110110101101111
1110111010111011
1111001111111011
1111111110110100
1101110111111011
0111111011100111
1111110110111110
0111110011011101
0111011101011111
1011010111111111
0011110111110111
0110111111111101
1101111111011011
1100111111100101
0111110111100011
1010011000111111
1011111000011010
0111011100111101
0001111110011111
1110111111110110
0101111110101011
0001111111011101
0111100111111111
1001110111110101
1101111111111110
1010011110011011
1110101011110101
1001110010111111
1001111110100011
0011111011111101
1111110110110111
0110111110011111
1110011011111100
0111101111010100
0110110111101111
1011011111101111
1111101101011010
1011111000011100
1001011111111011
1110011111011110
1101110000011111
1111001111011101
1100111011111101
0011110000111111
1101110101011101
1110111110111100
0101010111011101
0111101011101101
0001110110111111
1111111111101110
1110100101111111
0111110010101011
1110011011011101
1111110011110011
0111011110111100
1111011011011100
1111100111011010
1111011101011101
1110000111111100
1101101111111101
0010111111011011
1111010101111111
1111110110101101
0111101001101111
1111101011111011
1110110011111110
0101111110110011
1011111111010101
1101100111110111
1111110001111011
1111011110111010
1011101111111111
0111111111010011
0011011110111101
1111111111001111
1001111000111111
1111111101110111
1111111111111001
1111101110111111
1111001011111101
0110011101101111
0101110111110101
0101110111010111
1101101111100111
1010011101111100
0111110101011100
0111111110011100
1110100011010111
1010110111110101
1111010010111101
0110010111011011
0001111011010111
1111110011011110
1101111101111011
1111110010011011
1100111010111111
0111011010111110
1110101011111110
0101101111110111
1010111110101101
1010011111111010