1110011110111111
0111011001110111
1000101111111111
1011000100111111
0111000111101111
1011111101000110
1111101110111010
1011000111101011
0111001011101101
0111111001110010
1101110111100011
1111101000111110
1111010101011011
0111110111010011
1111111110100111
1111011100011111
0011111111101111
1101001111011011
0110100101111111
1111100111101101
1110000111101110
1010011111111111
0010111101111101
1101110100001110
1011110010101111
1001011111111111
1111011011100101
1111110001100111
1111101111001111
0010110111110110
1111011110110110
1111110011001010
0111010100111011
0110110100101111
1100111110101100
0011111110010101
0110010011011110
1110101110101111
1100111111001110
1111011101100010
1101101111110111
1010111100110111
1011111111101010
1101111011010111
1111011011110011
1111011111111000
1001111101010101
1111011000111011
0111111111101011
1111100111011111
1111111110010110
0111011001011110
1111111010001110
1101111110101000
1111110010111011
0111111011001110
1101111111100001
1011100110101011
1111111100110110
1101011111010110
0101110101101101
1101101111111110
1011110100011111
0110111110111101
0111011111011001
1011111011101011
1010111001101111
1000111110011101
0111111011110101
1101010101110101
0011101111111110
1101100100111011
0111110111011010
1101110001111111
1111001001111110
1111110001101011
0010111000111110
0110111111011101
0111111010001111
1011001111011111
1110111111111011
1101111011110110
1011111100111101
0100111011101110
1011111101001101
1111111000010111
1111101011111100
0111110111110001
0111011110011101
1011011111100111
0101111111100111
0111000011111111
0101111110111111
1111001111110111
0101111001111101
1011011110111011
1111100001111111
0010110101011111
1110101000111111
1111100010110111
1011011111111001
1011110011000111
1010110111011110
1001111011111110
0111110000111110
0101011011111010
0111101010110110
1001110111111111
0010111111011110
1111010110110111
1111111101110001
0111011110011110
1010101110111111
1101111010111111
1011011111111010
1010100101111111
0110111110011110
0110111111110100
1111011111001111
1110111111100110
0101111101111110
1111100110111110
1011111001011110
1111110110111001
0011101110110011
1111010011100110
1111001001111011
1011011001010111
1011111110110000
0011010101011111
0111100111110010
1011101011111111
1111011010110111
1101111011011011
1011101111011110
0111010111110111
1111111101100101
1111100111110000
1111110011101000
1101001101011111
1111010101101111
1111111100111001
0101111111011111
1111101101110111
1010111111001101
1101111100111010
1111111010111010
1110111110001101
1011111111011011
0011110111010111
1110111110110101
1011111011111101
1011110111111101
1111111011000011
1111111010111100
0110110101010111
0010111010011111
1111111011100100
0001101101111101
0011110011011110
1111101001101101
0000111111110101
1111110001111101
1101110101111000
1111001100111011
1101111100111100
0111100110111011
1110000011111111
0111001111011111
0011001110111111
1110101011110101
0101110111111100
1111111111011100
1010100111101111
1100110111111111
0111011011111001
1101111110110101
0111110101110101
0111101100111101
0110111001101111
0111011010101101
1111111000001111
1100111101011110
1011110101101111
0111111101111100
0111101011111011
1111101110110101
1011011110011101
1100111100110111
1111110100101011
0100011011111111
1111110001011110
0011011011110110
0111111101101110
1111110101011010
0101100111111011
1101110011101111
1110011111111100
0111110110010111
1100111101011101
1111101101101110
0001111101110111
1111010111101001
1110000101111111
0110100111110110
1011101110111101
0110110111000111
1101011111101111
1111101111011101
1110110111101101
1101111110011001
0111101010101110
1011111110101110
1110110011110111
1000111101010111
0011111101111011
1111011101011001
1110111100111101
1001111101101100
1000111011111111
0101011001111111
0111011010011011
1011111010110111
1111111001001110