1011111011011111
0110011001110111
0110111001111110
0111101101011110
1111010111101101
1001101111111110
0111011111110011
1110111010011111
0001001111111101
1011010011110101
0001110011111101
1011110111011111
0111111111111001
1111110100111111
1111110101111101
0101111011101111
0111110011110011
1100111000111111
1101101111011011
1111011011111001
0001110101111111
1111111101010011
0101110111011111
1111100011001111
1110011001011110
1111101011101010
0110111010110111
0101011111001011
0101011001011111
1011111101110101
1111011110110110
1111010111111001
1110001011101111
1011101011101011
0011111001111011
1011001111111011
1111011101111011
1100110011110111
1110011001011101
0110111110111011
1101110011110110
0110010011011111
1111110101110110
1101001111011110
0111111000111010
1111011100101111
0101110010111011
1011101101001111
0111101111110111
0011110111110101
1111010111010011
0110001001111111
1100110101111111
1101111010011010
0101010111111111
1101110010011110
0011011110111011
1101110111010011
1111111110010111
0110111100111111
1011011111101101
1011111011101000
1111100111111011
1011110111101011
1101001101110110
0001001111101111
1011111101011101
1110111111011010
1111111100110111
1101011111010111
1010111111111111
1110101001111110
1101011110111111
1101111110101111
0111011101100111
1100011011110010
1110110111110101
1110110011101010
0101101111011111
1011111101001110
0111111111101110
0111111001101011
1100010111111101
1111001111011010
1101111111101110
1110010111101011
1110001101110111
1111100001111111
1101110111100111
1100100011111111
1101010101011110
1110110101001111
1011100111101101
0101111011010101
0111010101011110
1101101001111010
1011110011111100
1011111101111100
1100010111111110
0111011110011111
1111001111110001
1110111111100111
0011101111111011
1110100111001111
1011011101111111
1101101011000111
0111010101010111
0101111110011011
1111110110100110
1111010011111010
1011101011111110
1011110001111110
1011111011100111
0111111111000101
0110010110111110
0100011111101011
0111001011001111
1111110011101000
1110111011110101
0011010111111011
1101101101001111
1011111110110111
1011001111011110
1001111011110111
1110111011001111
1111110101101110
1011111111011011
1111111111010110
1111110110110011
0100111110011111
1011011111101010
0101111010110010
0101110101101111
0101001111111010
1110010111001110
1101000011110101
1101111101111101
1101111101011010
1111111011100100
1111111001101010
0111110111101101
1110110011101101
1110011111101010
1111111101001001
1011101011110111
1111001111101100
0001111111011100
0111100111111111
1111111000011111
0100110111110010
1111011010100111
0110111010101111
0111010110110111
0001110111111110
1111111110101011
1101110011101011
0011010111110111
1111110101111011
0111110010001111
1111010001001111
1001111110111110
1101001111101001
1100111111111001
1100101011110011
1110001111111101
1110110011111000
0011111110001111
1011001011111111
1111001101011111
0110111111001011
0101111011011010
1111111110111101
1100101111111110
0101110011111100
1111111111100011
1001011011111011
0110111101110101
0100001011111111
0111011011111101
1110011111011011
1111110111110100
1101111101001011
1111110111011101
1111101110111111
1110010111110111
1110101101110110
0111011011011011
1111101111011101
0101111100111110
1111101101101101
0101111101110110
1011010011111110
1011101111110010
1110111100111110
1101000111110110
1111001101110101
1111010010011011
1001111111110110
0101101011111100